	sequences per sample	iteration	426	425	447	1017	1032	431	1035	1033	1145	1158	1034	758	1154	1140	757	1141	430	1018	1139	1019	1020	759	1031	1138	1016	427	440	437	424	836	834	837	841	832	838	844	842	831	429	839	843	1024	457	441	449	761	1142	1153	1040
alpha_rarefaction_10_0.txt	10	0	9.0	4.0	2.0	1.0	1.0	5.5	2.0	3.0	2.0	8.5	4.0	2.0	4.5	2.0	2.0	3.0	16.0	1.0	2.0	1.0	1.0	3.0	2.0	2.0	2.0	7.0	4.0	8.5	5.0	3.0	2.0	3.0	2.0	1.0	2.0	7.0	2.0	7.0	12.0	3.0	4.0	2.0	4.0	4.5	5.5	3.0	1.0	2.0	1.0
alpha_rarefaction_10_1.txt	10	1	8.0	5.33333333333	4.0	1.0	2.0	7.0	2.0	5.0	7.0	12.0	2.0	4.0	3.0	4.0	2.0	2.0	7.0	1.0	2.0	1.0	1.0	3.0	2.0	2.0	1.0	4.0	4.0	8.0	4.5	4.5	3.0	2.0	4.0	3.0	4.0	4.0	2.0	2.0	3.0	5.0	2.0	5.33333333333	2.0	3.0	3.0	3.0	1.0	3.0	2.0
alpha_rarefaction_10_2.txt	10	2	12.0	5.5	2.0	1.0	2.0	4.5	2.0	2.0	1.0	6.5	2.0	2.0	4.0	4.0	2.0	2.0	4.0	1.0	1.0	1.0	1.0	4.5	2.0	2.0	2.0	4.5	11.0	22.0	4.5	6.5	11.0	2.0	3.0	7.0	7.0	4.0	3.0	6.5	6.5	3.0	2.0	4.0	2.0	4.0	5.0	2.0	2.0	2.0	1.0
alpha_rarefaction_10_3.txt	10	3	3.0	5.0	2.0	1.0	2.0	8.0	2.0	2.0	4.5	12.0	1.0	2.0	7.0	2.0	3.0	1.0	3.0	1.0	1.0	1.0	1.0	5.0	1.0	3.0	1.0	9.0	5.0	3.0	2.0	2.0	11.0	4.0	2.0	7.0	7.0	3.0	1.0	3.0	6.5	4.0	7.0	4.5	2.0	4.0	5.0	2.0	1.0	3.0	1.0
alpha_rarefaction_10_4.txt	10	4	16.0	6.5	2.0	1.0	2.0	12.0	4.0	3.0	4.5	6.5	1.0	1.0	3.0	1.0	2.0	4.0	2.0	1.0	1.0	1.0	1.0	2.0	1.0	2.0	1.0	7.0	6.5	4.0	8.0	3.0	4.5	3.0	3.0	2.0	2.0	4.0	3.0	2.0	4.0	4.0	3.0	6.5	2.0	4.0	6.5	2.0	1.0	4.5	2.0
alpha_rarefaction_10_5.txt	10	5	9.0	4.0	1.0	1.0	4.5	5.0	2.0	3.0	2.0	13.0	2.0	3.0	3.0	1.0	2.0	2.0	2.0	1.0	1.0	2.0	2.0	2.0	1.0	2.0	1.0	6.5	6.5	13.0	8.0	4.5	7.0	2.0	4.5	2.0	4.0	2.0	5.33333333333	1.0	4.5	6.5	3.0	3.0	2.0	4.0	4.5	2.0	2.0	3.0	2.0
alpha_rarefaction_10_6.txt	10	6	11.0	4.0	2.0	1.0	2.0	5.33333333333	1.0	3.0	2.0	13.0	1.0	1.0	4.0	2.0	2.0	2.0	4.0	1.0	1.0	1.0	1.0	3.0	1.0	2.0	1.0	3.0	4.0	4.0	22.0	7.0	2.0	3.0	11.0	5.0	3.0	7.0	2.0	2.0	4.5	3.0	4.0	11.0	2.0	5.0	3.0	2.0	1.0	2.0	2.0
alpha_rarefaction_10_7.txt	10	7	6.5	3.0	4.0	1.0	4.0	4.5	2.0	1.0	1.0	4.0	1.0	2.0	4.0	1.0	2.0	1.0	4.0	1.0	1.0	4.0	1.0	5.0	1.0	2.0	1.0	5.0	4.0	8.5	8.0	6.5	2.0	2.0	3.0	4.0	1.0	3.0	2.0	4.0	11.0	2.0	1.0	3.0	1.0	4.5	7.0	3.0	1.0	3.0	2.0
alpha_rarefaction_10_8.txt	10	8	8.0	16.0	4.0	1.0	2.0	6.5	2.0	7.0	4.0	8.0	4.0	2.0	2.0	1.0	2.0	2.0	2.0	2.0	1.0	1.0	4.0	3.0	1.0	2.0	1.0	7.0	4.0	8.5	8.0	2.0	7.0	1.0	3.0	2.0	1.0	2.0	2.0	7.0	4.5	4.0	2.0	4.0	4.0	3.0	9.0	2.0	1.0	2.0	4.0
alpha_rarefaction_10_9.txt	10	9	4.0	5.0	1.0	1.0	2.0	16.0	2.0	2.0	2.0	12.0	2.0	2.0	5.0	1.0	3.0	2.0	1.0	1.0	1.0	1.0	2.0	4.0	2.0	2.0	1.0	11.0	5.33333333333	6.2	5.0	4.0	2.0	2.0	2.0	3.0	6.5	2.0	3.0	2.0	4.0	2.0	4.5	2.0	2.0	4.0	3.0	2.0	1.0	3.0	2.0
alpha_rarefaction_1009_0.txt	1009	0	59.3636363636	81.2	25.0	10.5	33.0	15.5	17.0	11.3333333333	10.5	27.0	17.0	29.0	17.0	7.5	14.5	6.0	24.0	13.0	7.33333333333	9.25	6.5	12.0	7.5	21.0	7.5	64.0	14.5	18.5	70.75	56.0	68.0	35.0	37.875	39.3333333333	37.0	22.5	26.5	62.3333333333	57.0	37.1666666667	51.75	8.0	13.0	12.6	18.0	12.0	5.0	12.0	3.0
alpha_rarefaction_1009_1.txt	1009	1	61.1428571429	54.5	19.0	10.0	27.0	16.0	12.0	14.75	11.0	38.0	13.0	15.3333333333	12.5	8.75	15.0	26.0	24.1428571429	13.0	4.0	14.0	11.0	10.0	8.5	14.0	8.25	38.5	16.6	21.0	53.0	29.75	45.5	43.3333333333	48.0	32.0	27.75	31.25	21.75	38.0	19.0	33.2	36.0	8.0	4.0	22.0	15.0	8.0	4.0	7.5	4.0
alpha_rarefaction_1009_2.txt	1009	2	62.9090909091	55.0	15.0	11.0	10.0	25.0	17.0	17.0	14.0	32.0	8.0	10.5	12.25	14.0	10.5	20.0	27.5	10.2	18.0	7.5	13.0	11.0	11.0	12.0	6.0	61.2	64.0	20.5	91.4285714286	33.0	34.0	28.0	33.0	86.0	37.0	29.4285714286	19.3333333333	36.0	24.3333333333	27.0	28.5	8.0	5.0	19.25	18.0	8.0	9.0	18.5	5.5
alpha_rarefaction_1009_3.txt	1009	3	54.5454545455	37.3333333333	22.0	7.0	16.0	16.5	12.3333333333	28.0	19.0	33.0	11.0	15.3333333333	15.0	12.0	14.0	19.0	18.0	13.0	14.0	6.0	11.0	19.0	8.33333333333	14.0	5.0	49.5	18.2	17.0	93.8571428571	35.5	46.2	30.0	67.0	48.0	31.5	24.2	15.0	73.0	40.0	38.0	28.1111111111	8.0	6.0	35.0	14.0	8.0	4.0	8.0	9.0
alpha_rarefaction_1009_4.txt	1009	4	57.6666666667	62.0	10.0	32.0	14.0	21.0	19.5	11.0	9.5	25.5	10.0	22.0	13.0	12.0	9.0	8.0	32.5	15.0	7.0	10.0	12.0	13.5	11.0	27.0	8.0	47.0	36.0	18.0	57.5454545455	38.25	35.0	21.0	24.3333333333	59.0	26.0	24.1428571429	20.3333333333	38.0	20.5	50.0	38.0	10.0	4.0	44.0	16.5	7.0	5.0	15.0	4.0
alpha_rarefaction_1009_5.txt	1009	5	86.0	63.125	15.2	7.5	17.0	13.0	18.75	12.0	11.0	31.6	12.0	13.0	14.75	7.0	8.0	25.0	29.0	11.0	5.0	6.5	6.0	12.0	7.0	14.0	5.5	53.75	46.0	19.5	63.1111111111	27.4285714286	49.0	23.0	38.25	28.3333333333	33.2	22.0	16.1428571429	35.4285714286	20.75	51.5	40.0	9.0	9.0	25.5	12.0	10.0	8.5	8.5	4.0
alpha_rarefaction_1009_6.txt	1009	6	78.1	74.1428571429	18.3333333333	19.0	18.5	13.0	18.0	19.0	12.0	26.6666666667	18.5	11.3333333333	12.3333333333	10.0	11.0	16.0	33.0	12.5	9.2	8.5	6.5	16.0	18.5	13.0	6.5	60.0	19.3333333333	16.0	82.0	29.6666666667	49.0	43.5	50.5	22.0	33.3333333333	36.0	41.5	204.0	40.0	31.0	36.25	8.0	4.0	10.0	26.0	13.0	5.0	8.5	5.0
alpha_rarefaction_1009_7.txt	1009	7	66.1	59.5	13.25	11.0	18.5	19.0	12.0	14.0	11.0	35.0	21.5	13.75	17.0	9.75	20.0	7.0	21.375	25.0	8.25	14.0	6.0	10.0	9.0	21.0	9.0	69.0	20.3333333333	18.75	56.0	27.5	25.5	26.6	64.0	37.0	25.75	30.5	24.25	34.2	23.0	39.1111111111	37.0	8.0	4.0	15.0	13.0	13.0	6.0	19.0	5.0
alpha_rarefaction_1009_8.txt	1009	8	63.5454545455	67.75	12.0	10.75	13.0	18.0	14.0	13.0	9.0	34.0	10.5	13.0	16.3333333333	15.0	21.0	8.5	17.25	13.5	8.5	9.0	11.0	12.0	7.0	16.0	6.0	50.875	33.0	19.0	95.2	37.5	33.8571428571	33.875	28.75	35.0	29.0	28.0	20.0	31.875	26.5	29.5	29.2	8.0	4.0	12.75	13.0	7.0	13.0	8.0	4.0
alpha_rarefaction_1009_9.txt	1009	9	77.6666666667	58.5	16.0	32.0	14.0	13.5	15.3333333333	15.5	12.0	21.0	6.0	12.0	11.3333333333	15.0	12.0	11.5	45.3333333333	23.3333333333	9.5	10.5	7.0	12.0	11.0	17.0	9.0	62.5	27.5	17.3333333333	105.75	27.5	44.3333333333	40.3333333333	37.0	22.25	29.75	36.0	23.0	37.5	17.3333333333	31.0	59.0	8.0	3.0	14.0	19.0	11.5	5.0	9.5	8.0
alpha_rarefaction_2008_0.txt	2008	0	89.0769230769	137.5	20.0	9.25	46.5	47.0	14.0	20.5	26.3333333333	30.3333333333	12.3333333333	17.2	20.0	12.0	12.0	11.5	49.3333333333	27.0	8.5	17.75	12.0	31.0	8.33333333333	19.5	9.0	65.0	31.0	20.5	86.0	48.1428571429	54.0	38.25	45.0	28.6	32.0	38.25	40.2	52.5	24.5	41.0	38.0	8.0	9.0	37.0	14.0	11.0	8.5	12.25	7.5
alpha_rarefaction_2008_1.txt	2008	1	107.0	71.125	27.5	9.0	24.0	22.0	22.0	18.5	14.0	34.0	12.5	25.0	13.0	20.5	15.0	10.3333333333	39.0	47.5	8.5	11.6	15.0	30.0	25.0	25.3333333333	7.5	74.0	33.5	19.0	66.0	41.0	46.1	30.0	78.5	27.625	32.25	39.25	30.0	61.0	22.6	44.3333333333	53.2	8.0	9.0	15.5	16.3333333333	10.0	13.0	8.0	7.5
alpha_rarefaction_2008_2.txt	2008	2	134.0	67.6666666667	20.3333333333	16.0	26.5	23.0	11.3333333333	16.0	20.0	34.5	9.0	28.0	13.0	15.3333333333	18.5	16.0	40.0	16.0	15.0	11.75	32.0	13.25	7.0	25.3333333333	8.33333333333	76.3	30.6	21.0	76.25	31.0	51.125	36.0	73.0	21.4285714286	36.3333333333	89.0	49.75	47.0	25.6666666667	37.625	29.6666666667	9.0	6.5	24.0	18.0	10.0	11.0	11.5	7.5
alpha_rarefaction_2008_3.txt	2008	3	106.75	97.0	45.0	13.0	15.5	23.0	22.5	22.0	19.5	29.5	19.0	17.0	20.5	4.0	17.0	12.0	28.3333333333	18.3333333333	14.3333333333	11.2	16.0	23.5	21.0	10.0	83.0	62.75	35.0	22.0	60.0	32.5	63.5	29.0	44.0	49.75	37.2	34.1428571429	45.1666666667	47.4285714286	29.25	50.6	45.75	8.0	4.0	22.5	27.0	9.5	9.0	15.3333333333	8.5
alpha_rarefaction_2008_4.txt	2008	4	83.8125	64.5625	18.0	11.0	16.0	43.5	17.0	26.5	13.25	31.5	11.25	14.0	18.0	10.75	35.0	18.0	29.75	35.0	13.0	19.5	13.0	19.0	11.0	21.25	10.75	87.25	46.5	18.0	85.6666666667	40.2	49.6666666667	33.0	45.4285714286	43.0	34.25	42.2	51.0	89.5	30.6666666667	31.2	50.375	8.0	5.0	20.75	20.0	10.3333333333	4.0	9.0	6.0
alpha_rarefaction_2008_5.txt	2008	5	74.3333333333	82.0	23.5	10.25	19.0	19.0	25.5	22.3333333333	31.0	27.0	11.5	22.0	13.0	27.0	14.5	15.0	30.0	16.6666666667	11.0	18.0	12.0	16.0	13.0	24.0	13.0	89.0	29.6666666667	28.0	93.6666666667	47.75	56.75	34.3333333333	44.0	42.6	36.6	36.0	39.75	37.6	28.5	59.5	48.0	8.0	6.5	18.0	18.5	9.0	13.0	8.33333333333	5.0
alpha_rarefaction_2008_6.txt	2008	6	74.4	81.1	28.5	10.5	23.0	47.0	17.3333333333	28.5	19.0	26.4285714286	11.0	21.5	23.5	15.0	18.0	10.25	25.75	25.3333333333	40.0	23.5	12.0	15.0	9.5	14.0	7.5	87.6666666667	28.25	18.0	67.1111111111	38.0	53.0	36.0	36.5	53.0	37.3333333333	44.3333333333	28.0	48.25	28.0	37.0	81.3333333333	9.0	18.0	67.5	16.0	8.0	7.0	9.0	18.0
alpha_rarefaction_2008_7.txt	2008	7	79.1	62.0	21.3333333333	12.6	25.5	34.0	18.3333333333	14.2	11.5	32.75	15.3333333333	24.5	16.0	15.0	21.0	11.25	28.5	17.3333333333	8.0	13.0	12.0	10.0	18.5	17.0	12.0	67.3333333333	40.2	18.5	62.4285714286	39.2	39.5	31.6	50.6	42.3333333333	28.3333333333	34.5	64.0	63.0	26.5	96.0	45.1666666667	8.0	8.5	34.0	17.5	6.0	8.5	20.0	10.0
alpha_rarefaction_2008_8.txt	2008	8	102.909090909	67.7692307692	18.0	21.0	14.75	22.0	15.0	19.2	36.0	37.0	20.5	17.0	15.5	14.3333333333	23.0	13.5	31.75	11.0	9.33333333333	25.5	10.0	15.0	21.0	15.0	16.0	57.5	44.6	21.0	61.875	70.0	45.0	30.0	60.5	37.0	34.2	50.5	24.5	49.25	30.25	94.5	61.0	8.0	4.0	18.3333333333	16.5	8.0	8.5	13.0	6.0
alpha_rarefaction_2008_9.txt	2008	9	96.0	109.142857143	28.5	10.5	24.0	28.0	18.0	21.0	20.0	38.2	15.0	16.5	14.0	9.0	23.0	10.3333333333	32.2	18.0	14.0	12.0	7.0	27.5	11.3333333333	13.75	19.5	69.0	32.2	19.0	52.5454545455	40.1428571429	55.75	30.2	31.5	32.0	41.25	49.5	32.5	56.125	29.5	40.0	54.0	8.0	6.0	17.3333333333	18.0	11.0	31.0	12.0	7.5
alpha_rarefaction_3007_0.txt	3007	0	101.75	71.5	27.0	13.75	17.5	29.5	17.5	23.75	15.0	52.0	11.0	27.0	14.0	35.0	17.3333333333	9.0	66.0	27.0	10.3333333333	18.5	14.0	15.5	19.0	35.0	14.0	77.0	40.25	23.0	74.5454545455	64.25	46.0	29.0	60.75	35.5	36.0	88.5	45.2	54.3333333333	27.0	44.5	38.2	9.0	4.0	27.0	20.0	8.0	11.0	11.5	11.0
alpha_rarefaction_3007_1.txt	3007	1	94.7142857143	70.4615384615	26.0	16.3333333333	20.0	27.0	22.2	20.0	24.0	38.6666666667	29.0	16.6	18.5	21.0	21.0	18.0	28.0	24.0	10.6	17.0	12.75	25.0	14.5	37.0	15.0	79.0	45.0	25.0	103.0	43.0	40.5	74.5	55.5	34.8571428571	77.0	56.75	34.5	49.8571428571	60.25	62.0	51.5	9.0	6.5	16.75	23.0	8.0	12.0	12.0	9.0
alpha_rarefaction_3007_2.txt	3007	2	111.833333333	68.75	21.3333333333	12.25	14.0	51.5	24.5	23.0	18.0	35.0	15.0	32.0	32.0	17.0	15.2	12.3333333333	37.0	44.0	12.0	16.0	10.5	20.0	9.0	17.0	15.0	76.3	37.0	25.0	135.142857143	41.0	41.5	62.0	46.1666666667	33.0	77.0	92.0	34.0	56.375	34.6666666667	55.1111111111	45.0	8.0	9.0	21.0	19.0	11.5	14.0	13.0	14.0
alpha_rarefaction_3007_3.txt	3007	3	95.0	105.428571429	47.0	18.0	17.0	31.2	16.0	19.0	53.0	52.3333333333	10.5	18.6	15.3333333333	27.0	13.75	14.0	33.0	20.625	33.0	17.3333333333	24.5	13.5	12.5	19.75	9.75	91.6	31.6666666667	23.0	94.4285714286	54.0	45.1666666667	65.2	43.2	46.0	36.25	118.0	37.1666666667	60.0	48.3333333333	50.75	43.2	10.0	8.5	42.5	17.0	14.0	14.0	16.0	9.5
alpha_rarefaction_3007_4.txt	3007	4	103.071428571	65.5	22.0	11.0	16.5	23.0	23.75	23.0	16.2	38.25	18.0	18.5	21.0	11.0	45.0	11.0	32.0	18.3333333333	12.0	10.5	21.0	18.0	10.5	45.0	15.3333333333	85.4285714286	29.0	32.0	75.5	52.2	57.1428571429	41.0	58.5	36.0	40.0	39.875	31.6	46.875	31.25	61.2	39.5	8.0	4.0	21.0	20.0	9.0	5.0	9.0	9.0
alpha_rarefaction_3007_5.txt	3007	5	107.0	78.25	21.3333333333	14.0	33.0	27.0	20.0	26.5	18.3333333333	37.25	22.5	27.0	20.2	8.0	16.0	12.0	37.0	21.0	15.0	14.0	16.0	17.0	10.5	21.0	11.5	79.0	31.6	22.3333333333	88.0	56.5	61.6666666667	56.0	46.1666666667	36.0	54.0	57.0	33.0	43.0	42.0	66.8571428571	52.6	8.0	9.0	39.0	17.3333333333	13.0	10.0	15.0	9.25
alpha_rarefaction_3007_6.txt	3007	6	117.214285714	90.25	26.25	17.0	20.0	22.0	23.5	16.5	38.0	32.5	17.0	22.75	14.0	21.5	36.0	15.0	38.0	18.3333333333	9.0	15.0	13.5	20.0	24.0	25.5	11.0	85.75	28.5	24.0	85.0	44.5	40.3333333333	36.2	55.125	51.0	46.0	52.1666666667	25.75	52.1	31.5	55.6	50.75	8.0	11.0	28.6	20.0	14.0	7.5	10.5	14.0
alpha_rarefaction_3007_7.txt	3007	7	97.75	90.0909090909	31.5	10.0	15.25	48.0	28.3333333333	22.0	17.0	35.5	20.0	27.3333333333	14.5	20.5	19.0	10.5	39.5	18.0	14.0	12.5	16.5	14.5	11.5	22.25	21.0	91.0	37.0	19.0	72.6666666667	48.0	48.1111111111	32.0	51.75	45.0	44.0	59.25	45.3333333333	60.2	24.6	46.25	37.5	9.0	18.0	35.75	23.0	9.0	14.0	9.33333333333	15.0
alpha_rarefaction_3007_8.txt	3007	8	133.571428571	111.0	29.0	12.5	11.0	26.5	23.5	17.75	18.3333333333	42.0	18.0	26.0	34.0	15.0	14.6	10.0	32.1428571429	31.0	9.0	29.0	40.0	22.0	13.0	17.5	9.33333333333	68.4285714286	48.5	21.5	80.4615384615	51.0	52.6	61.3333333333	83.0	48.1666666667	54.5	52.5	37.0	59.1666666667	33.0	64.4285714286	41.0	9.0	5.0	39.3333333333	18.5	10.0	4.0	12.0	9.5
alpha_rarefaction_3007_9.txt	3007	9	105.555555556	70.9090909091	28.0	38.3333333333	20.3333333333	22.0	15.6	18.75	22.0	51.0	11.5	22.75	17.0	12.5	26.5	11.5	38.5	26.5	14.0	23.6	22.5	20.0	10.3333333333	19.0	10.5	87.0	40.0	23.0	118.0	40.6	50.375	38.0	63.75	36.0	45.1666666667	70.0	34.625	52.2	51.5	47.0	44.1428571429	8.0	8.5	29.3333333333	22.0	11.0	6.5	17.3333333333	5.0
alpha_rarefaction_4006_0.txt	4006	0	110.0	86.8125	32.3333333333	19.0	33.0	22.3333333333	14.3333333333	24.75	62.0	31.2	13.25	17.6	25.5	14.0	29.3333333333	13.0	48.0	56.0	15.0	25.3333333333	18.0	20.0	45.5	24.5	11.5	75.1111111111	32.25	24.0	98.25	42.5	54.6	44.0	72.2	41.4285714286	40.0	79.25	47.3333333333	82.2	32.0	77.5	44.1428571429	9.0	8.5	34.25	27.5	10.0	8.33333333333	10.3333333333	8.0
alpha_rarefaction_4006_1.txt	4006	1	105.666666667	98.25	20.5	14.0	15.5	31.3333333333	22.0	25.3333333333	18.5	43.4285714286	35.0	33.0	29.0	25.5	19.3333333333	14.3333333333	35.2	22.5	10.3333333333	15.2	15.0	17.0	17.0	24.0	13.75	74.5	44.75	19.0	89.1	67.25	58.0	43.0	68.25	36.6666666667	60.0	34.625	56.75	73.375	41.25	60.1666666667	75.0	8.0	11.0	26.6666666667	24.0	15.0	8.0	15.0	11.0
alpha_rarefaction_4006_2.txt	4006	2	96.125	81.1538461538	25.5	28.3333333333	15.0	26.1428571429	33.0	20.2	40.0	33.6666666667	15.0	17.0	18.5	11.0	21.5	12.5	29.0	22.0	13.0	20.0	21.0	16.75	11.2	22.0	15.0	89.1	62.0	25.0	95.0	48.1111111111	48.8571428571	34.0	67.0	58.0	43.625	73.0	41.0	60.375	34.6666666667	61.1666666667	55.5	9.0	8.5	25.0	20.0	13.0	12.0	9.0	16.0
alpha_rarefaction_4006_3.txt	4006	3	108.368421053	110.1	27.5	30.0	28.3333333333	27.5	23.75	27.5	37.0	38.2	15.0	27.0	17.5	15.0	100.0	13.0	34.25	22.0	13.0	18.3333333333	15.0	26.6666666667	16.0	45.0	12.0	96.25	40.25	32.5	105.666666667	43.0	64.125	46.2	51.0	41.0	48.3333333333	48.0	44.0	78.1428571429	46.0	82.6666666667	65.75	8.0	4.0	31.5	19.0	9.0	11.0	12.0	10.0
alpha_rarefaction_4006_4.txt	4006	4	118.363636364	73.5714285714	23.75	22.5	15.0	52.0	18.2	25.5	33.25	48.0	20.0	47.0	40.0	19.0	27.2	17.3333333333	35.0	38.0	29.0	20.0	19.5	17.5	15.0	32.25	20.0	75.0	55.0	25.0	82.6	67.0	60.3636363636	43.0	56.0	45.0	69.2	59.0	41.0	90.5	43.75	51.0	48.2	8.0	11.0	27.6666666667	18.75	10.5	8.0	11.5	7.33333333333
alpha_rarefaction_4006_5.txt	4006	5	106.5	89.1111111111	22.3333333333	23.0	23.0	38.0	34.0	18.75	48.5	58.0	23.0	19.0	15.5	18.0	41.5	14.75	43.0	51.0	15.0	19.0	10.0	20.6666666667	30.0	16.2	21.0	76.1428571429	55.0	25.0	83.3333333333	94.5	60.1428571429	94.0	57.6	46.1428571429	52.6	40.5	103.0	174.0	45.75	68.0	48.5	8.0	6.5	36.0	19.0	15.0	32.0	11.0	10.25
alpha_rarefaction_4006_6.txt	4006	6	95.6666666667	89.8666666667	44.5	23.0	13.25	27.0	25.75	28.0	27.3333333333	38.5	25.0	29.3333333333	16.0	12.5	40.3333333333	11.5	49.0	14.25	19.1428571429	13.5	12.5	20.3333333333	18.0	17.5	21.5	80.3636363636	37.0	20.0	95.1111111111	63.0	49.3333333333	49.5	42.5	35.1428571429	52.5	80.25	36.1428571429	59.2727272727	42.25	98.5	41.6666666667	9.0	11.0	23.5	21.0	15.0	25.0	11.0	7.0
alpha_rarefaction_4006_7.txt	4006	7	116.882352941	79.5454545455	33.0	31.0	76.0	43.3333333333	27.0	36.0	25.25	39.0	44.0	24.0	34.0	12.0	30.2	10.0	34.0	31.0	15.0	18.0	17.0	37.0	17.0	22.0	7.0	98.625	39.0	25.0	89.9090909091	73.3333333333	55.0	37.0	50.3333333333	35.5	44.0	48.5833333333	63.3333333333	79.6	43.25	69.75	46.4285714286	9.0	8.5	30.2	21.0	13.0	7.5	14.0	8.33333333333
alpha_rarefaction_4006_8.txt	4006	8	88.5555555556	113.857142857	23.3333333333	19.0	18.5	36.25	19.0	69.0	32.0	26.3333333333	14.0	24.0	17.25	34.0	23.5	13.25	33.0	20.0	10.5	20.0	17.0	15.75	22.0	25.6666666667	10.25	100.666666667	34.0	21.5	85.75	47.4285714286	52.0	44.75	42.1428571429	36.5	43.0	60.0	32.6666666667	72.3333333333	52.0	61.3333333333	48.8571428571	8.0	14.0	28.0	22.0	28.0	9.5	16.5	12.0
alpha_rarefaction_4006_9.txt	4006	9	108.0	94.6666666667	28.0	15.0	32.0	64.0	27.0	47.0	30.2	40.0	15.0	15.5	16.2	21.5	26.0	16.0	36.2	30.0	29.0	14.0	28.0	16.0	36.0	21.0	18.0	88.8333333333	71.0	23.5	91.0	46.0	39.8	45.75	53.0	31.875	68.3333333333	68.0	85.5	63.3333333333	32.25	63.1428571429	46.0	9.0	9.0	34.0	20.0	28.0	14.0	13.5	7.0
alpha_rarefaction_5005_0.txt	5005	0	139.4	80.0666666667	21.5	27.3333333333	22.0	40.0	22.75	21.0	29.3333333333	38.25	25.0	43.5	23.0	13.25	37.0	12.0	45.0	78.0	20.0	19.0	21.25	29.5	24.0	24.6	18.0	81.6	42.25	21.0	96.5	60.6	55.6666666667	42.25	68.0	50.1428571429	90.5	45.1111111111	48.5	77.2	44.0	64.6	54.2	8.0	6.0	28.0	18.5	22.0	18.5	13.75	11.0
alpha_rarefaction_5005_1.txt	5005	1	123.909090909	98.0	36.0	18.3333333333	46.0	32.5	71.5	21.5	45.5	31.1428571429	12.25	28.0	20.0	25.5	21.3333333333	13.0	48.75	33.0	29.0	21.0	12.0	20.3333333333	22.5	23.2	15.0	73.5833333333	53.0	26.0	89.6875	47.4285714286	70.8571428571	52.6	46.0	51.125	46.8571428571	52.375	47.2	98.5	86.0	88.0	39.1111111111	8.0	14.0	23.0	26.5	11.0	20.5	21.5	14.0
alpha_rarefaction_5005_2.txt	5005	2	109.666666667	98.0714285714	27.5	37.0	29.5	51.75	18.75	23.3333333333	30.3333333333	37.3333333333	17.5	39.0	20.0	20.0	21.6666666667	13.0	43.3333333333	28.0	53.0	15.5	17.5	15.0	36.0	17.5	16.0	72.5	39.0	23.3333333333	101.0	90.3333333333	65.0	35.0	65.1428571429	50.6	65.0	68.4285714286	40.0	79.1428571429	38.1428571429	77.5	53.0	8.0	14.0	40.0	20.0	11.0	11.0	15.0	10.25
alpha_rarefaction_5005_3.txt	5005	3	100.571428571	87.9090909091	21.0	24.0	22.0	47.5	26.5	27.2	56.0	53.0	18.0	27.5	26.0	15.0	25.25	24.0	38.0	43.5	22.0	32.0	26.5	33.0	36.0	31.3333333333	15.3333333333	83.3333333333	37.0	33.0	118.363636364	48.5	56.1111111111	49.3333333333	41.5	60.0	54.6	82.75	40.0	82.6666666667	40.2	58.0	53.0	8.0	9.0	31.2	28.0	12.5	19.0	19.0	20.0
alpha_rarefaction_5005_4.txt	5005	4	154.666666667	80.6666666667	31.0	25.5	27.0	43.3333333333	19.6	26.0	22.4285714286	48.0	48.5	28.5	19.0	35.0	18.0	21.0	43.0	25.0	19.0	20.0	10.0	38.0	20.0	24.25	19.5	88.125	38.5	33.0	82.5	54.75	59.6666666667	47.75	77.0	44.4285714286	44.0	56.5	62.6666666667	89.25	43.0	55.0909090909	52.25	8.0	10.0	25.0	19.5	18.0	14.0	19.0	16.0
alpha_rarefaction_5005_5.txt	5005	5	129.909090909	81.0	37.0	25.0	18.0	35.25	20.5	25.0	20.5	44.3333333333	86.0	21.0	17.75	21.0	23.0	15.5	47.75	26.0	21.5	30.0	19.0	16.25	20.0	19.3333333333	34.0	88.8333333333	56.75	22.5	105.666666667	54.25	58.125	56.2	99.5	38.1428571429	53.6	64.0	56.0	67.2	33.0	89.0	48.625	9.0	24.0	25.5	22.0	15.0	10.5	29.0	9.0
alpha_rarefaction_5005_6.txt	5005	6	123.625	91.0	25.0	20.0	20.0	39.0	33.0	22.0	17.0	35.0	31.0	21.3333333333	17.3333333333	33.0	30.3333333333	15.0	54.3333333333	37.0	15.0	22.5	28.0	16.75	53.0	21.0	30.0	87.4285714286	35.0	24.0	86.0	63.0	53.25	44.25	55.1666666667	45.1666666667	74.5	48.75	59.0	83.1428571429	39.0	61.5	59.0	9.0	14.0	32.5	18.3333333333	18.0	32.0	15.0	17.0
alpha_rarefaction_5005_7.txt	5005	7	113.0	75.0	31.5	18.3333333333	77.0	36.25	41.0	40.0	20.0	34.8571428571	30.0	28.0	17.5	36.0	35.75	11.0	44.0	19.2	12.3333333333	54.0	16.0	23.0	37.0	37.0	61.0	86.3	35.5	24.5	90.6	68.0	64.0	72.0	67.2	45.25	59.0	38.1111111111	46.0	61.0	30.1428571429	67.0	58.0	9.0	5.0	28.0	21.0	14.0	14.3333333333	19.0	12.0
alpha_rarefaction_5005_8.txt	5005	8	133.272727273	96.0714285714	25.25	23.5	20.0	48.0	28.25	34.5	24.2	44.2	17.0	29.0	23.3333333333	27.5	38.0	20.0	54.3333333333	16.75	15.5	23.5	17.0	14.5	26.3333333333	32.0	61.0	65.1428571429	32.2	26.0	91.6	53.5	60.6	39.5	47.5	39.2727272727	69.3333333333	53.1111111111	49.375	58.375	34.25	59.375	51.1666666667	8.0	12.0	38.0	30.0	12.0	12.0	15.0	13.0
alpha_rarefaction_5005_9.txt	5005	9	132.066666667	116.363636364	36.0	37.0	18.0	28.5	30.3333333333	18.0	27.0	42.0	12.0	36.0	19.0	15.0	38.2	15.5	69.0	20.5	12.0	43.0	13.5	20.3333333333	10.0	26.0	19.5	92.0	32.0	28.3333333333	111.071428571	55.2	51.1666666667	44.0	80.0	45.3333333333	56.5	52.5	36.5454545455	118.0	48.2	68.0	66.0	9.0	15.0	63.0	17.0	12.25	33.0	13.5	13.3333333333
alpha_rarefaction_6004_0.txt	6004	0	100.571428571	101.0	49.0	18.3333333333	14.0	43.0	25.2	31.6	26.25	39.75	17.0	33.5	25.0	13.2	35.0	13.0	51.0	21.3333333333	18.3333333333	32.0	18.3333333333	25.2	31.0	27.0	29.0	91.5714285714	40.4285714286	26.0	102.090909091	55.25	55.6666666667	54.1666666667	80.0	77.25	55.1111111111	72.5	43.1666666667	94.5	51.3333333333	60.1428571429	52.0	9.0	10.0	29.0	22.0	16.0	19.5	10.0	21.0
alpha_rarefaction_6004_1.txt	6004	1	113.153846154	95.0526315789	22.0	76.0	23.0	49.0	47.5	24.0	31.4285714286	44.5	28.3333333333	28.25	27.5	20.0	28.2	14.0	48.0	40.0	37.0	27.5	19.0	25.25	14.0	37.0	17.0	82.5454545455	48.2	39.0	107.666666667	58.75	61.6	68.5	80.5	66.0	60.2	60.0	46.6666666667	60.6666666667	41.2	63.5	55.75	9.0	9.0	30.1428571429	20.0	14.0	22.5	30.0	11.2
alpha_rarefaction_6004_2.txt	6004	2	115.0	99.0714285714	30.0	15.0	24.0	40.75	19.0	27.5	25.0	45.5	20.75	28.5	19.0	20.0	51.0	13.3333333333	74.0	67.0	44.0	20.0	15.5	26.5	27.5	25.0	11.25	99.6	43.25	21.5	87.75	92.75	56.2	45.1666666667	73.6666666667	61.1428571429	69.25	59.0	45.0	70.1428571429	33.5	91.0	62.2	8.0	9.25	28.6666666667	26.0	18.0	10.5	24.0	8.5
alpha_rarefaction_6004_3.txt	6004	3	114.714285714	103.5	19.6	32.25	35.25	41.2	36.0	18.0	30.0	31.6	23.5	27.2	18.5	32.0	32.0	16.0	81.25	39.0	24.0	31.0	13.3333333333	20.5	54.0	31.3333333333	29.0	93.0	45.75	29.3333333333	98.8333333333	71.25	60.125	40.625	66.2	47.6	71.5	71.0	56.0	69.0	49.2	54.875	67.0	8.0	21.5	47.2	42.0	16.0	14.3333333333	14.0	11.75
alpha_rarefaction_6004_4.txt	6004	4	128.0	94.1538461538	42.0	24.5	35.0	32.2	31.0	25.75	31.4285714286	38.0	14.5	20.0	35.0	25.0	25.6	16.0	60.0	29.5	54.0	17.0	15.0	33.0	36.0	34.0	17.0	83.125	86.5	24.0	91.125	51.4285714286	59.75	42.5	65.2	51.0	80.6666666667	70.4285714286	43.1666666667	96.1428571429	37.6	79.0	49.5	9.0	11.0	24.6666666667	18.25	10.5	21.0	14.5	15.0
alpha_rarefaction_6004_5.txt	6004	5	123.545454545	136.166666667	49.0	20.0	27.0	28.2	27.5	30.0	42.5	55.3333333333	55.0	44.3333333333	27.5	17.0	25.2	18.0	45.0	57.0	21.5	19.3333333333	46.5	25.5	22.5	28.0	15.0	90.1428571429	48.2	32.0	104.0	60.0	87.25	43.5	47.0	49.75	60.3333333333	67.8571428571	36.0	75.375	45.25	116.333333333	67.0	9.0	16.0	46.5	22.0	13.5	15.0	36.0	13.0
alpha_rarefaction_6004_6.txt	6004	6	114.333333333	95.5	32.3333333333	18.3333333333	21.3333333333	36.0	21.0	24.5	30.0	43.0	26.5	38.0	17.3333333333	20.0	27.0	12.0	46.0	102.0	15.0	26.0	24.0	17.75	22.5	46.0	18.0	82.5	71.0	26.0	109.076923077	75.2	67.1428571429	43.0	61.3333333333	50.75	65.6666666667	56.5	47.75	79.2	50.0	63.0	58.0	8.0	11.0	52.0	21.0	13.0	15.0	13.5	17.0
alpha_rarefaction_6004_7.txt	6004	7	129.0	93.1	28.25	36.0	34.0	37.1666666667	35.0	51.0	29.3333333333	37.5	19.3333333333	42.5	35.0	14.5	35.0	18.0	58.0	49.5	19.0	27.5	18.75	21.3333333333	18.0	56.0	33.75	83.3333333333	56.75	33.0	93.7692307692	66.2	51.8571428571	45.0	56.0	46.25	60.0	50.4285714286	48.6666666667	83.6	35.2	58.25	58.0	9.0	10.75	27.625	24.0	14.25	9.5	18.0	9.0
alpha_rarefaction_6004_8.txt	6004	8	113.25	107.083333333	46.3333333333	26.5	48.0	27.25	42.0	22.75	32.0	39.0	18.5	24.3333333333	18.0	17.0	31.2	13.0	63.5	28.0	12.3333333333	21.0	26.5	33.0	22.5	51.0	24.0	77.25	59.0	26.0	91.0	47.0	78.3333333333	43.1666666667	60.6	80.0	67.6666666667	63.0	63.25	92.0	48.0	69.1428571429	54.4285714286	8.0	8.33333333333	36.0	25.0	12.5	12.0	15.0	15.0
alpha_rarefaction_6004_9.txt	6004	9	128.588235294	102.6	82.0	23.5	19.0	29.6666666667	39.0	44.0	31.3333333333	52.0	47.5	32.0	28.5	20.0	34.0	15.5	62.0	39.0	21.5	14.75	25.5	22.75	37.0	30.3333333333	26.0	94.1111111111	81.75	28.3333333333	113.0	51.4285714286	47.6	42.0	68.4285714286	47.0	52.0	58.0	34.0	79.8571428571	39.2	64.0	65.5	8.0	8.33333333333	41.0	28.5	16.0	15.0	14.0	10.0
alpha_rarefaction_7003_0.txt	7003	0	121.4	104.4	30.25	20.0	23.0	31.6	21.5	24.3333333333	46.5	40.0	21.0	39.0	22.0	15.5	46.5	14.5	51.0	90.0	14.5	21.75	31.0	24.0	41.5	26.0	13.75	79.1111111111	43.0	21.0	116.4	65.125	60.2	65.0	71.0	66.0	198.0	55.2727272727	37.3636363636	61.0909090909	51.5	89.875	50.0	9.0	7.5	24.4285714286	23.0	12.0	21.0	14.0	11.0
alpha_rarefaction_7003_1.txt	7003	1	124.0	97.3529411765	32.5	22.0	21.0	58.25	22.0	34.3333333333	60.0	50.0	31.0	35.0	22.0	32.0	29.5	16.0	34.0	43.3333333333	20.0	25.0	18.3333333333	22.3333333333	23.5	26.5	17.5	78.8	73.2	27.0	101.588235294	55.0	54.0	87.75	82.1428571429	60.5	62.0	112.0	79.25	73.0	58.0	56.0909090909	56.4285714286	9.0	13.0	41.2	24.0	12.0	17.0	18.0	10.5
alpha_rarefaction_7003_2.txt	7003	2	123.3	89.1111111111	38.0	17.5	20.0	39.0	26.0	34.2	31.0	38.25	21.5	36.0	68.0	34.0	25.25	20.0	60.0	80.5	24.0	45.0	22.5	19.0	41.5	36.25	20.0	98.125	58.0	22.0	117.666666667	79.6	72.0	39.3333333333	62.0	64.0	55.1111111111	69.0	48.0	72.0	52.6	61.1	57.0	9.0	8.33333333333	31.6	28.5	16.0	16.0	27.5	10.3333333333
alpha_rarefaction_7003_3.txt	7003	3	117.076923077	113.909090909	38.25	22.0	25.0	48.2	24.75	21.0	89.0	52.0	28.0	32.5	28.5	31.0	43.0	13.5	81.0	26.6666666667	19.0	25.0	21.5	49.5	45.0	21.0	12.0	78.0	64.25	22.0	92.7142857143	65.125	48.0	42.4285714286	52.0	57.1666666667	70.5	101.0	63.0	78.375	66.3333333333	64.1428571429	72.0	9.0	7.0	34.2	21.0	29.0	13.0	16.0	10.3333333333
alpha_rarefaction_7003_4.txt	7003	4	127.083333333	105.666666667	40.75	56.0	19.2	53.75	29.0	26.0	57.3333333333	46.6	19.5	28.5	29.5	24.5	25.25	26.0	62.5	24.0	42.5	16.75	17.0	30.3333333333	64.0	25.5	35.0	92.3	50.5	24.5	97.0588235294	72.6666666667	83.0	42.4285714286	85.2	44.0	58.0	78.1428571429	55.1666666667	63.8	52.3333333333	66.6666666667	51.0	9.0	8.0	29.0	26.0	15.0	27.0	23.5	10.3333333333
alpha_rarefaction_7003_5.txt	7003	5	169.0	115.5	33.3333333333	29.0	27.0	53.75	22.0	53.5	56.3333333333	42.25	24.5	40.0	19.75	26.0	28.6666666667	20.0	58.5	50.5	22.5	31.0	22.0	31.3333333333	86.0	23.6666666667	23.0	79.0666666667	40.1428571429	28.0	114.0	48.9090909091	55.25	58.1428571429	63.125	70.2	77.0	76.75	48.75	86.1428571429	43.0	100.166666667	69.75	8.0	13.3333333333	34.0	22.0	11.5	21.0	15.0	12.0
alpha_rarefaction_7003_6.txt	7003	6	105.214285714	103.25	48.5	31.0	53.0	39.25	23.3333333333	45.0	23.0	46.5	23.25	30.0	23.0	37.0	32.0	13.5	44.3333333333	36.25	20.0	33.0	25.0	23.75	18.3333333333	35.25	38.3333333333	115.5	52.6	23.3333333333	120.545454545	64.125	66.1666666667	57.1666666667	76.1111111111	54.6	66.4285714286	45.8	50.6	73.1538461538	53.5	65.0	53.25	9.0	11.0	47.5	23.5	22.5	34.0	19.0	9.0
alpha_rarefaction_7003_7.txt	7003	7	140.75	112.083333333	41.0	37.0	42.0	35.5	25.0	25.0	28.25	51.0	17.0	32.3333333333	20.0	12.0	33.0	19.0	110.0	36.0	19.0	32.0	20.3333333333	18.2	19.0	30.3333333333	20.0	87.0	51.6	34.0	98.4	69.1428571429	56.5	48.25	61.0	62.75	73.4285714286	66.0	70.5	75.8333333333	45.1666666667	76.2727272727	51.4285714286	9.0	14.3333333333	38.25	35.0	17.3333333333	18.5	22.5	13.0
alpha_rarefaction_7003_8.txt	7003	8	123.428571429	106.666666667	29.6	16.0	35.0	42.2	26.5	49.5	132.0	38.75	30.0	31.3333333333	25.0	20.0	30.0	11.0	64.0	30.3333333333	16.5	17.0	20.0	21.3333333333	14.5	65.0	36.0	86.0769230769	49.375	35.0	91.0	72.0	57.3333333333	44.0	65.5	54.1	68.0	64.3	45.1666666667	72.9090909091	45.8571428571	60.25	66.5	8.0	9.25	33.0	19.25	12.0	13.0	31.0	10.5
alpha_rarefaction_7003_9.txt	7003	9	122.0	100.0	23.5	18.0	78.0	35.4285714286	25.0	28.0	24.75	62.5	99.0	43.0	21.5	30.0	41.6	26.0	36.75	23.3333333333	32.0	48.5	13.5	34.0	17.0	26.2	20.0	90.0	49.0	19.0	103.0	63.1111111111	95.4285714286	44.8571428571	47.0	52.1428571429	63.1111111111	66.4285714286	65.25	82.75	41.4285714286	73.0	60.0	9.0	18.0	43.2	20.75	17.3333333333	27.0	37.0	11.5
alpha_rarefaction_8002_0.txt	8002	0	127.3	117.25	55.5	54.0	72.5	40.0	25.3333333333	33.0	27.2	39.0	17.0	44.3333333333	31.0	33.0	31.3333333333	21.0	70.0	21.0	20.0	40.5	13.3333333333	29.0	27.3333333333	44.5	15.0	93.3	39.1428571429	27.3333333333	113.666666667	59.0	57.8	45.0	96.3333333333	75.1428571429	72.0	73.375	73.0	72.9090909091	47.25	63.6666666667	75.0	9.0	12.0	32.6	26.0	37.0	22.0	23.5	12.0
alpha_rarefaction_8002_1.txt	8002	1	117.315789474	101.8125	27.0	24.5	58.0	61.3333333333	70.0	53.5	51.75	43.25	20.75	41.0	28.0	27.0	23.6666666667	22.0	82.0	31.3333333333	18.5	25.6	55.0	31.3333333333	23.5	37.0	17.0	99.0	64.25	30.0	103.666666667	62.2727272727	55.5833333333	56.6	112.0	49.8571428571	68.4285714286	78.0	51.2	76.1	36.5	119.166666667	69.75	9.0	13.3333333333	42.0	20.2	12.0	27.0	45.0	11.0
alpha_rarefaction_8002_2.txt	8002	2	126.0	105.111111111	39.0	27.3333333333	24.0	39.0	54.5	33.5	32.0	43.0	20.0	34.0	23.3333333333	25.0	37.25	21.0	52.0	28.0	64.0	23.5	20.75	22.0	75.0	27.5	33.0	97.1	44.0	26.5	109.0	89.0	55.5	54.375	96.3333333333	54.375	70.8571428571	72.2	72.5	83.1111111111	37.25	68.125	60.0	8.0	9.25	30.0	24.0	14.0	13.0	17.5	12.75
alpha_rarefaction_8002_3.txt	8002	3	132.071428571	94.875	40.75	31.0	39.0	43.2	46.6	43.0	41.5	47.3333333333	25.25	36.0	30.0	23.0	18.75	13.5	103.0	35.0	23.0	38.0	83.0	48.0	14.5	28.25	35.0	104.714285714	51.0	34.0	98.8333333333	56.6	67.3333333333	60.2	52.0	46.875	50.8571428571	61.3333333333	66.25	98.5	42.0	66.6666666667	54.1666666667	9.0	9.0	38.1666666667	25.0	16.0	9.33333333333	11.5	15.0
alpha_rarefaction_8002_4.txt	8002	4	112.0	91.75	29.0	22.0	44.5	36.0	29.2	38.0	37.25	47.2	33.0	27.25	16.0	28.3333333333	59.3333333333	15.0	63.75	45.5	20.75	34.0	66.0	22.3333333333	75.0	46.5	21.0	121.5	44.5	23.3333333333	120.0	55.1111111111	77.5	57.0	91.25	58.125	60.0	61.125	38.0	92.0	51.5	93.2	67.5	9.0	13.0	27.4285714286	22.5	14.5	32.0	18.3333333333	20.5
alpha_rarefaction_8002_5.txt	8002	5	135.0	95.6	56.0	23.0	23.0	41.75	23.0	61.0	59.0	40.2	31.0	42.0	23.0	17.0	43.5	14.3333333333	110.0	26.0	47.5	23.0	15.5	23.0	45.0	21.3333333333	21.5	109.666666667	59.0	22.3333333333	100.214285714	106.5	57.1111111111	67.6666666667	74.0	46.625	60.3333333333	61.5	51.2	71.3333333333	57.5	61.3333333333	65.1666666667	9.0	16.0	37.5	27.0	15.5	20.25	24.0	9.5
alpha_rarefaction_8002_6.txt	8002	6	133.545454545	98.1111111111	30.2	45.0	73.5	37.4285714286	49.5	67.0	41.5	52.25	24.5	31.0	22.0	16.5	22.0	16.5	59.5	40.0	113.0	25.0	31.0	20.0	24.0	29.0	19.0	130.0	60.75	34.0	117.6	70.5	74.0	74.6	126.5	102.0	69.6666666667	60.125	83.5	70.1111111111	37.75	70.1111111111	61.0	9.0	13.0	31.8	30.0	19.3333333333	23.3333333333	19.0	12.5
alpha_rarefaction_8002_7.txt	8002	7	129.0	99.0	55.5	32.0	27.2	37.875	29.0	25.4285714286	23.75	44.0	16.5	42.0	28.5	17.0	42.0	15.5	59.2	54.0	24.5	43.5	22.5	19.75	18.0	28.6	18.5	94.1428571429	45.1666666667	29.0	110.0	79.2	53.0	69.3333333333	65.125	67.25	63.3333333333	81.0	40.5	66.5454545455	60.0	79.5	59.0	8.0	6.0	36.625	22.0	17.0	28.0	13.5	11.0
alpha_rarefaction_8002_8.txt	8002	8	111.555555556	100.588235294	35.0	20.0	21.3333333333	36.0	32.2	59.0	65.0	49.0	32.0	79.0	20.5	26.0	28.6666666667	17.0	38.2	91.0	31.0	23.0	32.0	30.5	54.0	72.5	30.0	100.0	37.8	31.0	102.833333333	58.1428571429	63.1111111111	67.0	60.1428571429	72.4285714286	64.1428571429	85.6666666667	47.3333333333	75.0	45.0	63.6666666667	81.0	9.0	12.0	34.0	24.5	13.0	20.5	44.0	13.0
alpha_rarefaction_8002_9.txt	8002	9	132.142857143	93.9285714286	33.3333333333	24.5	30.5	50.2	49.5	38.0	35.875	38.5	32.0	26.5	22.0	17.0	40.75	18.0	70.3333333333	45.5	64.0	85.0	20.0	22.3333333333	42.5	57.0	24.0	105.5	68.0	27.2	107.428571429	64.1666666667	61.25	45.5	52.4285714286	45.0	77.25	51.5	53.0	65.75	45.1666666667	100.0	59.0	9.0	9.0	40.0	23.0	12.0	17.0	19.0	18.0
alpha_rarefaction_9001_0.txt	9001	0	146.909090909	94.0	36.4285714286	87.0	16.3333333333	36.0	26.3333333333	47.5	37.1666666667	57.0	25.5	50.0	18.3333333333	18.0	81.0	21.0	85.5	39.0	37.0	44.5	20.0	23.0	42.5	147.0	43.0	99.0	66.25	37.3333333333	118.111111111	56.0	70.2	54.5	68.0	56.0	56.1428571429	63.1428571429	43.4285714286	76.3	36.5	75.3	63.0	8.0	16.0	33.0	21.75	20.75	16.0	54.0	28.0
alpha_rarefaction_9001_1.txt	9001	1	125.428571429	80.5	95.0	25.0	43.5	43.2	47.5	49.5	33.0	37.2	32.1666666667	42.0	21.0	55.0	32.5	19.0	63.75	53.0	32.0	27.0	24.5	25.0	87.0	46.1666666667	20.75	102.4375	61.75	34.0	105.0	51.3333333333	52.3333333333	64.0	63.1	61.5	67.4285714286	64.0	58.0	72.6666666667	55.3333333333	77.1	59.0	9.0	17.0	36.4285714286	25.3333333333	15.0	23.5	37.0	11.5
alpha_rarefaction_9001_2.txt	9001	2	128.055555556	119.545454545	51.0	30.5	26.25	35.625	55.0	26.75	60.0	39.3333333333	49.5	51.0	27.0	16.0	67.0	21.0	78.0	30.0	45.0	17.2	24.0	68.0	30.0	20.0	35.0	98.5454545455	45.8571428571	23.3333333333	110.0	56.875	62.25	41.0	81.2	60.0	65.1428571429	69.4285714286	67.25	62.8	31.6	80.8571428571	79.0	9.0	12.0	42.0	43.0	19.3333333333	28.0	24.0	10.0
alpha_rarefaction_9001_3.txt	9001	3	132.9375	105.857142857	37.0	49.5	19.0	40.1666666667	39.0	32.0	33.0	66.5	38.0	60.0	22.2	33.0	43.5	21.0	89.3333333333	27.5	17.0	40.3333333333	42.5	30.3333333333	55.0	39.0	19.3333333333	84.5	52.0	24.5	95.5	57.2142857143	65.1428571429	84.25	66.1666666667	54.75	75.4285714286	60.6666666667	63.0	89.0	59.0	73.1428571429	76.0	9.0	40.0	39.5	22.5	14.2	16.0	37.0	13.0
alpha_rarefaction_9001_4.txt	9001	4	115.666666667	108.083333333	31.25	34.0	58.0	38.8571428571	48.5	45.0	47.0	46.0	55.0	34.0	20.5	16.0	37.0	21.0	88.3333333333	34.0	37.0	35.25	127.0	32.5	47.5	35.0	20.0	103.375	52.0	23.25	97.9090909091	71.2	91.25	53.2	69.0	56.375	60.0909090909	75.375	67.25	76.3	47.0	72.0	63.0	9.0	11.5	37.5	25.3333333333	18.0	23.0	29.0	11.25
alpha_rarefaction_9001_5.txt	9001	5	145.1	116.230769231	45.0	129.0	41.0	47.3333333333	52.0	52.0	34.3333333333	45.0	29.3333333333	47.5	19.2	17.0	32.5	18.0	77.0	90.0	55.0	117.0	37.0	21.8571428571	54.0	39.75	33.0	92.0	74.0	25.0	113.647058824	54.75	56.5	50.25	74.125	62.2	108.2	87.6666666667	42.6	74.6	46.8571428571	72.3333333333	70.5	8.0	10.3333333333	35.1428571429	26.0	53.0	16.0	19.0	28.0
alpha_rarefaction_9001_6.txt	9001	6	146.25	115.25	35.0	65.0	58.0	41.4285714286	20.0	53.0	47.5	57.0	101.0	29.5	36.0	24.5	34.0	16.5	64.0	91.0	24.25	33.0	20.0	38.0	31.0	58.0	25.0	95.5	55.1666666667	35.0	111.0	59.0	55.2307692308	48.8571428571	45.25	60.0	75.5	68.4285714286	53.6666666667	80.125	39.6	63.5	68.2	9.0	8.33333333333	35.625	20.5	25.0	20.0	22.0	15.0
alpha_rarefaction_9001_7.txt	9001	7	163.5	87.2	42.0	77.0	27.25	34.5	26.1428571429	83.0	38.1666666667	40.3333333333	43.5	25.3333333333	22.0	35.0	50.5	19.0	89.75	80.5	40.3333333333	24.2	19.0	39.0	55.0	50.0	38.0	90.0	43.5	28.3333333333	109.5	68.0	59.0909090909	54.0	68.5	67.0	68.1428571429	80.3333333333	45.625	105.625	48.25	82.375	57.1666666667	9.0	11.0	35.0	24.5	16.0	33.0	37.0	13.25
alpha_rarefaction_9001_8.txt	9001	8	126.0	103.153846154	43.0	56.0	39.0	36.4285714286	28.5	29.0	63.0	51.0	63.0	28.25	22.0	24.5	29.1428571429	27.0	65.0	43.3333333333	30.0	18.5	30.2	32.0	27.5	20.0	22.0	115.0	74.0	29.3333333333	115.875	74.0	61.6	66.0	59.4285714286	69.0	87.0	72.8571428571	59.5	67.0	52.2	82.5	66.1666666667	8.0	7.0	30.3333333333	23.2	14.5	24.3333333333	21.75	12.5
alpha_rarefaction_9001_9.txt	9001	9	135.545454545	91.4615384615	27.0	21.75	24.0	43.0	31.0	43.0	30.0	50.0	66.0	68.0	44.0	20.75	46.5	22.0	81.0	36.0	34.75	32.0	47.5	27.0	64.0	48.5	16.5	91.0	50.1428571429	26.0	98.3636363636	73.0	56.8571428571	78.0	85.0	46.0	67.0	100.0	65.0	66.6666666667	37.25	58.5	92.0	9.0	19.5	41.0	24.5	30.0	20.5	15.0	12.5
alpha_rarefaction_10000_0.txt	10000	0	128.0	95.1111111111	58.0	33.0	52.5	40.1666666667	33.3333333333	42.75	39.0	54.0	37.0	75.5	44.0	28.5	60.0	22.0	94.0	135.0	48.5	23.5	24.5	37.0	27.5	28.6666666667	24.5	90.5833333333	57.5	33.5	101.714285714	91.2	68.0	77.0	74.4285714286	56.75	76.75	79.5	59.0	85.1111111111	52.2	92.6666666667	70.1428571429	9.0	19.5	39.0	29.5	19.0	16.0	14.5	11.5
alpha_rarefaction_10000_1.txt	10000	1	148.6	143.333333333	43.75	48.0	53.5	44.0	53.5	34.5	48.0	96.0	24.5	93.0	29.5	19.0	52.0	26.0	73.0	43.5	64.0	37.0	65.0	33.0	32.0	31.5	19.0	113.666666667	52.375	31.0	106.153846154	68.375	59.0909090909	52.25	60.8	54.25	95.4285714286	55.0	58.0	77.0	60.0	67.75	69.5	9.0	14.5	43.0	19.0	16.0	22.0	45.0	10.0
alpha_rarefaction_10000_2.txt	10000	2	143.0	123.909090909	32.2	19.3333333333	67.0	45.2	62.0	47.3333333333	38.0	54.0	15.5	42.0	23.0	22.0	99.3333333333	19.0	93.5	32.3333333333	31.0	44.5	31.0	46.0	54.0	53.5	47.5	93.0	59.5	25.5	120.6	60.2307692308	70.6	56.0	61.25	51.1111111111	74.375	72.0	55.1666666667	87.25	55.5	75.3636363636	59.0	9.0	17.0	37.4285714286	23.5	14.5	34.0	37.0	22.0
alpha_rarefaction_10000_3.txt	10000	3	142.0	104.615384615	43.0	40.3333333333	40.0	44.0	93.0	36.2	37.25	42.0	44.5	44.0	29.0	40.0	82.5	14.0	77.0	30.0	28.3333333333	28.5	36.0	29.0	42.5	43.3333333333	28.0	96.9090909091	58.2	23.5	122.090909091	64.1	60.0	60.1666666667	72.0	60.1666666667	84.6666666667	108.75	43.5	91.1428571429	79.0	79.5454545455	70.5	9.0	9.75	34.0	23.5	20.0	22.5	15.0	12.0
alpha_rarefaction_10000_4.txt	10000	4	135.882352941	89.0	46.5	47.0	36.0	39.875	72.0	135.0	35.2	58.5	33.25	49.0	17.0	38.0	66.0	26.0	71.3333333333	90.0	38.0	17.5	42.5	37.0	104.5	43.3333333333	22.0	108.1	48.4285714286	30.75	126.5	72.1428571429	60.0	131.333333333	84.6	42.8333333333	71.0	84.0	50.3333333333	70.5454545455	50.75	90.3333333333	74.0	8.0	17.0	32.2	25.3333333333	23.5	24.0	28.3333333333	9.0
alpha_rarefaction_10000_5.txt	10000	5	155.5	93.5625	45.5	29.3333333333	40.0	44.0	29.5	36.3333333333	53.75	69.5	29.5	93.0	22.5	39.0	69.0	18.0	58.5	32.3333333333	54.0	23.0	21.0	25.0	54.0	32.5	22.5	96.9090909091	59.1428571429	40.0	134.166666667	75.4285714286	71.1666666667	46.5	65.0	61.2	54.3333333333	80.4285714286	62.0	145.333333333	40.25	79.0	54.4285714286	9.0	14.2	29.1428571429	23.0	15.0	14.5	37.0	13.0
alpha_rarefaction_10000_6.txt	10000	6	108.571428571	106.090909091	102.0	27.5	35.0	38.875	21.3333333333	34.3333333333	52.0	37.5	101.0	59.0	27.0	27.0	49.0	14.0	56.0	55.0	18.0	44.5	27.5	36.0	38.0	47.0	25.0	98.7692307692	56.1666666667	24.75	110.090909091	64.375	69.0	53.0	68.0	61.2	91.1428571429	55.3333333333	58.0	73.1111111111	50.75	70.9090909091	57.1666666667	9.0	8.0	35.0	25.3333333333	13.5	22.0	53.0	14.0
alpha_rarefaction_10000_7.txt	10000	7	126.647058824	108.5	48.3333333333	22.0	25.75	37.625	84.0	35.5	73.0	44.25	102.0	38.0	23.3333333333	25.5	82.0	19.0	93.5	32.3333333333	24.0	33.0	18.0	30.3333333333	61.0	32.0	27.3333333333	102.153846154	66.0	25.5	98.0	67.125	66.0	60.0	61.3333333333	58.0	54.0769230769	80.6	50.25	63.875	51.0	89.1	86.0	9.0	16.3333333333	37.0	23.5	14.75	19.0	37.0	19.0
alpha_rarefaction_10000_8.txt	10000	8	129.25	109.0	27.0	23.0	41.0	48.1666666667	68.0	34.5	44.2	60.5	43.5	43.0	30.0	14.3333333333	37.25	22.0	101.0	30.0	46.0	45.5	30.0	32.0	45.0	47.2	32.0	90.5714285714	62.0	34.0	103.714285714	59.8571428571	80.375	53.0	61.5833333333	66.0	58.5454545455	73.125	47.5	97.5	99.0	87.0	66.1666666667	9.0	20.0	44.75	23.5	12.0	23.0	22.0	11.5
alpha_rarefaction_10000_9.txt	10000	9	133.625	125.428571429	34.5	46.0	49.0	39.8571428571	53.5	56.5	63.0	42.2	29.5	41.75	51.0	56.0	49.0	26.0	129.5	32.0	31.0	38.0	41.3333333333	35.0	63.0	31.3333333333	24.5	85.6666666667	62.0	27.2	107.25	59.25	60.875	94.5	66.6666666667	54.6666666667	84.6666666667	85.0	55.1	74.3636363636	44.0	89.5	62.0	9.0	13.0	34.0	25.3333333333	20.0	16.3333333333	54.0	13.0