	sequences per sample	iteration	426	425	447	1157	1032	431	1017	1035	1145	1158	1155	1033	1154	429	451	1140	757	430	1018	1139	1019	1156	1020	1153	1031	1138	1016	435	427	440	437	424	836	834	837	841	832	838	844	842	831	839	843	1024	457	441	449	1162	761	1142	759	1040
alpha_rarefaction_10_0.txt	10	0	5.0	5.0	2.0	5.0	2.0	5.0	1.0	2.0	1.0	4.0	3.0	2.0	3.0	6.0	6.0	3.0	2.0	2.0	1.0	2.0	1.0	3.0	2.0	4.0	1.0	2.0	2.0	8.0	6.0	6.0	4.0	3.0	4.0	2.0	3.0	2.0	3.0	2.0	2.0	3.0	3.0	3.0	3.0	4.0	3.0	3.0	5.0	3.0	2.0	2.0	3.0	1.0
alpha_rarefaction_10_1.txt	10	1	5.0	5.0	1.0	4.0	2.0	5.0	1.0	1.0	5.0	7.0	1.0	2.0	3.0	5.0	5.0	1.0	2.0	4.0	2.0	2.0	1.0	3.0	2.0	2.0	1.0	2.0	1.0	8.0	6.0	6.0	7.0	3.0	2.0	3.0	3.0	3.0	2.0	3.0	3.0	2.0	2.0	3.0	1.0	4.0	2.0	3.0	4.0	4.0	2.0	1.0	3.0	2.0
alpha_rarefaction_10_2.txt	10	2	3.0	4.0	1.0	3.0	2.0	7.0	1.0	1.0	2.0	6.0	2.0	1.0	4.0	7.0	5.0	3.0	2.0	2.0	1.0	1.0	1.0	2.0	1.0	3.0	1.0	2.0	1.0	7.0	4.0	4.0	4.0	5.0	3.0	3.0	3.0	2.0	4.0	4.0	4.0	2.0	3.0	4.0	3.0	3.0	2.0	4.0	3.0	2.0	2.0	1.0	4.0	1.0
alpha_rarefaction_10_3.txt	10	3	6.0	4.0	2.0	3.0	3.0	4.0	1.0	3.0	2.0	6.0	3.0	2.0	6.0	4.0	3.0	1.0	2.0	2.0	2.0	1.0	1.0	3.0	1.0	3.0	1.0	2.0	1.0	6.0	4.0	5.0	5.0	3.0	4.0	2.0	3.0	2.0	4.0	2.0	3.0	4.0	2.0	3.0	2.0	4.0	3.0	3.0	6.0	3.0	2.0	2.0	3.0	2.0
alpha_rarefaction_10_4.txt	10	4	3.0	6.0	2.0	3.0	2.0	4.0	2.0	2.0	3.0	5.0	3.0	3.0	4.0	5.0	3.0	2.0	2.0	5.0	2.0	1.0	1.0	3.0	2.0	4.0	1.0	1.0	1.0	9.0	4.0	5.0	5.0	4.0	2.0	3.0	2.0	2.0	2.0	3.0	2.0	3.0	5.0	5.0	2.0	3.0	2.0	4.0	3.0	3.0	2.0	2.0	2.0	1.0
alpha_rarefaction_10_5.txt	10	5	4.0	4.0	2.0	3.0	1.0	6.0	1.0	2.0	1.0	6.0	4.0	2.0	3.0	6.0	5.0	2.0	2.0	2.0	1.0	1.0	1.0	3.0	1.0	4.0	2.0	2.0	1.0	6.0	6.0	6.0	7.0	5.0	1.0	1.0	3.0	4.0	4.0	2.0	2.0	4.0	3.0	3.0	2.0	2.0	1.0	5.0	5.0	3.0	3.0	2.0	2.0	2.0
alpha_rarefaction_10_6.txt	10	6	4.0	4.0	2.0	5.0	2.0	4.0	1.0	2.0	2.0	4.0	3.0	2.0	6.0	5.0	3.0	2.0	3.0	2.0	1.0	1.0	1.0	2.0	1.0	3.0	2.0	2.0	1.0	7.0	3.0	5.0	7.0	4.0	2.0	4.0	4.0	3.0	4.0	3.0	2.0	3.0	2.0	3.0	4.0	4.0	2.0	3.0	3.0	3.0	2.0	1.0	2.0	2.0
alpha_rarefaction_10_7.txt	10	7	5.0	5.0	3.0	3.0	2.0	5.0	2.0	2.0	3.0	6.0	3.0	3.0	5.0	3.0	4.0	2.0	2.0	4.0	1.0	1.0	1.0	3.0	1.0	4.0	1.0	2.0	1.0	8.0	8.0	6.0	4.0	6.0	2.0	5.0	3.0	4.0	3.0	3.0	2.0	4.0	1.0	3.0	1.0	4.0	2.0	5.0	5.0	3.0	2.0	1.0	3.0	2.0
alpha_rarefaction_10_8.txt	10	8	4.0	4.0	3.0	3.0	3.0	3.0	1.0	2.0	2.0	6.0	5.0	5.0	2.0	5.0	7.0	2.0	2.0	3.0	1.0	1.0	3.0	3.0	2.0	3.0	2.0	3.0	1.0	8.0	5.0	6.0	6.0	4.0	2.0	2.0	3.0	3.0	4.0	2.0	1.0	3.0	4.0	4.0	3.0	3.0	1.0	5.0	4.0	2.0	3.0	1.0	2.0	2.0
alpha_rarefaction_10_9.txt	10	9	4.0	6.0	2.0	4.0	2.0	5.0	1.0	2.0	3.0	5.0	4.0	3.0	3.0	4.0	5.0	1.0	2.0	3.0	2.0	1.0	1.0	2.0	1.0	4.0	3.0	2.0	1.0	7.0	4.0	4.0	4.0	2.0	3.0	3.0	3.0	3.0	2.0	2.0	3.0	2.0	4.0	5.0	3.0	5.0	2.0	2.0	5.0	3.0	3.0	1.0	4.0	2.0
alpha_rarefaction_1009_0.txt	1009	0	58.0	42.0	15.0	13.0	10.0	12.0	8.0	13.0	11.0	23.0	15.0	16.0	16.0	21.0	22.0	8.0	13.0	25.0	10.0	7.0	7.0	9.0	8.0	11.0	8.0	10.0	5.0	32.0	42.0	17.0	20.0	51.0	25.0	26.0	21.0	28.0	20.0	26.0	20.0	15.0	29.0	30.0	28.0	8.0	5.0	11.0	13.0	9.0	8.0	7.0	9.0	6.0
alpha_rarefaction_1009_1.txt	1009	1	48.0	42.0	13.0	14.0	14.0	14.0	6.0	12.0	12.0	26.0	16.0	15.0	13.0	24.0	19.0	5.0	11.0	26.0	10.0	5.0	8.0	9.0	10.0	14.0	9.0	10.0	7.0	31.0	48.0	17.0	16.0	45.0	27.0	24.0	23.0	29.0	20.0	23.0	21.0	18.0	32.0	32.0	29.0	7.0	5.0	14.0	15.0	11.0	7.0	6.0	10.0	4.0
alpha_rarefaction_1009_2.txt	1009	2	57.0	46.0	17.0	15.0	12.0	16.0	7.0	17.0	14.0	25.0	16.0	14.0	11.0	22.0	18.0	10.0	11.0	23.0	11.0	9.0	10.0	12.0	6.0	13.0	10.0	12.0	8.0	34.0	41.0	17.0	17.0	49.0	26.0	24.0	20.0	29.0	27.0	25.0	29.0	19.0	31.0	26.0	22.0	8.0	6.0	12.0	15.0	10.0	8.0	6.0	9.0	8.0
alpha_rarefaction_1009_3.txt	1009	3	52.0	44.0	12.0	12.0	11.0	15.0	8.0	12.0	9.0	27.0	16.0	15.0	14.0	23.0	20.0	12.0	11.0	22.0	10.0	6.0	9.0	11.0	8.0	11.0	6.0	13.0	6.0	31.0	46.0	18.0	18.0	47.0	26.0	22.0	19.0	28.0	18.0	22.0	17.0	14.0	27.0	27.0	25.0	8.0	4.0	11.0	17.0	9.0	6.0	5.0	10.0	5.0
alpha_rarefaction_1009_4.txt	1009	4	48.0	39.0	17.0	12.0	12.0	14.0	8.0	13.0	14.0	25.0	15.0	13.0	13.0	21.0	19.0	9.0	10.0	21.0	9.0	9.0	7.0	12.0	8.0	13.0	9.0	9.0	5.0	29.0	45.0	21.0	17.0	48.0	33.0	23.0	20.0	25.0	16.0	22.0	22.0	17.0	28.0	25.0	25.0	8.0	3.0	10.0	13.0	9.0	10.0	7.0	10.0	6.0
alpha_rarefaction_1009_5.txt	1009	5	50.0	41.0	14.0	15.0	10.0	15.0	9.0	11.0	12.0	26.0	15.0	12.0	15.0	21.0	19.0	8.0	12.0	23.0	9.0	9.0	11.0	11.0	6.0	13.0	9.0	10.0	9.0	30.0	47.0	19.0	17.0	49.0	27.0	21.0	18.0	28.0	18.0	23.0	24.0	20.0	27.0	30.0	28.0	8.0	3.0	14.0	15.0	10.0	7.0	3.0	11.0	6.0
alpha_rarefaction_1009_6.txt	1009	6	53.0	35.0	12.0	12.0	13.0	14.0	8.0	10.0	14.0	21.0	13.0	13.0	13.0	20.0	20.0	7.0	13.0	21.0	12.0	8.0	10.0	8.0	10.0	11.0	7.0	14.0	9.0	30.0	49.0	20.0	20.0	53.0	30.0	20.0	19.0	26.0	18.0	23.0	22.0	19.0	31.0	29.0	26.0	8.0	5.0	12.0	13.0	10.0	8.0	10.0	10.0	6.0
alpha_rarefaction_1009_7.txt	1009	7	52.0	39.0	14.0	15.0	11.0	15.0	11.0	11.0	10.0	27.0	17.0	13.0	15.0	24.0	17.0	9.0	12.0	21.0	10.0	8.0	8.0	11.0	9.0	11.0	7.0	11.0	6.0	28.0	41.0	18.0	17.0	51.0	26.0	27.0	18.0	26.0	18.0	23.0	23.0	19.0	29.0	32.0	27.0	8.0	3.0	13.0	14.0	12.0	9.0	5.0	8.0	6.0
alpha_rarefaction_1009_8.txt	1009	8	53.0	48.0	13.0	12.0	13.0	17.0	11.0	13.0	14.0	25.0	13.0	17.0	15.0	20.0	19.0	7.0	12.0	20.0	12.0	8.0	9.0	9.0	6.0	9.0	7.0	8.0	7.0	33.0	46.0	17.0	20.0	49.0	28.0	22.0	18.0	27.0	20.0	24.0	24.0	15.0	33.0	32.0	26.0	8.0	4.0	15.0	12.0	10.0	8.0	5.0	8.0	4.0
alpha_rarefaction_1009_9.txt	1009	9	53.0	38.0	11.0	17.0	14.0	16.0	7.0	12.0	14.0	24.0	16.0	15.0	14.0	25.0	19.0	9.0	9.0	22.0	10.0	5.0	9.0	9.0	8.0	12.0	9.0	11.0	8.0	32.0	44.0	19.0	16.0	56.0	26.0	23.0	19.0	25.0	18.0	27.0	22.0	19.0	32.0	30.0	25.0	8.0	5.0	12.0	14.0	10.0	9.0	5.0	11.0	6.0
alpha_rarefaction_2008_0.txt	2008	0	68.0	55.0	17.0	15.0	14.0	16.0	10.0	16.0	15.0	29.0	18.0	14.0	17.0	27.0	23.0	12.0	9.0	30.0	14.0	10.0	14.0	13.0	8.0	16.0	9.0	14.0	10.0	33.0	57.0	25.0	19.0	66.0	35.0	29.0	25.0	35.0	28.0	33.0	35.0	24.0	35.0	37.0	32.0	8.0	3.0	20.0	16.0	10.0	11.0	6.0	13.0	6.0
alpha_rarefaction_2008_1.txt	2008	1	72.0	52.0	19.0	22.0	13.0	20.0	9.0	17.0	11.0	30.0	21.0	16.0	16.0	25.0	27.0	15.0	11.0	31.0	15.0	13.0	12.0	14.0	9.0	17.0	11.0	13.0	10.0	38.0	53.0	27.0	20.0	63.0	32.0	31.0	24.0	36.0	27.0	28.0	31.0	27.0	41.0	31.0	35.0	8.0	4.0	17.0	15.0	9.0	9.0	10.0	9.0	7.0
alpha_rarefaction_2008_2.txt	2008	2	69.0	58.0	21.0	18.0	15.0	17.0	11.0	12.0	14.0	27.0	18.0	14.0	17.0	27.0	23.0	8.0	17.0	32.0	13.0	12.0	12.0	14.0	11.0	14.0	11.0	10.0	13.0	37.0	58.0	22.0	19.0	60.0	36.0	30.0	23.0	32.0	26.0	30.0	29.0	25.0	33.0	37.0	32.0	8.0	6.0	21.0	17.0	12.0	9.0	7.0	16.0	7.0
alpha_rarefaction_2008_3.txt	2008	3	65.0	52.0	17.0	20.0	14.0	16.0	11.0	15.0	12.0	28.0	19.0	16.0	18.0	29.0	28.0	12.0	13.0	28.0	11.0	9.0	10.0	14.0	9.0	14.0	12.0	13.0	13.0	38.0	47.0	27.0	22.0	56.0	32.0	30.0	25.0	33.0	27.0	27.0	30.0	23.0	37.0	37.0	28.0	8.0	6.0	16.0	13.0	10.0	11.0	5.0	13.0	6.0
alpha_rarefaction_2008_4.txt	2008	4	72.0	57.0	19.0	22.0	17.0	20.0	11.0	15.0	12.0	28.0	19.0	15.0	15.0	26.0	24.0	12.0	16.0	30.0	11.0	10.0	14.0	13.0	10.0	17.0	11.0	16.0	10.0	36.0	61.0	25.0	18.0	69.0	34.0	32.0	23.0	36.0	32.0	35.0	32.0	21.0	42.0	38.0	30.0	8.0	6.0	16.0	13.0	9.0	11.0	8.0	14.0	10.0
alpha_rarefaction_2008_5.txt	2008	5	69.0	54.0	18.0	16.0	13.0	20.0	12.0	17.0	16.0	28.0	18.0	20.0	15.0	23.0	23.0	13.0	12.0	26.0	12.0	14.0	13.0	11.0	12.0	16.0	10.0	15.0	9.0	34.0	51.0	22.0	21.0	55.0	40.0	35.0	28.0	30.0	23.0	29.0	31.0	25.0	36.0	41.0	30.0	8.0	3.0	17.0	14.0	11.0	11.0	8.0	11.0	6.0
alpha_rarefaction_2008_6.txt	2008	6	61.0	61.0	14.0	16.0	14.0	19.0	11.0	14.0	15.0	28.0	15.0	17.0	18.0	25.0	22.0	12.0	13.0	27.0	13.0	10.0	15.0	11.0	8.0	13.0	9.0	12.0	8.0	34.0	59.0	25.0	19.0	56.0	34.0	27.0	28.0	35.0	29.0	32.0	29.0	27.0	41.0	37.0	35.0	9.0	4.0	18.0	14.0	10.0	12.0	6.0	10.0	7.0
alpha_rarefaction_2008_7.txt	2008	7	70.0	55.0	15.0	18.0	15.0	16.0	8.0	16.0	18.0	31.0	18.0	18.0	14.0	27.0	23.0	10.0	11.0	28.0	11.0	12.0	11.0	10.0	13.0	15.0	10.0	10.0	9.0	37.0	51.0	26.0	19.0	62.0	35.0	37.0	24.0	33.0	27.0	30.0	34.0	27.0	37.0	38.0	32.0	9.0	5.0	18.0	15.0	11.0	11.0	5.0	13.0	6.0
alpha_rarefaction_2008_8.txt	2008	8	60.0	52.0	19.0	20.0	17.0	20.0	16.0	16.0	17.0	29.0	15.0	18.0	15.0	28.0	23.0	12.0	16.0	30.0	9.0	10.0	11.0	13.0	12.0	16.0	9.0	18.0	10.0	38.0	50.0	28.0	20.0	68.0	35.0	28.0	25.0	35.0	18.0	34.0	30.0	22.0	37.0	37.0	33.0	8.0	3.0	16.0	15.0	11.0	8.0	7.0	11.0	6.0
alpha_rarefaction_2008_9.txt	2008	9	75.0	58.0	15.0	19.0	14.0	17.0	11.0	13.0	14.0	30.0	18.0	18.0	15.0	30.0	22.0	11.0	14.0	26.0	16.0	10.0	14.0	10.0	11.0	20.0	11.0	15.0	13.0	39.0	58.0	23.0	17.0	59.0	35.0	31.0	26.0	37.0	23.0	28.0	24.0	22.0	37.0	33.0	34.0	9.0	5.0	18.0	18.0	10.0	8.0	9.0	11.0	5.0
alpha_rarefaction_3007_0.txt	3007	0	80.0	69.0	22.0	20.0	15.0	25.0	14.0	17.0	18.0	29.0	21.0	19.0	15.0	30.0	24.0	8.0	14.0	30.0	12.0	8.0	11.0	17.0	12.0	19.0	13.0	17.0	11.0	44.0	65.0	26.0	22.0	70.0	37.0	42.0	30.0	41.0	32.0	31.0	38.0	30.0	37.0	42.0	38.0	8.0	7.0	20.0	17.0	9.0	10.0	6.0	13.0	9.0
alpha_rarefaction_3007_1.txt	3007	1	73.0	68.0	19.0	19.0	16.0	23.0	15.0	21.0	19.0	36.0	22.0	21.0	17.0	32.0	23.0	15.0	14.0	28.0	17.0	11.0	14.0	15.0	13.0	18.0	11.0	18.0	11.0	43.0	54.0	24.0	20.0	65.0	40.0	38.0	27.0	37.0	28.0	32.0	35.0	27.0	37.0	42.0	34.0	8.0	5.0	19.0	18.0	14.0	9.0	7.0	15.0	10.0
alpha_rarefaction_3007_2.txt	3007	2	78.0	56.0	24.0	19.0	17.0	22.0	14.0	16.0	19.0	33.0	21.0	17.0	18.0	33.0	27.0	14.0	13.0	32.0	18.0	12.0	12.0	14.0	11.0	20.0	11.0	17.0	11.0	45.0	64.0	24.0	22.0	70.0	42.0	37.0	31.0	41.0	31.0	35.0	36.0	30.0	41.0	44.0	36.0	9.0	8.0	16.0	17.0	12.0	11.0	9.0	14.0	9.0
alpha_rarefaction_3007_3.txt	3007	3	80.0	65.0	17.0	20.0	19.0	22.0	16.0	19.0	22.0	27.0	21.0	16.0	16.0	29.0	24.0	10.0	16.0	28.0	18.0	10.0	14.0	15.0	10.0	16.0	16.0	12.0	13.0	38.0	65.0	24.0	22.0	62.0	35.0	28.0	25.0	39.0	30.0	31.0	35.0	29.0	35.0	43.0	33.0	8.0	6.0	20.0	17.0	11.0	10.0	10.0	13.0	7.0
alpha_rarefaction_3007_4.txt	3007	4	85.0	63.0	19.0	22.0	18.0	19.0	14.0	13.0	15.0	28.0	21.0	19.0	21.0	33.0	23.0	13.0	15.0	31.0	17.0	11.0	13.0	14.0	15.0	20.0	13.0	14.0	12.0	44.0	58.0	26.0	21.0	74.0	37.0	35.0	28.0	37.0	33.0	34.0	38.0	27.0	42.0	41.0	37.0	8.0	6.0	18.0	18.0	12.0	11.0	11.0	12.0	7.0
alpha_rarefaction_3007_5.txt	3007	5	71.0	60.0	19.0	20.0	16.0	21.0	13.0	20.0	17.0	32.0	20.0	17.0	15.0	29.0	29.0	13.0	15.0	27.0	20.0	12.0	17.0	18.0	12.0	17.0	13.0	15.0	11.0	43.0	62.0	28.0	21.0	69.0	34.0	37.0	33.0	37.0	29.0	35.0	36.0	30.0	38.0	39.0	40.0	9.0	6.0	21.0	17.0	13.0	10.0	7.0	13.0	10.0
alpha_rarefaction_3007_6.txt	3007	6	68.0	68.0	21.0	19.0	16.0	21.0	11.0	20.0	16.0	31.0	18.0	19.0	18.0	32.0	23.0	13.0	18.0	31.0	16.0	11.0	17.0	15.0	9.0	19.0	12.0	18.0	12.0	43.0	62.0	23.0	23.0	62.0	37.0	43.0	31.0	44.0	28.0	31.0	26.0	25.0	38.0	42.0	38.0	8.0	10.0	19.0	17.0	11.0	12.0	7.0	10.0	9.0
alpha_rarefaction_3007_7.txt	3007	7	79.0	65.0	26.0	18.0	15.0	25.0	11.0	16.0	16.0	31.0	19.0	17.0	17.0	28.0	25.0	12.0	19.0	29.0	15.0	18.0	14.0	14.0	14.0	20.0	9.0	19.0	12.0	46.0	64.0	23.0	21.0	70.0	37.0	38.0	29.0	36.0	30.0	36.0	34.0	30.0	44.0	42.0	37.0	9.0	6.0	19.0	16.0	10.0	10.0	10.0	10.0	7.0
alpha_rarefaction_3007_8.txt	3007	8	75.0	57.0	17.0	23.0	15.0	23.0	11.0	21.0	20.0	29.0	18.0	17.0	16.0	32.0	26.0	13.0	15.0	29.0	14.0	18.0	16.0	12.0	9.0	17.0	15.0	16.0	12.0	42.0	58.0	29.0	22.0	64.0	38.0	39.0	31.0	36.0	27.0	29.0	33.0	32.0	40.0	43.0	35.0	9.0	7.0	14.0	17.0	11.0	9.0	8.0	16.0	7.0
alpha_rarefaction_3007_9.txt	3007	9	80.0	68.0	20.0	20.0	14.0	17.0	12.0	16.0	19.0	33.0	18.0	18.0	17.0	30.0	26.0	12.0	16.0	28.0	16.0	14.0	11.0	13.0	12.0	21.0	11.0	16.0	11.0	46.0	54.0	29.0	22.0	70.0	37.0	38.0	31.0	40.0	28.0	27.0	37.0	32.0	41.0	38.0	37.0	9.0	8.0	21.0	17.0	10.0	11.0	8.0	14.0	8.0
alpha_rarefaction_4006_0.txt	4006	0	85.0	69.0	25.0	21.0	18.0	24.0	17.0	19.0	20.0	33.0	25.0	22.0	17.0	34.0	29.0	13.0	21.0	31.0	18.0	15.0	18.0	16.0	15.0	20.0	13.0	18.0	13.0	47.0	70.0	29.0	19.0	70.0	35.0	37.0	30.0	41.0	34.0	33.0	40.0	37.0	43.0	42.0	40.0	8.0	8.0	21.0	15.0	12.0	12.0	10.0	15.0	9.0
alpha_rarefaction_4006_1.txt	4006	1	82.0	64.0	23.0	21.0	16.0	23.0	13.0	19.0	27.0	35.0	24.0	22.0	17.0	35.0	30.0	13.0	19.0	32.0	17.0	13.0	19.0	12.0	10.0	21.0	15.0	19.0	12.0	50.0	64.0	31.0	23.0	76.0	42.0	41.0	30.0	42.0	36.0	40.0	40.0	32.0	48.0	44.0	39.0	8.0	9.0	18.0	20.0	11.0	10.0	10.0	15.0	9.0
alpha_rarefaction_4006_2.txt	4006	2	88.0	65.0	21.0	21.0	15.0	22.0	17.0	16.0	18.0	33.0	18.0	26.0	17.0	32.0	29.0	15.0	16.0	31.0	19.0	12.0	16.0	15.0	16.0	21.0	10.0	21.0	16.0	51.0	67.0	30.0	24.0	74.0	40.0	42.0	30.0	39.0	31.0	33.0	45.0	30.0	48.0	44.0	42.0	9.0	7.0	22.0	16.0	13.0	12.0	10.0	17.0	10.0
alpha_rarefaction_4006_3.txt	4006	3	88.0	75.0	22.0	21.0	21.0	22.0	15.0	18.0	20.0	33.0	20.0	24.0	19.0	35.0	27.0	18.0	19.0	36.0	19.0	14.0	20.0	14.0	12.0	22.0	14.0	18.0	11.0	44.0	75.0	34.0	21.0	64.0	39.0	42.0	29.0	44.0	35.0	38.0	36.0	29.0	52.0	41.0	39.0	8.0	6.0	24.0	19.0	10.0	9.0	8.0	12.0	7.0
alpha_rarefaction_4006_4.txt	4006	4	83.0	72.0	28.0	20.0	17.0	24.0	16.0	19.0	15.0	31.0	22.0	22.0	16.0	33.0	22.0	16.0	20.0	30.0	16.0	11.0	18.0	15.0	16.0	22.0	13.0	18.0	16.0	48.0	67.0	33.0	22.0	72.0	35.0	43.0	30.0	43.0	34.0	31.0	36.0	27.0	49.0	44.0	42.0	8.0	6.0	20.0	16.0	11.0	13.0	8.0	15.0	10.0
alpha_rarefaction_4006_5.txt	4006	5	86.0	71.0	24.0	22.0	21.0	22.0	13.0	19.0	21.0	34.0	24.0	20.0	23.0	35.0	28.0	18.0	17.0	34.0	20.0	17.0	11.0	16.0	16.0	25.0	17.0	19.0	17.0	49.0	64.0	30.0	27.0	78.0	36.0	41.0	36.0	43.0	32.0	37.0	37.0	30.0	41.0	42.0	42.0	9.0	7.0	25.0	19.0	11.0	11.0	9.0	11.0	11.0
alpha_rarefaction_4006_6.txt	4006	6	90.0	71.0	20.0	19.0	18.0	22.0	12.0	20.0	22.0	29.0	21.0	22.0	17.0	32.0	23.0	14.0	17.0	37.0	17.0	15.0	17.0	15.0	14.0	18.0	13.0	19.0	14.0	46.0	61.0	26.0	21.0	74.0	42.0	46.0	32.0	44.0	27.0	37.0	45.0	29.0	47.0	48.0	39.0	9.0	6.0	28.0	16.0	13.0	14.0	9.0	13.0	7.0
alpha_rarefaction_4006_7.txt	4006	7	85.0	69.0	22.0	19.0	18.0	22.0	19.0	19.0	18.0	34.0	22.0	20.0	17.0	36.0	28.0	16.0	16.0	31.0	19.0	12.0	22.0	13.0	11.0	19.0	14.0	15.0	14.0	44.0	71.0	27.0	25.0	69.0	43.0	41.0	34.0	43.0	34.0	38.0	38.0	31.0	44.0	45.0	44.0	9.0	8.0	24.0	19.0	11.0	14.0	10.0	15.0	8.0
alpha_rarefaction_4006_8.txt	4006	8	84.0	63.0	23.0	21.0	19.0	23.0	17.0	20.0	19.0	32.0	21.0	23.0	19.0	34.0	28.0	15.0	21.0	33.0	18.0	11.0	14.0	15.0	11.0	17.0	12.0	19.0	14.0	43.0	62.0	32.0	19.0	73.0	40.0	43.0	33.0	39.0	38.0	38.0	40.0	30.0	42.0	48.0	43.0	8.0	9.0	21.0	18.0	13.0	13.0	10.0	15.0	9.0
alpha_rarefaction_4006_9.txt	4006	9	78.0	75.0	24.0	27.0	17.0	26.0	16.0	18.0	19.0	31.0	18.0	24.0	17.0	34.0	29.0	12.0	16.0	31.0	18.0	13.0	16.0	13.0	8.0	22.0	14.0	17.0	11.0	45.0	74.0	24.0	20.0	72.0	43.0	42.0	30.0	43.0	34.0	33.0	38.0	30.0	42.0	46.0	40.0	9.0	6.0	23.0	18.0	11.0	10.0	9.0	15.0	11.0
alpha_rarefaction_5005_0.txt	5005	0	84.0	74.0	28.0	25.0	19.0	31.0	16.0	18.0	22.0	33.0	22.0	27.0	21.0	32.0	34.0	15.0	19.0	35.0	22.0	11.0	18.0	17.0	13.0	23.0	16.0	20.0	16.0	48.0	78.0	33.0	24.0	74.0	43.0	44.0	32.0	44.0	35.0	46.0	42.0	31.0	44.0	51.0	44.0	9.0	11.0	24.0	18.0	13.0	12.0	10.0	16.0	9.0
alpha_rarefaction_5005_1.txt	5005	1	87.0	76.0	26.0	22.0	17.0	29.0	13.0	21.0	22.0	36.0	23.0	21.0	20.0	35.0	32.0	15.0	20.0	36.0	20.0	20.0	15.0	15.0	14.0	25.0	16.0	19.0	14.0	49.0	69.0	33.0	22.0	76.0	42.0	45.0	31.0	43.0	39.0	37.0	37.0	31.0	54.0	53.0	44.0	8.0	10.0	19.0	17.0	13.0	13.0	12.0	15.0	9.0
alpha_rarefaction_5005_2.txt	5005	2	95.0	74.0	29.0	27.0	21.0	25.0	19.0	20.0	23.0	35.0	24.0	26.0	18.0	36.0	23.0	17.0	20.0	32.0	21.0	15.0	16.0	18.0	17.0	21.0	13.0	19.0	14.0	45.0	71.0	35.0	21.0	83.0	38.0	43.0	39.0	47.0	34.0	42.0	41.0	35.0	44.0	50.0	43.0	8.0	8.0	25.0	20.0	15.0	10.0	15.0	14.0	11.0
alpha_rarefaction_5005_3.txt	5005	3	90.0	76.0	22.0	21.0	18.0	25.0	20.0	25.0	20.0	34.0	22.0	24.0	23.0	34.0	31.0	15.0	19.0	37.0	19.0	16.0	17.0	19.0	15.0	21.0	18.0	23.0	16.0	46.0	67.0	30.0	26.0	79.0	41.0	47.0	40.0	44.0	38.0	36.0	34.0	34.0	49.0	51.0	46.0	8.0	7.0	25.0	19.0	10.0	13.0	16.0	18.0	7.0
alpha_rarefaction_5005_4.txt	5005	4	96.0	78.0	25.0	25.0	17.0	27.0	16.0	19.0	20.0	35.0	20.0	23.0	20.0	35.0	30.0	13.0	22.0	28.0	19.0	17.0	11.0	16.0	17.0	21.0	18.0	21.0	16.0	50.0	76.0	31.0	24.0	77.0	45.0	44.0	33.0	46.0	32.0	42.0	39.0	34.0	49.0	46.0	45.0	8.0	9.0	26.0	19.0	13.0	13.0	8.0	16.0	9.0
alpha_rarefaction_5005_5.txt	5005	5	94.0	73.0	23.0	24.0	24.0	28.0	14.0	19.0	19.0	37.0	19.0	23.0	19.0	37.0	27.0	16.0	24.0	39.0	19.0	13.0	16.0	19.0	14.0	19.0	15.0	24.0	13.0	48.0	73.0	35.0	26.0	75.0	40.0	44.0	33.0	50.0	34.0	42.0	43.0	34.0	41.0	45.0	41.0	8.0	8.0	23.0	18.0	13.0	14.0	10.0	17.0	10.0
alpha_rarefaction_5005_6.txt	5005	6	93.0	78.0	26.0	25.0	22.0	25.0	16.0	23.0	26.0	34.0	24.0	23.0	20.0	32.0	28.0	17.0	22.0	38.0	19.0	13.0	17.0	18.0	14.0	24.0	15.0	22.0	13.0	52.0	67.0	31.0	22.0	78.0	42.0	43.0	32.0	42.0	34.0	37.0	41.0	32.0	48.0	47.0	41.0	9.0	8.0	21.0	15.0	12.0	12.0	9.0	15.0	9.0
alpha_rarefaction_5005_7.txt	5005	7	94.0	67.0	26.0	26.0	20.0	28.0	14.0	23.0	19.0	38.0	22.0	28.0	18.0	39.0	30.0	16.0	23.0	31.0	16.0	17.0	20.0	17.0	14.0	25.0	14.0	18.0	13.0	51.0	71.0	33.0	22.0	77.0	46.0	42.0	38.0	48.0	40.0	38.0	38.0	36.0	47.0	53.0	45.0	8.0	7.0	20.0	18.0	14.0	13.0	13.0	15.0	9.0
alpha_rarefaction_5005_8.txt	5005	8	89.0	80.0	25.0	18.0	21.0	22.0	16.0	18.0	18.0	30.0	19.0	21.0	19.0	37.0	30.0	16.0	20.0	32.0	18.0	21.0	18.0	17.0	15.0	17.0	22.0	23.0	14.0	49.0	74.0	31.0	24.0	80.0	45.0	41.0	29.0	45.0	40.0	35.0	41.0	35.0	52.0	43.0	40.0	9.0	10.0	21.0	16.0	14.0	10.0	9.0	17.0	9.0
alpha_rarefaction_5005_9.txt	5005	9	85.0	76.0	26.0	23.0	18.0	26.0	19.0	19.0	25.0	36.0	22.0	26.0	20.0	37.0	27.0	17.0	19.0	35.0	22.0	19.0	14.0	17.0	14.0	24.0	14.0	19.0	13.0	52.0	70.0	30.0	21.0	81.0	46.0	46.0	34.0	45.0	35.0	35.0	42.0	32.0	50.0	54.0	38.0	9.0	8.0	27.0	19.0	13.0	15.0	12.0	17.0	11.0
alpha_rarefaction_6004_0.txt	6004	0	95.0	71.0	30.0	26.0	20.0	25.0	16.0	24.0	20.0	34.0	22.0	25.0	19.0	38.0	36.0	17.0	23.0	36.0	16.0	13.0	13.0	19.0	18.0	24.0	16.0	21.0	17.0	52.0	73.0	37.0	22.0	79.0	47.0	45.0	35.0	47.0	39.0	46.0	38.0	39.0	53.0	55.0	41.0	8.0	7.0	27.0	19.0	12.0	13.0	10.0	15.0	10.0
alpha_rarefaction_6004_1.txt	6004	1	95.0	79.0	26.0	27.0	22.0	31.0	18.0	21.0	26.0	38.0	18.0	29.0	19.0	36.0	30.0	16.0	22.0	41.0	18.0	14.0	21.0	21.0	17.0	26.0	20.0	24.0	20.0	55.0	73.0	32.0	24.0	78.0	48.0	49.0	35.0	48.0	38.0	36.0	47.0	35.0	51.0	49.0	44.0	8.0	6.0	23.0	18.0	15.0	13.0	10.0	20.0	10.0
alpha_rarefaction_6004_2.txt	6004	2	95.0	81.0	25.0	24.0	19.0	28.0	18.0	22.0	27.0	37.0	20.0	23.0	22.0	33.0	30.0	18.0	22.0	37.0	21.0	18.0	19.0	17.0	19.0	24.0	19.0	26.0	15.0	50.0	67.0	35.0	22.0	81.0	50.0	50.0	41.0	47.0	40.0	40.0	41.0	36.0	50.0	51.0	40.0	9.0	9.0	28.0	18.0	15.0	12.0	10.0	17.0	11.0
alpha_rarefaction_6004_3.txt	6004	3	93.0	76.0	22.0	22.0	19.0	28.0	18.0	20.0	23.0	39.0	20.0	23.0	21.0	37.0	33.0	13.0	19.0	36.0	19.0	13.0	20.0	15.0	15.0	26.0	16.0	18.0	17.0	51.0	76.0	35.0	24.0	88.0	41.0	49.0	38.0	49.0	38.0	41.0	47.0	34.0	52.0	50.0	41.0	8.0	7.0	23.0	19.0	17.0	13.0	12.0	18.0	12.0
alpha_rarefaction_6004_4.txt	6004	4	102.0	84.0	26.0	28.0	21.0	30.0	21.0	24.0	17.0	38.0	24.0	28.0	20.0	38.0	33.0	20.0	19.0	34.0	20.0	14.0	24.0	21.0	14.0	24.0	16.0	21.0	15.0	53.0	72.0	35.0	24.0	74.0	44.0	41.0	40.0	45.0	43.0	36.0	41.0	32.0	49.0	51.0	42.0	9.0	8.0	29.0	19.0	16.0	13.0	11.0	17.0	13.0
alpha_rarefaction_6004_5.txt	6004	5	95.0	75.0	25.0	26.0	20.0	29.0	17.0	21.0	25.0	35.0	25.0	22.0	23.0	41.0	33.0	17.0	19.0	37.0	20.0	23.0	19.0	19.0	15.0	23.0	16.0	18.0	12.0	51.0	76.0	36.0	22.0	79.0	47.0	51.0	36.0	46.0	40.0	45.0	41.0	39.0	52.0	47.0	43.0	8.0	9.0	25.0	18.0	11.0	12.0	11.0	17.0	13.0
alpha_rarefaction_6004_6.txt	6004	6	102.0	78.0	25.0	26.0	19.0	27.0	19.0	29.0	23.0	34.0	23.0	22.0	23.0	35.0	35.0	18.0	21.0	36.0	23.0	17.0	20.0	16.0	14.0	29.0	16.0	24.0	17.0	56.0	74.0	36.0	23.0	83.0	49.0	46.0	42.0	44.0	40.0	42.0	43.0	34.0	53.0	54.0	46.0	9.0	9.0	23.0	18.0	17.0	12.0	11.0	15.0	13.0
alpha_rarefaction_6004_7.txt	6004	7	93.0	79.0	27.0	25.0	20.0	28.0	22.0	22.0	23.0	36.0	24.0	22.0	22.0	36.0	34.0	17.0	21.0	35.0	23.0	20.0	20.0	15.0	19.0	22.0	16.0	19.0	19.0	52.0	76.0	33.0	26.0	76.0	46.0	46.0	33.0	46.0	40.0	42.0	42.0	39.0	53.0	59.0	42.0	9.0	7.0	28.0	18.0	15.0	13.0	12.0	17.0	11.0
alpha_rarefaction_6004_8.txt	6004	8	90.0	79.0	24.0	25.0	18.0	28.0	18.0	20.0	23.0	36.0	26.0	27.0	20.0	38.0	30.0	20.0	22.0	36.0	18.0	19.0	19.0	15.0	17.0	23.0	15.0	21.0	15.0	56.0	76.0	32.0	24.0	77.0	47.0	49.0	40.0	48.0	35.0	37.0	38.0	38.0	53.0	49.0	41.0	9.0	8.0	23.0	20.0	14.0	13.0	12.0	17.0	12.0
alpha_rarefaction_6004_9.txt	6004	9	97.0	78.0	25.0	25.0	20.0	31.0	14.0	18.0	25.0	36.0	24.0	21.0	20.0	38.0	35.0	18.0	24.0	35.0	21.0	16.0	16.0	22.0	13.0	25.0	17.0	19.0	20.0	52.0	73.0	35.0	26.0	79.0	47.0	51.0	38.0	44.0	40.0	39.0	46.0	41.0	45.0	51.0	46.0	9.0	6.0	25.0	19.0	15.0	16.0	12.0	17.0	10.0
alpha_rarefaction_7003_0.txt	7003	0	95.0	86.0	30.0	26.0	23.0	28.0	18.0	24.0	26.0	39.0	27.0	25.0	20.0	36.0	37.0	21.0	27.0	35.0	23.0	25.0	16.0	19.0	21.0	27.0	13.0	24.0	15.0	57.0	76.0	36.0	24.0	89.0	50.0	49.0	39.0	48.0	44.0	43.0	45.0	44.0	55.0	52.0	51.0	8.0	12.0	29.0	18.0	13.0	14.0	14.0	15.0	13.0
alpha_rarefaction_7003_1.txt	7003	1	98.0	81.0	27.0	26.0	23.0	31.0	15.0	23.0	23.0	39.0	25.0	30.0	22.0	39.0	35.0	19.0	21.0	36.0	27.0	18.0	23.0	14.0	20.0	24.0	15.0	24.0	15.0	51.0	78.0	36.0	26.0	80.0	49.0	44.0	41.0	49.0	38.0	48.0	45.0	40.0	55.0	56.0	44.0	9.0	7.0	27.0	20.0	11.0	16.0	13.0	19.0	11.0
alpha_rarefaction_7003_2.txt	7003	2	100.0	80.0	27.0	24.0	23.0	34.0	17.0	24.0	23.0	36.0	24.0	27.0	21.0	35.0	32.0	20.0	23.0	37.0	22.0	18.0	17.0	18.0	22.0	23.0	17.0	24.0	17.0	55.0	77.0	38.0	25.0	85.0	51.0	48.0	38.0	48.0	40.0	45.0	48.0	34.0	51.0	52.0	48.0	8.0	12.0	29.0	19.0	15.0	13.0	9.0	21.0	10.0
alpha_rarefaction_7003_3.txt	7003	3	104.0	81.0	30.0	28.0	21.0	25.0	17.0	27.0	22.0	32.0	24.0	25.0	20.0	38.0	34.0	16.0	22.0	37.0	23.0	16.0	20.0	19.0	17.0	26.0	16.0	16.0	18.0	58.0	81.0	36.0	26.0	82.0	43.0	50.0	37.0	49.0	40.0	45.0	49.0	37.0	48.0	53.0	45.0	8.0	10.0	29.0	21.0	13.0	13.0	15.0	16.0	14.0
alpha_rarefaction_7003_4.txt	7003	4	106.0	80.0	25.0	21.0	31.0	29.0	18.0	23.0	26.0	32.0	27.0	31.0	20.0	44.0	32.0	19.0	22.0	42.0	19.0	14.0	19.0	17.0	20.0	23.0	18.0	23.0	17.0	56.0	77.0	38.0	24.0	82.0	46.0	49.0	39.0	50.0	43.0	43.0	47.0	37.0	50.0	56.0	41.0	9.0	10.0	26.0	20.0	13.0	15.0	12.0	18.0	12.0
alpha_rarefaction_7003_5.txt	7003	5	96.0	88.0	30.0	25.0	24.0	29.0	19.0	25.0	24.0	37.0	23.0	25.0	24.0	38.0	35.0	16.0	20.0	44.0	25.0	18.0	15.0	18.0	15.0	31.0	18.0	27.0	17.0	55.0	75.0	35.0	23.0	87.0	43.0	49.0	36.0	48.0	44.0	42.0	50.0	41.0	56.0	56.0	43.0	8.0	9.0	28.0	20.0	13.0	12.0	13.0	18.0	12.0
alpha_rarefaction_7003_6.txt	7003	6	103.0	78.0	24.0	21.0	28.0	25.0	17.0	23.0	25.0	36.0	24.0	26.0	22.0	37.0	30.0	18.0	23.0	38.0	21.0	15.0	22.0	18.0	17.0	22.0	16.0	19.0	20.0	58.0	76.0	37.0	22.0	89.0	51.0	48.0	39.0	50.0	39.0	45.0	50.0	37.0	56.0	49.0	47.0	8.0	10.0	25.0	21.0	16.0	12.0	10.0	16.0	14.0
alpha_rarefaction_7003_7.txt	7003	7	93.0	81.0	32.0	25.0	24.0	27.0	19.0	27.0	30.0	39.0	27.0	21.0	19.0	37.0	36.0	20.0	25.0	39.0	22.0	15.0	18.0	23.0	16.0	24.0	14.0	21.0	19.0	55.0	78.0	36.0	23.0	84.0	48.0	43.0	45.0	47.0	42.0	47.0	46.0	32.0	54.0	52.0	46.0	9.0	10.0	30.0	19.0	15.0	14.0	14.0	17.0	14.0
alpha_rarefaction_7003_8.txt	7003	8	96.0	79.0	30.0	24.0	23.0	29.0	18.0	23.0	32.0	38.0	26.0	21.0	18.0	36.0	33.0	19.0	20.0	42.0	25.0	20.0	21.0	18.0	13.0	26.0	18.0	25.0	17.0	56.0	78.0	38.0	23.0	80.0	50.0	51.0	41.0	46.0	40.0	37.0	48.0	35.0	56.0	55.0	46.0	9.0	11.0	26.0	20.0	13.0	15.0	12.0	18.0	12.0
alpha_rarefaction_7003_9.txt	7003	9	101.0	78.0	29.0	23.0	25.0	31.0	19.0	25.0	28.0	39.0	23.0	28.0	21.0	42.0	37.0	22.0	26.0	39.0	27.0	23.0	22.0	21.0	16.0	30.0	18.0	18.0	22.0	52.0	77.0	39.0	26.0	79.0	49.0	47.0	37.0	47.0	41.0	47.0	47.0	39.0	55.0	51.0	45.0	8.0	7.0	24.0	21.0	13.0	13.0	12.0	18.0	11.0
alpha_rarefaction_8002_0.txt	8002	0	112.0	87.0	29.0	23.0	26.0	33.0	20.0	26.0	29.0	36.0	25.0	28.0	19.0	42.0	34.0	17.0	22.0	45.0	24.0	15.0	18.0	20.0	18.0	33.0	24.0	25.0	17.0	60.0	74.0	41.0	28.0	87.0	47.0	50.0	42.0	52.0	45.0	44.0	50.0	41.0	55.0	55.0	50.0	8.0	10.0	26.0	21.0	15.0	14.0	12.0	19.0	13.0
alpha_rarefaction_8002_1.txt	8002	1	101.0	87.0	31.0	25.0	19.0	30.0	18.0	25.0	27.0	37.0	26.0	28.0	21.0	44.0	31.0	18.0	27.0	34.0	26.0	18.0	22.0	19.0	18.0	26.0	18.0	26.0	17.0	57.0	80.0	41.0	26.0	82.0	52.0	52.0	46.0	52.0	40.0	47.0	48.0	39.0	57.0	53.0	46.0	9.0	11.0	30.0	20.0	14.0	11.0	14.0	21.0	10.0
alpha_rarefaction_8002_2.txt	8002	2	103.0	86.0	28.0	27.0	25.0	28.0	18.0	27.0	25.0	38.0	21.0	24.0	24.0	37.0	36.0	15.0	23.0	41.0	20.0	20.0	19.0	22.0	22.0	27.0	17.0	27.0	12.0	62.0	80.0	41.0	24.0	85.0	52.0	49.0	37.0	55.0	45.0	45.0	46.0	39.0	59.0	55.0	50.0	9.0	11.0	31.0	21.0	13.0	16.0	12.0	20.0	14.0
alpha_rarefaction_8002_3.txt	8002	3	107.0	83.0	29.0	25.0	25.0	31.0	20.0	20.0	30.0	39.0	28.0	27.0	22.0	36.0	36.0	19.0	25.0	43.0	22.0	18.0	19.0	25.0	20.0	27.0	16.0	30.0	19.0	56.0	78.0	39.0	25.0	80.0	48.0	51.0	42.0	46.0	42.0	47.0	52.0	37.0	55.0	63.0	47.0	9.0	10.0	29.0	20.0	14.0	11.0	14.0	18.0	12.0
alpha_rarefaction_8002_4.txt	8002	4	106.0	85.0	34.0	26.0	26.0	29.0	20.0	27.0	27.0	40.0	24.0	29.0	20.0	43.0	33.0	18.0	22.0	46.0	25.0	20.0	24.0	20.0	19.0	23.0	19.0	24.0	17.0	55.0	81.0	41.0	24.0	84.0	52.0	56.0	39.0	53.0	44.0	44.0	50.0	39.0	58.0	55.0	48.0	9.0	9.0	30.0	20.0	15.0	13.0	16.0	17.0	12.0
alpha_rarefaction_8002_5.txt	8002	5	103.0	94.0	29.0	30.0	24.0	32.0	19.0	26.0	30.0	38.0	26.0	22.0	24.0	42.0	34.0	18.0	24.0	42.0	25.0	22.0	20.0	16.0	15.0	27.0	21.0	24.0	16.0	58.0	86.0	39.0	28.0	87.0	49.0	50.0	42.0	50.0	42.0	46.0	46.0	37.0	57.0	56.0	46.0	9.0	10.0	27.0	21.0	14.0	15.0	13.0	20.0	9.0
alpha_rarefaction_8002_6.txt	8002	6	106.0	93.0	29.0	30.0	23.0	28.0	20.0	26.0	25.0	36.0	28.0	24.0	23.0	40.0	35.0	17.0	19.0	36.0	27.0	22.0	20.0	17.0	22.0	27.0	20.0	23.0	18.0	55.0	80.0	41.0	22.0	79.0	53.0	47.0	40.0	51.0	45.0	43.0	45.0	39.0	55.0	56.0	47.0	9.0	9.0	27.0	20.0	15.0	15.0	12.0	23.0	12.0
alpha_rarefaction_8002_7.txt	8002	7	98.0	83.0	33.0	31.0	25.0	32.0	20.0	28.0	24.0	39.0	26.0	30.0	24.0	40.0	30.0	18.0	26.0	43.0	25.0	17.0	21.0	24.0	14.0	26.0	19.0	23.0	18.0	54.0	82.0	35.0	21.0	88.0	49.0	53.0	43.0	54.0	42.0	48.0	48.0	44.0	54.0	58.0	45.0	8.0	11.0	28.0	19.0	16.0	18.0	11.0	21.0	9.0
alpha_rarefaction_8002_8.txt	8002	8	102.0	84.0	31.0	30.0	25.0	34.0	23.0	23.0	31.0	39.0	26.0	21.0	20.0	45.0	29.0	18.0	20.0	42.0	23.0	18.0	24.0	19.0	18.0	34.0	17.0	28.0	16.0	59.0	81.0	39.0	25.0	89.0	49.0	49.0	38.0	53.0	42.0	47.0	51.0	38.0	55.0	53.0	47.0	9.0	10.0	29.0	21.0	13.0	16.0	13.0	18.0	13.0
alpha_rarefaction_8002_9.txt	8002	9	105.0	79.0	31.0	27.0	27.0	28.0	19.0	26.0	24.0	38.0	25.0	26.0	23.0	41.0	35.0	20.0	27.0	48.0	18.0	20.0	23.0	20.0	20.0	24.0	22.0	21.0	15.0	59.0	83.0	39.0	26.0	84.0	44.0	45.0	39.0	49.0	46.0	43.0	50.0	42.0	62.0	57.0	46.0	9.0	11.0	28.0	20.0	16.0	15.0	11.0	21.0	9.0
alpha_rarefaction_9001_0.txt	9001	0	116.0	88.0	38.0	32.0	27.0	32.0	25.0	21.0	31.0	40.0	30.0	30.0	26.0	39.0	35.0	19.0	19.0	42.0	25.0	23.0	29.0	19.0	22.0	31.0	22.0	28.0	21.0	62.0	82.0	39.0	22.0	84.0	51.0	51.0	43.0	51.0	47.0	50.0	48.0	41.0	48.0	63.0	49.0	9.0	10.0	31.0	21.0	14.0	15.0	18.0	19.0	10.0
alpha_rarefaction_9001_1.txt	9001	1	110.0	87.0	28.0	24.0	26.0	33.0	21.0	25.0	28.0	45.0	26.0	25.0	23.0	45.0	34.0	20.0	27.0	41.0	25.0	24.0	25.0	22.0	18.0	27.0	20.0	28.0	20.0	61.0	80.0	39.0	23.0	83.0	56.0	50.0	42.0	55.0	45.0	49.0	52.0	42.0	58.0	59.0	50.0	8.0	10.0	30.0	21.0	16.0	18.0	13.0	21.0	12.0
alpha_rarefaction_9001_2.txt	9001	2	111.0	82.0	34.0	27.0	28.0	32.0	20.0	23.0	28.0	42.0	26.0	28.0	20.0	42.0	27.0	16.0	24.0	40.0	24.0	22.0	18.0	22.0	23.0	29.0	26.0	24.0	23.0	61.0	77.0	42.0	25.0	90.0	54.0	52.0	45.0	55.0	45.0	46.0	47.0	38.0	53.0	57.0	43.0	9.0	10.0	29.0	20.0	15.0	13.0	12.0	19.0	9.0
alpha_rarefaction_9001_3.txt	9001	3	102.0	93.0	32.0	31.0	29.0	34.0	20.0	26.0	30.0	41.0	26.0	28.0	22.0	42.0	33.0	20.0	25.0	47.0	29.0	22.0	21.0	19.0	20.0	30.0	24.0	26.0	15.0	60.0	81.0	38.0	26.0	87.0	51.0	54.0	41.0	54.0	41.0	47.0	53.0	42.0	57.0	57.0	49.0	8.0	10.0	32.0	21.0	14.0	12.0	12.0	19.0	14.0
alpha_rarefaction_9001_4.txt	9001	4	103.0	84.0	31.0	26.0	26.0	32.0	26.0	28.0	27.0	39.0	25.0	28.0	21.0	39.0	33.0	22.0	29.0	38.0	24.0	21.0	26.0	20.0	19.0	25.0	22.0	24.0	21.0	60.0	82.0	42.0	24.0	89.0	50.0	56.0	41.0	56.0	44.0	48.0	47.0	42.0	58.0	59.0	49.0	9.0	9.0	31.0	21.0	16.0	15.0	12.0	21.0	12.0
alpha_rarefaction_9001_5.txt	9001	5	111.0	89.0	31.0	28.0	20.0	32.0	19.0	27.0	34.0	43.0	25.0	31.0	22.0	41.0	32.0	20.0	22.0	41.0	24.0	23.0	23.0	20.0	17.0	26.0	18.0	25.0	20.0	62.0	82.0	40.0	27.0	91.0	52.0	50.0	41.0	53.0	44.0	50.0	49.0	39.0	64.0	63.0	49.0	9.0	11.0	31.0	21.0	17.0	14.0	11.0	21.0	12.0
alpha_rarefaction_9001_6.txt	9001	6	106.0	82.0	31.0	28.0	23.0	33.0	24.0	28.0	24.0	38.0	28.0	29.0	26.0	41.0	32.0	21.0	22.0	39.0	26.0	21.0	25.0	22.0	24.0	29.0	18.0	22.0	23.0	61.0	79.0	38.0	23.0	90.0	52.0	52.0	44.0	56.0	46.0	53.0	53.0	43.0	62.0	64.0	50.0	9.0	9.0	28.0	21.0	17.0	12.0	16.0	20.0	10.0
alpha_rarefaction_9001_7.txt	9001	7	100.0	91.0	32.0	24.0	22.0	33.0	21.0	26.0	26.0	39.0	27.0	32.0	25.0	41.0	34.0	18.0	22.0	43.0	27.0	18.0	18.0	26.0	19.0	30.0	21.0	24.0	20.0	60.0	83.0	39.0	24.0	89.0	53.0	53.0	42.0	52.0	43.0	43.0	52.0	44.0	60.0	59.0	50.0	8.0	8.0	28.0	21.0	16.0	14.0	15.0	19.0	14.0
alpha_rarefaction_9001_8.txt	9001	8	107.0	88.0	31.0	28.0	24.0	34.0	22.0	33.0	31.0	41.0	32.0	31.0	22.0	41.0	39.0	17.0	24.0	44.0	26.0	22.0	25.0	20.0	23.0	29.0	20.0	29.0	18.0	60.0	80.0	40.0	24.0	85.0	55.0	48.0	45.0	53.0	44.0	42.0	48.0	42.0	61.0	64.0	48.0	9.0	8.0	28.0	19.0	14.0	14.0	12.0	24.0	12.0
alpha_rarefaction_9001_9.txt	9001	9	104.0	91.0	29.0	25.0	22.0	30.0	23.0	26.0	26.0	41.0	24.0	27.0	22.0	40.0	29.0	21.0	27.0	43.0	22.0	23.0	22.0	25.0	18.0	32.0	23.0	28.0	23.0	60.0	79.0	42.0	25.0	89.0	51.0	51.0	41.0	53.0	42.0	48.0	47.0	42.0	56.0	59.0	46.0	8.0	12.0	31.0	20.0	14.0	16.0	13.0	22.0	14.0
alpha_rarefaction_10000_0.txt	10000	0	111.0	89.0	32.0	27.0	23.0	35.0	23.0	27.0	33.0	40.0	29.0	29.0	18.0	41.0	40.0	23.0	23.0	40.0	29.0	23.0	26.0	22.0	20.0	24.0	17.0	23.0	20.0	61.0	85.0	41.0	24.0	90.0	52.0	57.0	44.0	57.0	46.0	49.0	51.0	42.0	55.0	56.0	52.0	8.0	9.0	31.0	21.0	17.0	13.0	16.0	20.0	17.0
alpha_rarefaction_10000_1.txt	10000	1	110.0	89.0	32.0	25.0	25.0	32.0	23.0	25.0	29.0	40.0	24.0	33.0	25.0	41.0	33.0	20.0	22.0	48.0	23.0	19.0	22.0	23.0	19.0	33.0	22.0	29.0	22.0	61.0	80.0	43.0	27.0	89.0	49.0	54.0	39.0	54.0	43.0	52.0	56.0	41.0	61.0	60.0	49.0	9.0	8.0	30.0	21.0	19.0	17.0	16.0	20.0	14.0
alpha_rarefaction_10000_2.txt	10000	2	108.0	92.0	31.0	29.0	21.0	34.0	21.0	29.0	27.0	39.0	25.0	26.0	21.0	42.0	39.0	20.0	22.0	38.0	27.0	24.0	24.0	24.0	21.0	26.0	23.0	30.0	23.0	61.0	83.0	43.0	26.0	85.0	52.0	55.0	37.0	57.0	44.0	46.0	50.0	41.0	59.0	61.0	50.0	8.0	11.0	31.0	21.0	18.0	15.0	13.0	25.0	11.0
alpha_rarefaction_10000_3.txt	10000	3	105.0	90.0	31.0	26.0	25.0	35.0	21.0	29.0	32.0	39.0	29.0	32.0	26.0	45.0	36.0	20.0	29.0	43.0	30.0	25.0	22.0	22.0	22.0	27.0	20.0	30.0	16.0	62.0	82.0	41.0	27.0	99.0	55.0	51.0	43.0	53.0	47.0	44.0	57.0	44.0	64.0	59.0	51.0	9.0	10.0	32.0	21.0	16.0	15.0	16.0	22.0	13.0
alpha_rarefaction_10000_4.txt	10000	4	100.0	83.0	29.0	27.0	26.0	34.0	20.0	28.0	30.0	42.0	26.0	26.0	23.0	51.0	36.0	20.0	25.0	44.0	23.0	23.0	24.0	23.0	22.0	30.0	25.0	28.0	21.0	59.0	84.0	41.0	23.0	84.0	53.0	53.0	44.0	54.0	45.0	50.0	50.0	42.0	66.0	58.0	49.0	9.0	11.0	31.0	21.0	17.0	16.0	15.0	21.0	14.0
alpha_rarefaction_10000_5.txt	10000	5	107.0	84.0	31.0	29.0	25.0	34.0	20.0	26.0	28.0	42.0	30.0	31.0	26.0	44.0	38.0	17.0	29.0	51.0	28.0	22.0	22.0	23.0	21.0	33.0	19.0	26.0	23.0	62.0	83.0	43.0	24.0	85.0	50.0	52.0	46.0	54.0	43.0	51.0	54.0	40.0	60.0	59.0	51.0	8.0	11.0	29.0	20.0	17.0	15.0	17.0	19.0	12.0
alpha_rarefaction_10000_6.txt	10000	6	108.0	87.0	32.0	30.0	26.0	33.0	24.0	28.0	33.0	41.0	26.0	26.0	21.0	42.0	35.0	21.0	35.0	44.0	26.0	18.0	22.0	20.0	18.0	27.0	16.0	23.0	20.0	62.0	86.0	42.0	24.0	90.0	56.0	53.0	47.0	54.0	44.0	45.0	51.0	42.0	54.0	53.0	51.0	9.0	11.0	31.0	21.0	17.0	16.0	16.0	19.0	13.0
alpha_rarefaction_10000_7.txt	10000	7	114.0	93.0	30.0	28.0	30.0	33.0	23.0	25.0	25.0	40.0	23.0	28.0	23.0	42.0	32.0	22.0	29.0	49.0	25.0	20.0	21.0	20.0	22.0	32.0	19.0	23.0	18.0	61.0	83.0	42.0	24.0	93.0	49.0	57.0	45.0	56.0	43.0	52.0	53.0	44.0	54.0	63.0	51.0	9.0	12.0	31.0	21.0	16.0	14.0	16.0	20.0	12.0
alpha_rarefaction_10000_8.txt	10000	8	110.0	93.0	31.0	29.0	23.0	32.0	22.0	25.0	29.0	41.0	24.0	30.0	20.0	41.0	41.0	20.0	22.0	44.0	28.0	22.0	21.0	24.0	20.0	34.0	20.0	24.0	22.0	62.0	84.0	41.0	24.0	92.0	49.0	57.0	42.0	54.0	45.0	51.0	53.0	40.0	57.0	61.0	48.0	9.0	11.0	31.0	21.0	13.0	16.0	13.0	24.0	14.0
alpha_rarefaction_10000_9.txt	10000	9	110.0	88.0	32.0	29.0	23.0	32.0	23.0	26.0	32.0	39.0	27.0	27.0	20.0	44.0	35.0	19.0	27.0	46.0	28.0	20.0	23.0	21.0	20.0	28.0	18.0	30.0	17.0	61.0	88.0	43.0	22.0	92.0	48.0	51.0	45.0	53.0	43.0	51.0	47.0	45.0	55.0	59.0	50.0	9.0	10.0	31.0	21.0	18.0	15.0	19.0	24.0	12.0