0	229854	4437124	1142181	4431899	2020093	326629	3409375	795216	535512	3647779	530323	136727	202518	547183	3291002	3548163	256207	4455886	2116283	296752	795901	798326	4426459	809807	4442864	4009970	252759	2630939	1146308	261768	139347	726047	236830	4326474	4332943	180467	141395	4325496	530061	284592	4399547	220728	707472	1104783	2683209	1127836	825815	4474226	4458112	940651	780514	547738	202229	567189
1	4322265	127534	4470884	4344112	4297587
2	213358	816797	670696	2843097
3	172946	1127017	278436	292083	239255	18466
4	4452949
5	734152	3689413
6	4308961
7	759363
8	4323734
9	823009	815762
10	4423155
11	3106714
12	2286116
13	3190878	3836963
14	4391683	3431066
15	1133369
16	219508
17	288404
18	346735
19	815912
20	266521
21	1928988
22	114015	3792137
23	3825327
24	4460175	639466
25	4015030
26	1133483
27	729293
28	3014179
29	4427993
30	4343117
31	4409929
32	1142178
33	4332975
34	699249
35	4438491
36	4340384
37	801940
38	1941303
39	4042859
40	576962	800075	200605	727248
41	202459	3337473	4379602
42	4363260	2182540
43	4271527	203261
44	4446882
45	3064426	2261036	1604187	3594973
46	4386156
47	3726184	237361	687345	658040
48	182569	301537	266495	4392815	2941516	267007
49	4363259
50	114724
51	3871866
52	202949	201138
53	3269889
54	4423550	272303	515655	178438
55	2679839	2679838
56	1837676
57	4344033	553287
58	180127
59	4479774
60	202758
61	202294
62	82092	249835	238870	201382	4428632
63	2730777
64	3366304
65	4409453	2601820
66	2361381	2521448
67	1718272
68	4417185
69	150571
70	203220	1799396
71	426860	4344031
72	268769	101908
73	4336814
74	3192744	4383289	4470394	4343596	269674
75	104534	420318
76	573196	4379251	1129860
77	836195	4281508	260063	100316	281828
78	150700
79	202449	308020
80	4455990
81	1824285	3990168	4477989
82	4459468
83	4371218	810216
84	3779572
85	4251079
86	2107103
87	1129716	285739	1106961	4431138
88	203529
89	4022282	670909
90	2984017	1130364
91	951205
92	717487
93	1931714
94	823117	4368777
95	1138804
96	4336154	4366536
97	201206	4424862	203454	593456
98	708774
99	123662
100	4298210	2335039
101	3761685	200370
102	294612
103	2909029
104	300695
105	4349225
106	730039
107	222095	4425448
108	225636
109	539547
110	4091454	180402
111	3390949	4312504
112	4377103
113	4363563
114	3256066	3802004
115	4463866	4332942	2745509
116	1128285	125020
117	2014493
118	3770699
119	202302
120	2170497
121	4097115
122	696036
123	4323100	732105	4304655	161506
124	1145804	832147
