0	229854	367523	150671	715430	539222	173306	949904	229982	202080	2012005	114305	1070446	539765	4466628	3787592	202196	2680998	899137	166429	155181	249538	3589625	108124	406361	268559	679616	18867	3322007
1	4437124	512263	88848	724147	318282	299638
2	726047	4483176	1967
3	4323734
4	4409929
5	1129860
6	4477989
7	1799396	1111696	530315
8	639466
9	4312504	322383	4299768	257898
10	4455990
11	213358	305530	824161	770090
12	2020093	4406763	715138
13	200605	690782	3849894	98091	250288	16272	227321	610967	299904	818401	141010	558772	277968	741546	1124068	309766
14	180127
15	3548163	4261547	2474588	4446818
16	296752	254542	3744356
17	4452949
18	2630939	4379200	3726475	337888	4406577
19	734152	224198	1118984
20	4308961
21	3689413	4434334
22	759363
23	4281508
24	823009
25	4423155
26	4474226
27	4304655
28	3106714
29	161506	808695
30	2286116
31	308020	160113
32	4379251	278072
33	1106961	562925	4479984	200279	4371796	844106	4372395	4397177	3618038
34	18466	4398983
35	420318	4368205	4401305	1134608
36	346735
37	940651	2437270
38	4391683	619141	587612	4387052	1124893
39	178438
40	150700
41	3802004	793380	1136265
42	219508
43	832147	58314
44	288404
45	4343596
46	3190878
47	815912
48	203454	4448789
49	4379602	3927137
50	4332942	1003894
51	266521
52	4344112	4385854	209766
53	1928988
54	780514
55	1133483
56	547738
57	114015
58	2601820
59	4425448	2984014	694268	4393618	501876
60	2679838
61	2730777
62	3825327
63	4460175	3431067
64	180402
65	4015030	4377536
66	3431066
67	3836963
68	951205
69	593456	747039	136414	4366456
70	202229	1137245
71	269674
72	3014179
73	2745509	231591
74	100316
75	4427993
76	3792137
77	4344031	52	395893
78	4297587
79	201382
80	4366536	200762	584502	3411374	710049
81	2521448
82	1142178	107637	513826
83	4428632
84	658040	269517
85	4431138	292079
86	699249
87	815762
88	4438491
89	708774	2404302
90	1130364
91	4340384
92	123662
93	281828
94	801940
95	4343117
96	1941303
97	4386156	3464844	4401868	2372909
98	567189
99	717487
100	576962
101	1142181	17532
102	4431899
103	202459
104	4363260
105	4271527	4385066
106	1129716	200436	159805	664150
107	285739
108	3064426
109	4042859
110	3726184	4328888
111	3192744	4354931
112	182569
113	1128285	141782	841246
114	1824285
115	114724	4375601
116	800075	161220
117	202949
118	3269889
119	4322265	1121803
120	4423550
121	2679839
122	1837676
123	4344033
124	272303	168397	184401	193598	191032	250269
125	237361	779373	809436	275300	225404
126	4479774
127	326629
128	202758
129	202294
130	82092
131	727248	242647	553290
132	4383289
133	3409375
134	795216	3392685
135	816797
136	535512	259321	2185597
137	3366304
138	301537	300727
139	3647779	821823
140	3761685
141	530323
142	136727	653625	1146677
143	202518
144	2361381
145	1718272
146	547183
147	4417185
148	3291002	251082
149	150571
150	127534	60610
151	256207
152	4455886
153	2909029
154	3871866
155	268769
156	2116283
157	2261036
158	426860
159	104534
160	795901	52397	1146596	632092	732106	2030888	240030	149399	812753	3629722	304382	347595	1786825	4329986	263869	544773	228584	4436944	113368	232590	1629627	340397
161	798326	301880	4282977	818177	4342143	509688	579790	3294224	2587360	293434	1140535	2103326
162	836195	1143371	2963552
163	4426459	300331
164	266495
165	202449
166	4336814
167	809807	132414	564220	3462709
168	4442864
169	4009970	829918	2301651
170	4459468	200173	201696	199828
171	4371218	202341
172	252759	4476738
173	249835
174	3990168	4343334	2414618	4479541
175	201138	807337	110455
176	670696
177	2107103
178	4392815	523033	516290
179	515655	4413327	1599709	4359916
180	810216	4147840
181	4446882	4351771	2088685
182	172946	536947	52036	2421042	825314	1116083	4399807	571566	223226
183	238870
184	2984017
185	1146308	4391686
186	729293
187	1133369
188	2941516	529442
189	1127017	4232137	164913
190	261768
191	573196
192	278436	343668	266622
193	1931714
194	823117
195	139347	513052
196	1138804
197	4336154
198	201206
199	267007	179000
200	101908
201	236830
202	4326474	4481901
203	4298210
204	2182540	119231	4457249
205	4332943
206	180467
207	141395	6010	2838848
208	4470884	4375676
209	3337473	4296608
210	4022282
211	4325496	236403	804911
212	530061	297086	322376	195743	817699	14306	291922	290541
213	294612
214	203220
215	300695
216	284592
217	1604187
218	4399547	349318
219	4424862	214943
220	4349225
221	730039	3223797
222	220728
223	707472	344325
224	222095
225	225636
226	200370
227	1104783	2811009
228	539547
229	4470394
230	4091454
231	4323100	773201	1129723
232	670909	549759	2539596	4460931
233	2683209	806814
234	3390949	203151
235	4377103	244739	1932084
236	4363563
237	260063
238	553287	3829182	813376	543245	4437875	4344030
239	3256066	161018	561717	102556	881637	936914	227130
240	1127836	722309
241	4463866
242	825815
243	292083	200466
244	2843097
245	125020	141088	723019	111614
246	732105
247	3779572
248	4363259	104010	535510
249	2014493
250	3770699
251	203529
252	239255	2694193
253	202302	534156	4475735
254	203261
255	2170497
256	4368777	770657
257	4097115	203472
258	696036
259	687345	3407358	804563
260	4251079
261	3594973
262	4458112	4213092	2175863
263	4409453
264	4332975
265	1145804
266	2335039
