0	229854	579266	43095	4172205	1108220	140806	390897	452424	1963518	289174	101800	663562	817470	8194	1123168	72653	206404	611320	315115	4369138	4390249	266984	4323476	185977	802223	806767	202797
1	367523	593154	1147044	566078	30366	3749715	875406	4341949	4365208	553849	1953696	3979167	4389652	269486	837672	1030652	44257	245228	312296	3936461	226359
2	4437124	562348
3	4460931	657848
4	1799396
5	4296608	774303
6	136414	141197	1116472	3105644
7	199828
8	4474226
9	4354931
10	200605	15609	622212
11	172946	722791	559753	562730	1123337	111100	2627106
12	296752	317471	289589
13	238870
14	4308961
15	539222	4401161
16	297086
17	229982	268585
18	759363
19	3990168	2714175	4415094
20	818177	226314
21	4304655
22	3106714	1115206
23	808695
24	539765
25	304382
26	3787592	541263	268871
27	281828
28	1786825
29	219508
30	3411374	4215053	1718973	111520
31	4344112	4470867
32	2680998
33	547738
34	114015
35	4406763	258655
36	119231
37	3431066	800428	775673
38	1133483
39	729293
40	202229
41	3014179
42	3792137	1846254
43	343668	737520
44	108124
45	4297587
46	88848	107282	552169	4403865	564864	555238	1967331	4222439	3091986	4417074	233513	2553816	339598	2000330	3174795	1129115	2581885	4423721	211601	787483	551282	302639
47	251082	4463685	551892	566513	277298	808267	552862	4446626	336306	4343435	4468519	12481	578414	2012210	4474638
48	201206
49	104010	1522124
50	293434
51	699249	651366	4482291
52	4438491
53	770657
54	1130364
55	4457249	200020
56	804911	98560
57	4343117
58	715138
59	4232137	4369839	202951
60	2301651
61	318282	4342359	584476	136285
62	4455886
63	4446882	580377	639310	4336479	4312480
64	4351771
65	535510
66	290541	199436	191213	271544
67	161220	847080	537598
68	2404302
69	164913	1109328	2003850
70	4398983	561378
71	2679839
72	309766	295986
73	4385066
74	841246	285041	3597424	104684
75	513826
76	4328888
77	202294
78	82092
79	4147840	2849206	209952	1135847
80	4475735	203137
81	2088685
82	269517
83	2103326	4349619	3092940
84	340397	319706	4374051	288420	288835	298151
85	182569
86	529442	521724
87	3322007	4404362	4437452	208896	4428100
88	1134608	4414872	1122413	827585
89	4366456	199983
90	261768
91	227130	3688719	207524	4255849
92	299638	2716598
93	2335039
94	547183	686593
95	223226
96	257898
97	111614	1878663	3254766
98	268769	154833
99	3431067	620479	4327059	264416
100	795901	93929	4354637	4376730	259799	245254
101	798326	658364	49231
102	836195
103	4426459	556165
104	266495
105	202449	15791
106	690782
107	4366536	201728	74066	141349	740167
108	809807
109	4009970
110	4371218	201026	203413
111	201138	266820
112	4392815	4464328
113	515655	173296	291356	1668820
114	1129716
115	3548163	4196442	691759	1818574	4441040
116	823009
117	2984017	2984011
118	1146308
119	2941516	4451714	4461517
120	132414	164112	752144	250188	2223778	247171	200629	647539
121	52397	548425	129486	4286230	767184	1663
122	150671	104691	1133974	566726
123	4336154	246601
124	4391686
125	4298210
126	141395	206066
127	4470884	255056	1222	575997
128	200762	233988
129	530061	93487	4378235
130	294612
131	203220
132	284592	3218678
133	4261547	3203493	2449279	3640585	3785576
134	1604187
135	4399547
136	730039
137	1146596
138	200370
139	1104783
140	539547
141	4323100	749636
142	670909
143	2683209
144	632092	547795	256432	1140419	4418129	218058
145	300331	139265	152946	290981	786223	3793	145173
146	260063
147	553287	698544	540377
148	3256066	549010	1109493
149	715430
150	2843097
151	4363259
152	3829182	660248	202746
153	301880
154	173306	843811
155	239255
156	732106	1118873	349253
157	203261
158	2170497
159	4368777
160	687345
161	420318	324136
162	536947	1122145	1140189	633082	1110170
163	949904	301717	583622	4454164	4462692
164	726047	4401294	2954930
165	4391683	1127610	354006
166	272303	176242	270225	301528	298655	336499
167	4312504	4021961	564591
168	549759	820775	79191	534023	4328851
169	2539596	103287	2318997	4376591	1972501	1777944	593705
170	2020093
171	6010
172	2030888	169933
173	240030
174	734152
175	4282977
176	584502	543286	278587
177	4281508
178	3849894	37498
179	4423155
180	161506
181	202080
182	308020	4439913	4358107
183	322383	4405409	3025741	264140
184	940651	434992
185	150700	50206
186	832147	1130023
187	4343596
188	3407358
189	4379602
190	266521	4353811	3623262
191	322376
192	2838848
193	3825327
194	3836963
195	813376	135186	201959
196	4368205	1767472
197	2745509
198	149399	1251
199	4344031
200	807337	202528	202110	4334586
201	2521448
202	812753
203	4332975
204	4431138
205	2012005	746370	788933	578646
206	4386156	4108286
207	1142181	520886
208	4363260
209	114305	39737	48952
210	3629722
211	4343334
212	98091
213	4425448	271332
214	4477989
215	727248	726110
216	237361
217	4479774
218	1106961	811993
219	535512	4426962
220	202518
221	161018	584663	824445
222	150571
223	127534
224	292079	629139
225	2116283
226	1070446
227	250288	4471194	72205	575820
228	104534
229	16272	4374484
230	3770699
231	4413327	346007	255981	3721617
232	2261036
233	4452949
234	951205
235	4342143	290285	4419304
236	573196
237	823117
238	267007	348942
239	101908	3892
240	4326474	2423264
241	200436	3470777
242	4344033
243	3337473
244	136727	1147645
245	2909029
246	52036	4395069
247	222095
248	225636
249	4458112	2545405	589799	4339110
250	4466628	164784
251	2421042
252	18466
253	3464844
254	259321	3270001
255	825314
256	4459468
257	825815
258	561717
259	562925	1141056	346388
260	125020
261	252759	112239
262	1128285
263	2014493
264	3192744	4482284
265	242647
266	347595
267	696036
268	4251079
269	202196	1147263
270	4483176	3882796
271	227321
272	3594973
273	4479984
274	200279	815435	2724974
275	1142178
276	4371796
277	102556
278	254542	4021998
279	564220
280	213358	100328
281	305530	4219827
282	159805	18084	771	43314
283	2630939
284	3689413	1146005
285	168397	3631907
286	4409929
287	4329986
288	4379200	1513052	817295	153593
289	4379251	71213
290	543245
291	195743	198417	526963
292	224198	4337602	555844
293	3802004	4352520
294	288404
295	779373
296	3190878
297	815912
298	58314	3202061	1115574	144924
299	203454
300	4332942
301	1928988	4418110
302	780514
303	17532
304	610967	3843950
305	200173	202279	4304452
306	4460175	4407748
307	806814	823226
308	4015030
309	844106	851138	219691
310	593456
311	4401868	4097804
312	179000	181532
313	793380	102747
314	184401
315	2984014
316	553290
317	4340384
318	263869
319	2414618
320	801940
321	1941303
322	567189
323	2437270	225042	4367238
324	2811009
325	747039
326	3726475
327	4271527
328	3064426
329	4042859	4444173
330	114724
331	1837676
332	3761685
333	1136265	518048
334	180127
335	899137
336	694268	4294447	28429	111582	247376	4447856	3058155
337	3409375
338	795216
339	816797
340	301537
341	3647779
342	530323	297438
343	285739
344	4375601
345	4417185
346	166429
347	4213092
348	1127836
349	2182540
350	201696
351	4431899
352	4442864
353	3779572
354	249835	4340429
355	670696
356	817699
357	4479541
358	810216
359	155181
360	203529
361	4022282
362	1967
363	249538	229118	519270	202504
364	1127017
365	544773
366	278436
367	1931714
368	139347
369	619141
370	809436	211527
371	2474588
372	708774
373	2679838
374	800075
375	4401305	2370178	4419449	308163
376	829918	4386152
377	815762
378	300695
379	4377536
380	512263
381	707472
382	349318	677077	4444251
383	4470394
384	4434334
385	299904
386	4377103
387	4363563
388	1116083	4298922
389	228584
390	4463866
391	292083
392	3392685
393	202949
394	14306
395	202302
396	821823
397	4097115
398	200466
399	291922
400	4399807	2851831	72480
401	3390949	535618
402	513052
403	337888
404	4322265	90217	619364	1143648
405	60610	200455	209483
406	881637
407	3744356
408	202758
409	4436944
410	4323734
411	160113
412	1138804
413	2286116
414	2372909
415	236830
416	1129860
417	178438
418	1133369
419	346735
420	3927137
421	523033
422	113368	167253	811806	4447353	243283	836717	523761	835619	220164	4415436	769256	1125422	4352370	2828460	570616	4387049	259652	812800
423	3589625	4389302
424	180402
425	3291002
426	4372395
427	269674
428	4325496
429	4427993
430	818401
431	2175863
432	2601820
433	344325
434	4397177
435	804563
436	4476738	4390728
437	4428632
438	658040	548702
439	509688
440	1121803
441	4375676	236945	674402
442	300727
443	4446818	2957822
444	4448789
445	579790
446	576962
447	587612
448	193598
449	202459
450	3294224	806676	158692	287316	106474
451	3726184	242471
452	232590	109057	806700	4445042	2207590	193092	2672862	3020522	243172	220360	3258903	576989	3784054
453	2361381	140201
454	141010	330398	4380675	339685	149095	4464638	831195	2389720	515322
455	3618038	568498
456	4393618	634007
457	3871866
458	773201
459	3269889
460	4423550
461	275300	4406270	740477	2224376	202507	243779	4439657
462	558772	4392534	328323
463	326629
464	406361	143944	834065	4472725	696948
465	231591	3092716
466	1118984	4427102
467	4383289	819537
468	202341	4474675	4442688	4466524
469	824161	4336348	614539	650505	559924	252873	54146	534059	543548	625188	4425146	3116298	250592
470	107637	4403441
471	2730777
472	936914	4453908
473	4437875	4345542	4437874
474	236403	4334584
475	2587360	3397195	1113653	541205	3283943
476	3366304
477	4409453	4395236	4044058
478	1718272	4353106
479	277968	250567	660890	594063	996510	4004098
480	724147	346062	2720387	104067	321979	327358	268923	298198
481	1143371
482	256207
483	426860
484	4344030	203276
485	4336814
486	1129723
487	639466	4432907
488	141782
489	4455990
490	1824285	2033050
491	244739	511200	835532	136950	113993	594168	4345443	696942	1139503	4386447	216451	4295908	130062
492	710049
493	268559	4453818	242352	266484
494	653625	267027
495	1932084
496	2107103
497	4385854	152225	3664333	4475689	4350673
498	225404
499	266622	239967
500	516290
501	203472	153120
502	1111696	577032	146921	1843326	819696
503	52
504	717487
505	278072	4381178	279044
506	191032	4220777	287366	528758	319260	294105
507	141088	549322
508	2185597	162211
509	100316	1961476
510	123662
511	4299768	3950214	159367
512	1599709	1117319	4399328	1523543	697063
513	4332943	833346	4328130
514	180467
515	1140535	280092	335452	4267879	284008	751618
516	770090
517	4481901	2663929
518	1146677	2541517	272134	807929
519	3462709
520	1003894	352709	1125822	290085	182594	80101	945028	4460178
521	4424862	250886
522	4387052	760005	4303796	3676485
523	4349225
524	1629627
525	722309	4468833
526	220728
527	723019	883	238890	4447237	104936	112651
528	4091454
529	250269	2541514
530	571566	534672	2996647
531	534156	4349618	658952	202318
532	4359916
533	1137245	552808	4399236	4474268	809180	2717583
534	530315	700579	314485
535	679616	4460179
536	110455	4310799
537	203151	613703
538	664150
539	201382	663899	4083687
540	741546
541	732105
542	2694193	615282	3518314
543	214943
544	501876	4387054
545	1124068	227846	1131787	118018
546	18867
547	4406577	1965557
548	395893	2858609
549	1124893
550	2963552	1133015
551	3223797	576072	3899192	146428
552	209766
553	1145804	1130065
