# Constructed from biom file
#OTU ID	C-AS/90	C-AS/90+50h	C-AS/90+140h	C/30	C/30+120h	C/90	C/90+50h	C/90+140h	LB+LP/30	LB+LP/30+120h	LB+LP/90	LB+LP/90+50h	LB+LP/90+140h	LB-AS/90	LB-AS/90+50h	LB-AS/90+140	LB-AS/90+140h	LB/30	LB/30+120h	LB/90	LB/90+50h	LB/90+140h
Unassigned;Other;Other	0.000996545017933	0.000374953130859	0.000161353525575	0.00340382245349	0.00019727756954	0.00315138685078	0.00256725401457	0.000171276869059	0.000311862468651	0.000200846232125	0.000628418291432	0.000488745640917	0.00116844750805	0.000633747029311	0.000505912112477	0.000588622277622	0.00094478889873	0.000356278669299	0.000219002501239	0.00050482238223	0.000563919331802	0.000890743528797
k__Bacteria;Other;Other	2.19503307915e-05	8.33229179686e-06	0.0	0.000156497584069	0.0	3.36789434434e-05	3.44597854304e-05	0.0	2.59885390543e-05	0.0	1.21629346729e-05	1.76124555285e-05	7.3487264657e-06	4.40102103688e-06	1.76480969469e-05	0.0	4.4286979628e-05	1.48449445541e-05	3.45793423009e-05	1.89782850463e-05	0.0	2.42049871956e-05
k__Bacteria;p__Actinobacteria;c__Actinobacteria	0.0	1.66645835937e-05	0.00463315123435	0.000176059782077	0.00177549812586	3.36789434434e-05	7.46628684325e-05	0.000642288258971	5.19770781086e-05	0.0	4.05431155763e-05	4.40311388214e-06	4.40923587942e-05	1.32030631106e-05	1.17653979646e-05	0.0	0.0	1.48449445541e-05	0.0	0.000390952671953	8.32012128888e-05	4.84099743911e-06
k__Bacteria;p__Armatimonadetes;c__[Fimbriimonadia]	0.0	0.0	0.0	0.0	0.0	0.0	0.0	0.0	0.0	0.0	1.21629346729e-05	0.0	0.0	0.0	0.0	0.0	0.0	0.0	0.0	0.0	0.0	0.0
k__Bacteria;p__Bacteroidetes;c__Bacteroidia	4.3900661583e-06	0.0	6.91515109605e-05	0.0	0.0	1.44338329043e-05	1.14865951435e-05	0.0	0.0	0.0	0.0	0.0	7.3487264657e-06	4.40102103688e-06	0.0	0.0	1.47623265427e-05	0.0	0.0	1.5182628037e-05	0.0	0.0
k__Bacteria;p__Bacteroidetes;c__Flavobacteriia	0.0	0.0	0.0	0.0	0.0	1.92451105391e-05	0.0	0.0	0.0	0.0	0.0	0.0	0.0	0.0	0.0	0.0	0.0	0.0	0.0	0.0	0.0	0.0
k__Bacteria;p__Bacteroidetes;c__Sphingobacteriia	4.82907277413e-05	9.16552097654e-05	0.0	0.0	0.0	1.44338329043e-05	4.59463805739e-05	0.0	0.0	0.0	1.62172462305e-05	0.0	0.0	3.96091893319e-05	0.0	0.0	0.0	0.0	0.0	1.89782850463e-05	0.0	4.84099743911e-06
k__Bacteria;p__Bacteroidetes;c__[Saprospirae]	2.19503307915e-05	0.0	0.0	0.0	0.0	2.88676658087e-05	4.59463805739e-05	0.0	0.0	0.0	0.0	0.0	0.0	1.32030631106e-05	0.0	0.0	0.0	0.0	0.0	0.0	0.0	0.0
k__Bacteria;p__Chloroflexi;c__Thermomicrobia	0.0	0.0	0.0	0.0	0.0	1.92451105391e-05	0.0	0.0	0.0	0.0	0.0	0.0	0.0	0.0	0.0	0.0	0.0	0.0	0.0	0.0	0.0	0.0
k__Bacteria;p__Cyanobacteria;c__Nostocophycideae	0.0	0.0	0.0	0.0	0.0	0.0	0.0	0.0	0.0	0.0	0.0	0.0	0.0	0.0	0.0	0.0	0.0	0.0	0.0	1.5182628037e-05	0.0	0.0
k__Bacteria;p__Firmicutes;c__Bacilli	0.664151158758	0.90132066825	0.989880828896	0.660048123007	0.993450384691	0.47935240203	0.377805600864	0.961591162114	0.989682549995	0.988123292807	0.931449700184	0.9169308535	0.867539205456	0.918915588417	0.873080769457	0.91821612825	0.817478594627	0.986877069014	0.988300655855	0.950151636498	0.919696962693	0.894785761658
k__Bacteria;p__Firmicutes;c__Clostridia	0.0586073832133	0.00114152397617	9.2202014614e-05	0.0034233846515	0.000276188597356	0.0844090548245	0.0418456661077	0.0197824783763	0.0	1.33897488083e-05	8.10862311525e-05	4.40311388214e-05	5.14410852599e-05	0.00012762961007	9.41231837167e-05	0.00010387451958	8.11927959846e-05	2.96898891083e-05	0.0	5.31391981295e-05	0.000101690371309	4.3568976952e-05
k__Bacteria;p__Fusobacteria;c__Fusobacteriia	0.0	0.0	0.0	0.000352119564154	0.0	1.92451105391e-05	0.0	0.0	0.0	0.0	4.05431155763e-06	0.0	0.0	0.0	1.76480969469e-05	0.0	0.0	0.0	0.0	0.0	0.0	0.0
k__Bacteria;p__Gemmatimonadetes;c__Gemm-1	0.0	0.0	0.000368808058456	0.0	0.0	0.0	0.0	0.0	0.0	0.0	0.0	0.0	0.0	0.0	0.0	0.0	0.0	0.0	0.0	0.0	0.0	0.0
k__Bacteria;p__Planctomycetes;c__Planctomycetia	0.0	0.0	0.0	0.0	0.0	0.0	0.0	0.0	0.0	0.0	0.0	0.0	2.20461793971e-05	0.0	0.0	0.0	0.0	0.0	0.0	0.0	0.0	0.0
k__Bacteria;p__Proteobacteria;c__Alphaproteobacteria	0.000895573496293	0.00119985001875	0.00329622202245	0.00197578199887	0.00201223120931	0.000995934470399	0.00165981299823	0.000578059433074	0.000142936964799	0.000214235980933	0.000664907095451	0.00084539786537	0.000595246843722	0.000523721503389	0.000535325607389	0.000865620996503	0.000501919102451	5.93797782165e-05	0.00012679092177	0.000345404787842	0.00185353813158	0.000750354603062
k__Bacteria;p__Proteobacteria;c__Betaproteobacteria	0.00193601917581	0.000333291671874	0.000299656547496	3.91243960171e-05	0.0	0.000120281940869	0.000723655494038	0.00107048043162	1.29942695271e-05	0.0	8.91948542678e-05	1.32093416464e-05	5.14410852599e-05	2.64061262213e-05	0.000194129066416	3.46248398601e-05	0.000302627694125	0.0	1.15264474336e-05	1.89782850463e-05	0.00100765913388	1.93639897564e-05
k__Bacteria;p__Proteobacteria;c__Deltaproteobacteria	0.0	0.0	0.000184404029228	0.0	0.0	0.0	0.0	0.0	0.0	0.0	0.0	0.0	0.0	4.40102103688e-06	5.88269898229e-05	0.0	0.0	0.0	0.0	0.0	0.0	0.0
k__Bacteria;p__Proteobacteria;c__Gammaproteobacteria	0.273316738883	0.0955130608674	0.00101422216075	0.330425086563	0.00228841980667	0.431788111333	0.575185508512	0.0161642545174	0.00977169068441	0.0114482352311	0.066977226932	0.0816557469442	0.130513382031	0.0796936889358	0.125483851991	0.080191129116	0.180631827576	0.0126478927601	0.0113074449324	0.0484667443511	0.076693029125	0.103476320261
k__Bacteria;p__[Thermi];c__Deinococci	0.0	0.0	0.0	0.0	0.0	0.0	0.0	0.0	0.0	0.0	2.43258693458e-05	0.0	0.0	0.0	0.0	0.0	0.0	0.0	0.0	0.0	0.0	0.0