	sequences per sample	iteration	680	657	662	675	663	667	660	670	694	659	658	665	672	677	679	668	673	669	678	664	674	692
alpha_rarefaction_10_0.txt	10	0	5.0	5.5	7.0	2.0	4.0	4.5	13.0	1.0	12.0	23.0	23.0	6.5	5.0	8.0	4.0	11.0	16.0	4.0	3.0	4.0	11.0	1.0
alpha_rarefaction_10_1.txt	10	1	4.0	8.5	4.5	7.0	8.0	8.0	23.0	9.0	7.0	5.0	11.0	16.0	6.5	4.5	4.5	16.0	6.5	22.0	11.0	5.33333333333	16.0	1.0
alpha_rarefaction_10_2.txt	10	2	1.0	12.0	8.0	2.0	4.0	4.5	8.5	5.0	6.5	23.0	5.5	4.0	8.0	4.5	12.0	4.0	9.0	7.0	22.0	3.0	4.5	2.0
alpha_rarefaction_10_3.txt	10	3	4.5	12.0	4.0	22.0	3.0	11.0	13.0	4.5	5.0	16.0	6.5	9.0	3.0	4.0	2.0	16.0	8.0	2.0	16.0	4.0	4.0	1.0
alpha_rarefaction_10_4.txt	10	4	3.0	22.0	4.5	11.0	7.0	6.5	13.0	3.0	3.0	4.0	7.0	16.0	4.5	9.0	11.0	2.0	9.0	4.0	4.5	4.0	11.0	1.0
alpha_rarefaction_10_5.txt	10	5	9.0	8.5	3.0	12.0	22.0	5.33333333333	12.0	16.0	2.0	29.0	7.0	8.0	5.0	3.0	11.0	4.0	3.0	6.5	6.5	2.0	3.0	1.0
alpha_rarefaction_10_6.txt	10	6	7.0	5.5	4.5	11.0	5.0	12.0	23.0	2.0	5.0	8.5	16.0	4.5	2.0	29.0	2.0	7.0	4.5	4.5	3.0	4.0	1.0	2.0
alpha_rarefaction_10_7.txt	10	7	11.0	5.0	5.0	11.0	3.0	6.5	22.0	3.0	8.5	9.0	8.5	7.0	4.0	22.0	7.0	9.0	6.5	6.5	4.5	2.0	3.0	1.0
alpha_rarefaction_10_8.txt	10	8	7.0	23.0	9.0	4.5	3.0	9.0	6.2	4.0	6.5	12.0	12.0	4.5	2.0	7.0	6.5	3.0	4.5	2.0	16.0	4.0	3.0	1.0
alpha_rarefaction_10_9.txt	10	9	11.0	9.0	3.0	4.5	7.0	6.5	13.0	3.0	6.5	16.0	7.0	8.0	3.0	9.0	7.0	6.5	3.0	4.0	6.5	4.5	16.0	2.0
alpha_rarefaction_1009_0.txt	1009	0	55.0	97.4285714286	57.0666666667	46.2727272727	62.0	62.3333333333	57.8571428571	72.5	35.4285714286	142.111111111	54.0909090909	69.125	40.5	95.5	16.0	55.1428571429	21.75	76.2307692308	40.6666666667	17.0	38.0	10.6
alpha_rarefaction_1009_1.txt	1009	1	45.4285714286	91.0	94.1666666667	67.8571428571	50.0909090909	73.4285714286	86.1111111111	53.5	29.2	111.066666667	59.4285714286	55.3333333333	59.0	78.0714285714	21.0	49.0	31.0	56.3529411765	38.25	31.0	47.0	23.3333333333
alpha_rarefaction_1009_2.txt	1009	2	44.8571428571	66.0	75.75	53.1428571429	76.25	68.125	71.1428571429	56.7692307692	36.2	112.333333333	69.3636363636	56.4285714286	45.3333333333	86.5454545455	25.0	44.1111111111	23.0	69.6666666667	35.75	21.5	41.0	15.0
alpha_rarefaction_1009_3.txt	1009	3	37.6	102.909090909	68.375	42.6	68.8333333333	50.6	85.6	57.6	43.75	97.6666666667	73.0	57.75	44.1666666667	79.0	17.75	45.0	37.0	71.4	48.0	30.5	39.0	8.33333333333
alpha_rarefaction_1009_4.txt	1009	4	64.25	111.142857143	61.75	59.125	61.4615384615	58.5454545455	56.0	59.125	33.6	105.909090909	54.5	52.5	41.5	82.6666666667	17.5	44.0	27.0	55.0	35.0	22.0	45.2	49.0
alpha_rarefaction_1009_5.txt	1009	5	51.0	102.1	64.2142857143	40.3333333333	66.0	53.5833333333	67.0909090909	62.75	32.2	93.2307692308	71.0	120.0	54.3333333333	73.1538461538	24.0	41.25	44.0	58.6666666667	44.1666666667	19.25	40.1	32.0
alpha_rarefaction_1009_6.txt	1009	6	42.4285714286	99.5	60.0	84.0	72.0	49.6666666667	59.0	88.1666666667	30.875	131.230769231	63.5	64.4615384615	55.0	59.6666666667	28.0	61.2	31.0	72.25	46.0	24.0	36.5	20.0
alpha_rarefaction_1009_7.txt	1009	7	48.1428571429	94.0833333333	87.25	49.8571428571	93.1111111111	47.5454545455	59.0	61.5454545455	29.5	160.0	81.6	57.0	46.75	90.625	19.0	45.0	22.0	74.8666666667	44.1666666667	22.2	44.0	10.0
alpha_rarefaction_1009_8.txt	1009	8	56.0	103.857142857	81.25	56.0	107.142857143	60.0	85.75	57.75	22.2	81.0	94.1428571429	71.6666666667	38.0	72.0	31.3333333333	44.0	22.0	73.1	35.0	24.0	33.2	14.5
alpha_rarefaction_1009_9.txt	1009	9	60.0	76.2142857143	60.9090909091	56.1666666667	87.3333333333	53.1	79.0	52.1	32.6	92.4	74.0	58.6666666667	50.5	79.2307692308	21.0	41.2	31.0	69.0	51.0	16.0	55.3333333333	6.33333333333
alpha_rarefaction_2008_0.txt	2008	0	57.6666666667	104.0	95.0	66.5	82.2727272727	67.0	93.4285714286	70.3333333333	38.25	128.769230769	80.7692307692	84.375	52.625	91.3333333333	28.75	47.0	40.0	85.0	71.0	36.0	75.0	24.5
alpha_rarefaction_2008_1.txt	2008	1	52.875	105.4	79.6666666667	87.0	72.5	61.1111111111	73.0	62.0	31.4285714286	117.368421053	74.6666666667	72.3333333333	46.5	75.6	25.0	47.5	30.0	84.1111111111	62.5	30.25	41.5	23.5
alpha_rarefaction_2008_2.txt	2008	2	57.6666666667	111.0	58.6	65.125	74.3333333333	86.3333333333	77.0	88.0	35.625	128.315789474	84.125	59.2727272727	56.1111111111	118.0	21.5	71.75	29.0	74.0	50.25	31.0	60.5	21.25
alpha_rarefaction_2008_3.txt	2008	3	62.1428571429	103.473684211	80.3	61.6666666667	67.6	68.375	72.25	64.3333333333	36.25	168.571428571	90.375	85.75	77.0	67.5	29.5	69.5	47.3333333333	66.5	58.0	25.0	37.5	17.3333333333
alpha_rarefaction_2008_4.txt	2008	4	57.6666666667	105.666666667	79.2142857143	65.1	74.0	57.1111111111	65.6666666667	66.375	38.0	118.105263158	82.1428571429	85.4285714286	45.6	73.75	22.5	49.6666666667	28.0	75.5454545455	61.5	70.0	54.0	28.0
alpha_rarefaction_2008_5.txt	2008	5	61.0	128.0625	72.0769230769	57.0	75.3333333333	66.5714285714	80.5	60.5	36.0	134.071428571	93.1428571429	63.0	54.4285714286	79.75	30.0	54.0	54.0	87.7692307692	60.5	25.6	54.0	24.3333333333
alpha_rarefaction_2008_6.txt	2008	6	52.5	96.5	86.7692307692	65.375	81.8571428571	78.125	77.0	66.6666666667	56.0	156.125	77.1666666667	73.3333333333	53.6666666667	70.4736842105	32.5	59.2	27.3333333333	80.75	38.5	29.0	97.0	17.0
alpha_rarefaction_2008_7.txt	2008	7	56.875	102.3125	69.5	56.2307692308	83.0	80.375	72.75	76.1428571429	42.3333333333	135.0	68.8	85.3333333333	52.1666666667	90.0	51.0	54.4285714286	28.0	73.5714285714	54.25	26.3333333333	54.1666666667	24.0
alpha_rarefaction_2008_8.txt	2008	8	54.6	97.3333333333	81.375	71.0	86.0	58.0	97.0	75.0	37.0	151.272727273	63.625	88.0	60.2727272727	91.0	30.0	59.0	40.0	73.0	40.0	28.0	50.0	17.3333333333
alpha_rarefaction_2008_9.txt	2008	9	71.0	135.4	77.9090909091	59.6666666667	87.4285714286	77.0	82.5	64.1111111111	36.0	134.071428571	65.5	99.0	63.2	71.8	43.0	58.25	33.0	95.1111111111	74.3333333333	32.5	123.0	15.3333333333
alpha_rarefaction_3007_0.txt	3007	0	69.125	109.083333333	78.9090909091	62.8571428571	77.2	73.1111111111	89.0	74.0	37.5	144.1875	78.1	92.25	58.4285714286	84.5	34.5	51.5	36.0	81.6	56.0	29.0	45.75	20.0
alpha_rarefaction_3007_1.txt	3007	1	64.1428571429	116.625	88.9090909091	60.0	74.375	65.2727272727	92.1428571429	81.1	35.6666666667	123.333333333	94.8571428571	76.6	88.0	90.0	27.75	71.2	32.25	86.6153846154	55.0	37.5	52.2	22.5
alpha_rarefaction_3007_2.txt	3007	2	71.0	139.0	92.5	84.0	85.3333333333	64.5	79.2	79.0	42.2	127.884615385	110.0	69.1428571429	66.5	85.3636363636	28.0	49.0	31.0	110.5	45.875	50.5	50.1428571429	35.0
alpha_rarefaction_3007_3.txt	3007	3	58.8571428571	123.2	80.0769230769	63.8571428571	81.0	83.4285714286	81.6	77.6	40.5	188.928571429	83.125	77.0	60.0	94.0	39.0	57.0	29.0	82.2307692308	42.75	25.6	96.3333333333	14.5
alpha_rarefaction_3007_4.txt	3007	4	76.0	105.615384615	81.0	72.1	81.2727272727	78.3333333333	99.4285714286	73.0	38.3333333333	152.0	96.4285714286	74.2727272727	61.5	113.333333333	45.3333333333	77.0	28.3333333333	83.3333333333	49.0	29.75	74.0	45.0
alpha_rarefaction_3007_5.txt	3007	5	77.0	122.066666667	77.0	89.0	78.2	65.6	85.3333333333	73.0	52.75	202.090909091	85.3636363636	112.166666667	50.6	86.3333333333	29.5	67.0	29.75	93.2727272727	59.2	33.2	60.0	27.5
alpha_rarefaction_3007_6.txt	3007	6	63.1	116.4	84.75	64.25	88.4	87.0909090909	84.1666666667	66.1666666667	40.5	136.0	99.25	80.6	49.625	92.0	35.5	64.0	30.0	88.7692307692	56.0	40.0	52.0	36.0
alpha_rarefaction_3007_7.txt	3007	7	104.5	111.25	77.0555555556	71.125	88.9090909091	88.4285714286	98.2	83.0	32.4285714286	131.136363636	70.6	73.1428571429	52.875	118.5	48.5	67.6	41.0	85.9090909091	48.0	25.6	49.6	15.2
alpha_rarefaction_3007_8.txt	3007	8	59.0	127.25	75.5	59.1111111111	90.0	66.5	88.5	72.6666666667	42.0	147.1875	93.4285714286	105.0	52.4285714286	99.6666666667	25.8571428571	67.5	38.0	88.5714285714	60.1111111111	26.5	53.3333333333	22.25
alpha_rarefaction_3007_9.txt	3007	9	58.6	107.461538462	84.0	82.6666666667	83.0769230769	91.375	91.75	76.5	37.1428571429	156.571428571	110.5	86.125	69.0	101.4	46.3333333333	67.3333333333	31.0	107.0	53.0	50.5	52.2	53.0
alpha_rarefaction_4006_0.txt	4006	0	72.5	136.461538462	101.75	72.75	101.5	84.4285714286	114.0	110.75	43.0	151.375	102.5	74.75	62.1666666667	95.7692307692	32.6	68.75	37.3333333333	83.6666666667	65.1666666667	42.1666666667	68.5	26.0
alpha_rarefaction_4006_1.txt	4006	1	77.5454545455	123.55	94.1	80.5	87.6666666667	73.0	113.0	88.6666666667	50.5	156.3	87.0	77.1111111111	59.1111111111	98.1111111111	40.25	106.5	41.0	83.0	58.0	32.25	85.0	25.0
alpha_rarefaction_4006_2.txt	4006	2	64.875	110.0	90.4615384615	72.0	89.4615384615	88.8571428571	90.6	68.4285714286	47.3333333333	156.0	83.1	106.25	58.0	104.375	94.0	71.0	57.5	87.0	49.2	40.0	66.3333333333	23.2
alpha_rarefaction_4006_3.txt	4006	3	98.25	118.3125	92.3	70.1666666667	101.428571429	71.6	87.5454545455	84.1428571429	52.0	164.0	83.0	77.75	77.0	88.0	40.0	75.2	36.0	78.3333333333	64.3333333333	43.0	71.0	22.0
alpha_rarefaction_4006_4.txt	4006	4	64.8571428571	118.476190476	104.6	86.1	80.4285714286	68.0	95.4285714286	107.75	40.2	141.105263158	91.25	91.0	59.4285714286	105.333333333	46.3333333333	70.1666666667	37.3333333333	85.5	59.75	41.0	80.5	33.0
alpha_rarefaction_4006_5.txt	4006	5	66.8571428571	148.666666667	79.25	63.0	91.0	76.0	82.2	107.75	39.5	134.884615385	128.6	87.0	88.6	98.3	34.6	65.2	35.6	83.5454545455	65.5	35.6666666667	56.8571428571	35.0
alpha_rarefaction_4006_6.txt	4006	6	95.0	130.375	74.6470588235	89.8571428571	81.75	87.0	110.666666667	107.5	58.5	142.142857143	110.2	80.125	71.2	103.25	63.3333333333	81.4285714286	84.0	90.6	55.5	53.0	64.5	34.75
alpha_rarefaction_4006_7.txt	4006	7	81.0	130.0	78.75	85.6666666667	95.8571428571	97.0	101.5	96.6	42.75	130.3	87.0	88.9090909091	59.0	85.0666666667	57.0	65.6666666667	43.0	86.0	54.625	46.75	72.75	43.5
alpha_rarefaction_4006_8.txt	4006	8	67.0909090909	142.153846154	81.5	70.25	107.142857143	76.4285714286	119.0	69.3333333333	35.25	147.526315789	94.125	112.0	64.1428571429	84.0	31.2	69.6	35.0	93.9090909091	64.2	39.4285714286	60.25	30.0
alpha_rarefaction_4006_9.txt	4006	9	71.1428571429	145.1875	82.4285714286	79.0	93.6	95.2	114.0	74.1666666667	45.6	173.272727273	93.3	90.0	77.0	81.5714285714	69.0	72.1666666667	72.0	94.125	51.0	36.6	60.0	40.3333333333
alpha_rarefaction_5005_0.txt	5005	0	72.5454545455	140.833333333	89.5	82.1428571429	113.666666667	110.0	94.0	78.0	50.5	166.05	106.875	96.5	74.0	93.7142857143	42.0	72.0	37.3333333333	97.3	58.1111111111	38.2	74.0	28.0
alpha_rarefaction_5005_1.txt	5005	1	89.4285714286	115.875	84.0	78.6666666667	94.0	83.125	122.5	99.6	37.2	136.541666667	144.0	92.2727272727	65.5	100.125	46.3333333333	78.5	42.0	99.3	71.5	41.5	67.1666666667	65.0
alpha_rarefaction_5005_2.txt	5005	2	78.5	136.166666667	96.3	79.6	106.428571429	96.375	173.0	105.0	50.3333333333	167.352941176	109.0	80.5833333333	68.1428571429	83.0	37.4285714286	75.0	47.0	83.0	57.5	40.0	70.2	34.0
alpha_rarefaction_5005_3.txt	5005	3	64.5	114.0	87.1	77.0	93.5	77.0909090909	87.5	84.0	64.0	162.954545455	125.0	93.2142857143	71.6	84.9285714286	43.25	75.2	34.25	100.1	62.75	42.0	69.5	32.0
alpha_rarefaction_5005_4.txt	5005	4	74.0	141.461538462	85.5833333333	99.6666666667	97.8571428571	87.0	131.0	67.625	41.75	170.157894737	95.1111111111	77.7142857143	70.125	93.1111111111	53.5	85.25	49.0	88.0	59.25	37.0	75.5	31.0
alpha_rarefaction_5005_5.txt	5005	5	81.0	127.117647059	93.0	71.0	81.6666666667	83.0	106.1	109.75	42.0	143.714285714	102.0	154.0	64.3333333333	98.0	41.25	61.5	37.0	90.9090909091	55.625	42.0	87.0	49.5
alpha_rarefaction_5005_6.txt	5005	6	74.0	120.866666667	99.6666666667	71.6	98.6666666667	101.5	84.8	76.2	47.6	166.0	104.6	92.8333333333	67.0	89.3333333333	40.0	82.0	35.2	86.2727272727	63.0	39.0	65.5	22.2
alpha_rarefaction_5005_7.txt	5005	7	80.3	121.315789474	82.6	80.375	93.125	81.6666666667	119.0	70.8571428571	43.0	139.454545455	93.0	93.125	58.0909090909	90.0909090909	39.0	109.5	36.5	134.25	55.8571428571	42.0	68.1666666667	23.5
alpha_rarefaction_5005_8.txt	5005	8	71.0	131.272727273	97.0	94.0	88.5	94.4285714286	99.8571428571	89.8571428571	53.25	157.0	86.5	98.5	66.1428571429	100.125	39.1666666667	65.875	35.0	104.0	92.0	39.3333333333	83.0	29.3333333333
alpha_rarefaction_5005_9.txt	5005	9	62.5833333333	156.1875	78.2142857143	79.375	89.0	103.666666667	91.0	78.375	43.2	172.214285714	90.0	81.2727272727	57.1428571429	101.090909091	43.0	58.0	72.0	88.0	63.75	44.0	84.0	28.0
alpha_rarefaction_6004_0.txt	6004	0	79.1428571429	118.916666667	91.1	88.0	113.6	87.1428571429	131.5	108.0	49.5	173.285714286	128.0	101.111111111	60.0	92.2727272727	32.1428571429	73.375	40.0	104.428571429	59.5	44.0	61.3333333333	29.5
alpha_rarefaction_6004_1.txt	6004	1	84.125	134.666666667	116.2	89.6666666667	122.75	91.3	109.142857143	89.0	43.75	142.473684211	127.2	88.7142857143	88.0	114.333333333	31.1428571429	90.0	35.0	103.0	55.1428571429	42.0	70.5	34.0
alpha_rarefaction_6004_2.txt	6004	2	78.0	130.055555556	105.0	78.375	90.5454545455	105.111111111	99.0	86.0	58.75	176.176470588	130.2	90.0	71.0	98.125	39.5	88.5	47.0	93.3333333333	53.5	40.0	75.1428571429	28.3333333333
alpha_rarefaction_6004_3.txt	6004	3	60.1111111111	121.0	93.0	78.1111111111	100.0	114.5	113.3	77.5	38.5	168.954545455	94.6	80.5	62.1666666667	103.909090909	36.6	70.4285714286	43.1666666667	94.6666666667	62.3333333333	44.25	59.875	62.0
alpha_rarefaction_6004_4.txt	6004	4	74.5833333333	140.0	86.4285714286	76.8	96.0	87.0	104.5	88.3	58.0	138.636363636	106.142857143	86.0	70.375	102.0	42.1666666667	80.0	48.0	89.0666666667	64.3333333333	36.5	72.1428571429	37.0
alpha_rarefaction_6004_5.txt	6004	5	76.3333333333	148.066666667	115.666666667	96.5	104.375	86.3636363636	105.428571429	118.857142857	54.0	160.058823529	98.25	107.5	57.5454545455	100.333333333	48.3333333333	93.6	61.5	116.666666667	63.25	34.1428571429	57.3333333333	40.5
alpha_rarefaction_6004_6.txt	6004	6	72.25	134.368421053	109.428571429	92.375	87.0909090909	106.0	146.5	117.0	48.3333333333	165.75	111.875	90.75	99.25	100.6	36.0	68.6666666667	33.75	87.0	84.0	47.0	79.0	27.6
alpha_rarefaction_6004_7.txt	6004	7	71.8	132.0	88.4285714286	87.0	103.125	102.5	99.0	87.1111111111	54.0	158.333333333	95.3636363636	86.5714285714	66.0	116.142857143	46.0	95.0	36.25	105.111111111	58.4285714286	33.0	61.4285714286	34.0
alpha_rarefaction_6004_8.txt	6004	8	70.5	145.076923077	92.0769230769	81.6	92.6666666667	90.3	126.428571429	90.0	64.5	182.4	99.5454545455	136.166666667	64.25	93.0909090909	42.25	78.5	32.75	119.333333333	71.125	36.0	80.25	27.0
alpha_rarefaction_6004_9.txt	6004	9	64.5454545455	121.833333333	97.5	76.5	84.6	101.1	113.0	77.4285714286	49.5	156.176470588	105.25	98.1	64.25	95.75	44.75	68.6666666667	67.0	100.125	104.5	30.2	82.0	48.5
alpha_rarefaction_7003_0.txt	7003	0	69.1111111111	154.833333333	97.6666666667	86.0	172.25	88.75	112.461538462	97.6666666667	42.75	161.035714286	111.5	111.111111111	70.0	117.111111111	42.8571428571	86.25	38.0	103.142857143	102.333333333	39.0	114.0	46.0
alpha_rarefaction_7003_1.txt	7003	1	79.1666666667	154.214285714	87.0	78.0	92.2	116.0	91.5	105.875	84.0	184.05	126.428571429	100.272727273	76.0	108.0	36.5	82.0	49.1428571429	111.25	81.3333333333	36.5	74.1428571429	23.5
alpha_rarefaction_7003_2.txt	7003	2	82.1666666667	148.2	100.0	87.0	99.1428571429	114.0	121.0	71.0	48.5	171.954545455	144.666666667	108.0	78.5	90.5833333333	38.1428571429	76.1666666667	53.3333333333	99.0	57.0	45.0	113.0	31.0
alpha_rarefaction_7003_3.txt	7003	3	73.0909090909	126.0	113.666666667	100.5	97.0	86.6666666667	126.5	86.0	48.6	152.884615385	140.142857143	130.857142857	67.0	107.0	41.0	72.1428571429	45.0	104.125	63.4285714286	35.0	86.0	45.5
alpha_rarefaction_7003_4.txt	7003	4	81.6	170.583333333	107.0	97.5	104.428571429	105.333333333	105.375	128.6	48.0	163.75	130.166666667	122.142857143	84.6666666667	104.769230769	31.5	80.0	52.3333333333	106.666666667	72.6	51.0	75.75	50.0
alpha_rarefaction_7003_5.txt	7003	5	80.3333333333	137.461538462	84.9285714286	78.75	97.125	103.5	103.0	95.0	64.5	142.043478261	117.6	113.875	107.5	89.5833333333	48.0	88.3333333333	35.2	87.1111111111	59.3333333333	40.0	65.1428571429	32.4285714286
alpha_rarefaction_7003_6.txt	7003	6	86.0	204.1	95.5	100.5	109.428571429	91.0	115.2	100.2	45.5	152.217391304	129.111111111	148.0	63.4285714286	88.8	43.0	87.8571428571	50.0	104.428571429	60.5	56.5	62.1111111111	77.5
alpha_rarefaction_7003_7.txt	7003	7	236.0	141.588235294	87.875	89.0	91.1428571429	92.0	110.333333333	109.625	49.5	153.217391304	123.5	115.0	70.1428571429	100.0	36.1428571429	69.6666666667	46.25	101.3	73.0	41.2	57.4285714286	56.3333333333
alpha_rarefaction_7003_8.txt	7003	8	75.1428571429	134.235294118	84.0	92.0	119.0	97.8571428571	102.833333333	89.1428571429	55.0	169.0	103.666666667	107.666666667	73.1666666667	94.0909090909	45.25	89.25	35.2	99.0	63.1666666667	49.0	87.6	31.5
alpha_rarefaction_7003_9.txt	7003	9	81.0	123.954545455	90.8	78.1	107.857142857	84.1111111111	99.3	87.9285714286	52.0	177.052631579	104.272727273	131.428571429	81.6666666667	112.1	50.6	83.6666666667	56.0	115.5	60.5	42.0	75.0	69.5
alpha_rarefaction_8002_0.txt	8002	0	128.75	124.315789474	85.5833333333	85.125	100.363636364	90.0	102.545454545	105.666666667	46.0	158.0	120.2	96.75	88.0	96.8	34.6	71.4285714286	43.0	102.333333333	80.25	35.1428571429	78.4285714286	28.0
alpha_rarefaction_8002_1.txt	8002	1	76.75	132.4	89.6	92.1	95.0	101.75	121.0	117.5	52.0	167.4	144.333333333	111.666666667	83.0	95.5	41.8571428571	77.0	49.75	95.5833333333	69.2	45.0	67.0	41.6
alpha_rarefaction_8002_2.txt	8002	2	85.5	124.6875	112.75	93.125	115.1	113.083333333	111.333333333	107.142857143	41.0	173.0625	121.0	91.9090909091	74.6	112.272727273	41.3333333333	84.0	53.5	100.333333333	72.0	34.6666666667	77.1428571429	96.0
alpha_rarefaction_8002_3.txt	8002	3	74.0909090909	135.4375	91.75	89.6	107.0	109.6	127.5	96.0	47.25	160.75	99.1111111111	92.0666666667	72.75	106.125	30.4285714286	82.0	64.25	102.333333333	76.0	50.75	102.0	32.4285714286
alpha_rarefaction_8002_4.txt	8002	4	94.2	147.0	99.6666666667	100.5	103.214285714	77.0	138.6	123.2	51.2	201.75	93.6666666667	109.0	86.0	104.0	37.5	89.6666666667	43.5	93.6666666667	78.5	44.0	121.333333333	22.5
alpha_rarefaction_8002_5.txt	8002	5	64.5	147.071428571	97.3333333333	95.5	96.1111111111	115.625	91.5	96.4285714286	41.3333333333	168.045454545	121.0	91.0	69.6666666667	111.0	37.6666666667	92.2	45.1666666667	103.333333333	75.5	51.75	79.125	33.25
alpha_rarefaction_8002_6.txt	8002	6	88.1428571429	127.954545455	88.5833333333	81.5454545455	126.0	94.0	118.111111111	103.25	70.5	159.588235294	111.111111111	117.625	63.2727272727	103.6	51.0	69.3333333333	48.0	112.111111111	61.0	36.5	70.125	27.5
alpha_rarefaction_8002_7.txt	8002	7	82.125	128.176470588	89.1666666667	77.6666666667	95.9090909091	93.1428571429	112.0	92.0	45.2	164.894736842	105.875	104.0	68.1666666667	93.1111111111	32.875	66.5	42.0	116.142857143	74.3333333333	54.5	77.125	72.5
alpha_rarefaction_8002_8.txt	8002	8	74.1111111111	135.5	110.25	92.3	104.0	82.6	141.142857143	176.5	53.0	171.0	113.0	104.0	73.5833333333	111.0	33.625	66.5454545455	61.5	94.0	65.25	52.0	78.0	56.3333333333
alpha_rarefaction_8002_9.txt	8002	9	82.6666666667	127.352941176	84.5	93.0	114.25	113.0	105.0	101.75	46.5	163.555555556	98.6	101.5	88.2	102.5	34.5	88.8571428571	41.2	100.0	83.25	41.6	74.5	35.0
alpha_rarefaction_9001_0.txt	9001	0	147.0	133.75	121.0	84.6666666667	106.428571429	97.3	130.111111111	101.428571429	60.0	156.0	122.666666667	102.833333333	67.6	110.0	37.1428571429	99.0	46.25	103.363636364	71.5	44.5	89.5	35.875
alpha_rarefaction_9001_1.txt	9001	1	83.5	142.285714286	115.333333333	99.1111111111	94.0	95.0	112.375	92.1428571429	78.0	165.037037037	100.111111111	106.1	72.0	97.0	62.5	63.6666666667	47.0	102.333333333	59.5	54.5	74.0	39.3333333333
alpha_rarefaction_9001_2.txt	9001	2	87.0	162.0	100.0	91.0	108.125	115.666666667	127.25	99.0	48.0	171.105263158	139.428571429	118.0	60.0	121.5	68.3333333333	79.125	68.0	94.1111111111	76.5	49.0	79.0	49.0
alpha_rarefaction_9001_3.txt	9001	3	68.2727272727	152.625	109.666666667	123.0	109.0	128.625	109.0	88.1666666667	60.0	182.0	107.4	124.142857143	71.1428571429	126.6	41.0	88.6666666667	57.0	108.833333333	68.6666666667	59.0	69.6	87.0
alpha_rarefaction_9001_4.txt	9001	4	91.125	142.25	98.375	81.5	107.666666667	92.125	103.909090909	192.75	54.0	172.333333333	165.0	105.5	92.3333333333	110.111111111	53.5	84.0	41.0	98.5	85.0	47.0	75.5	49.5
alpha_rarefaction_9001_5.txt	9001	5	84.0	169.0625	104.111111111	113.0	113.0	107.142857143	100.111111111	98.8571428571	49.0	168.375	135.0	113.5	78.0	91.0	43.0	90.0	46.0	114.111111111	66.25	43.0	73.5	31.0
alpha_rarefaction_9001_6.txt	9001	6	73.2307692308	144.25	104.142857143	104.142857143	105.142857143	98.4285714286	119.090909091	122.166666667	50.0	170.166666667	106.545454545	89.1111111111	81.75	112.125	42.0	81.0	112.0	99.75	61.625	40.0	63.25	41.0
alpha_rarefaction_9001_7.txt	9001	7	91.1	141.4375	102.0	85.0	99.0769230769	101.0	130.5	90.6	44.0	181.157894737	132.428571429	144.75	77.2	101.111111111	42.0	80.3333333333	42.2	104.6	63.875	47.8571428571	85.4285714286	41.3333333333
alpha_rarefaction_9001_8.txt	9001	8	95.375	162.0	90.0	99.0	166.0	94.6	121.6	123.166666667	57.75	167.37037037	107.5	91.5	56.4285714286	118.0	41.0	68.625	39.6666666667	104.0	70.0	56.5	68.0	58.3333333333
alpha_rarefaction_9001_9.txt	9001	9	84.1666666667	150.117647059	104.5	83.1	105.0	112.0	105.1	88.2307692308	45.0	164.125	120.090909091	101.545454545	76.1666666667	95.6470588235	45.25	80.0	58.0	95.3333333333	105.333333333	43.2	82.6666666667	37.4285714286
alpha_rarefaction_10000_0.txt	10000	0	85.3333333333	153.625	101.375	95.4285714286	98.5833333333	97.0	130.5	104.111111111	59.75	167.884615385	122.6	128.428571429	79.1666666667	110.0	39.5	73.6666666667	43.0	105.6	69.75	59.2	81.125	44.1666666667
alpha_rarefaction_10000_1.txt	10000	1	82.1111111111	134.058823529	103.0	88.0	101.125	99.4285714286	130.5	94.0	45.5	177.555555556	116.1	134.0	78.1666666667	105.5	45.875	73.3333333333	51.2	104.909090909	66.1111111111	46.5	70.75	33.0
alpha_rarefaction_10000_2.txt	10000	2	108.25	142.5	91.0	90.0	122.0	112.3	159.0	111.875	60.75	181.75	124.083333333	114.0	72.25	99.25	59.75	109.142857143	44.5	93.5	68.3333333333	39.6666666667	65.6	41.0
alpha_rarefaction_10000_3.txt	10000	3	86.0	177.5	113.428571429	96.0	115.0	101.125	150.0	102.75	53.2	191.05	136.625	139.5	74.6666666667	105.166666667	40.6	77.375	50.0	131.142857143	65.1666666667	67.0	71.5	47.2
alpha_rarefaction_10000_4.txt	10000	4	76.5	159.333333333	118.0	93.1538461538	100.545454545	107.428571429	147.2	99.6666666667	63.3333333333	163.434782609	122.666666667	104.214285714	68.1111111111	94.625	43.0	81.0	54.6	102.545454545	68.3333333333	47.0	80.4285714286	37.4285714286
alpha_rarefaction_10000_5.txt	10000	5	82.6666666667	145.071428571	100.0	96.0	114.0	107.5	105.4	164.333333333	72.0	173.032258065	125.545454545	112.071428571	84.0	151.0	49.0	85.1428571429	49.75	114.0	70.1428571429	56.3333333333	77.0	38.25
alpha_rarefaction_10000_6.txt	10000	6	73.875	130.066666667	101.125	87.5714285714	124.0	100.0	108.272727273	102.5	47.25	182.636363636	128.5	115.3	83.4285714286	116.857142857	42.2	86.3	48.0	109.545454545	72.1428571429	44.0	79.4285714286	33.0
alpha_rarefaction_10000_7.txt	10000	7	93.4285714286	159.545454545	91.5	105.142857143	142.5	101.0	127.5	88.6666666667	44.0	159.04	168.0	98.9090909091	71.25	113.125	42.0	116.2	48.0	95.6	84.0	45.0	71.375	51.0
alpha_rarefaction_10000_8.txt	10000	8	80.75	153.6	141.5	79.6666666667	94.5	133.6	136.625	83.75	64.5	175.105263158	105.545454545	127.428571429	64.1428571429	104.090909091	43.0	94.4285714286	46.25	94.1111111111	73.0	48.0	68.0909090909	35.8571428571
alpha_rarefaction_10000_9.txt	10000	9	87.0	137.5	91.875	89.2307692308	97.0909090909	140.142857143	113.333333333	108.142857143	50.0	178.166666667	130.166666667	96.9090909091	97.6	104.111111111	41.5	73.4285714286	51.2	103.666666667	66.8571428571	58.5	99.0	39.25