# Constructed from biom file
#OTU ID	145	146	147	148	150	151	152	153	155	156	157	158	160	161	162	163	165	166	167	168	170	171	173	175	176	177	178
k__Fungi;p__Ascomycota;c__Dothideomycetes;o__Capnodiales	0.00761567752606	0.000891713919883	0.00376001307831	0.00572691918385	0.0	0.0251569313336	0.0	0.0118531367447	0.0	0.0	0.0	0.0	0.0	0.000523076386588	0.000320791897713	0.00154376900175	0.0	0.0	0.0	0.0	0.0	0.0	0.0	0.0	0.0	0.0	0.0
k__Fungi;p__Ascomycota;c__Dothideomycetes;o__Dothideales	0.000192315089042	0.0	0.000163478829492	0.000319642000959	0.0	0.0	0.0	0.0	0.0	0.0	0.0	0.0	0.0	0.0	0.0	0.0	0.0	0.0	0.0	0.0	0.0	0.0	0.0	7.32198425773e-05	0.0	0.0	0.0
k__Fungi;p__Ascomycota;c__Dothideomycetes;o__Pleosporales	0.101407746452	0.0659411011524	0.0619117681403	0.0450162484684	0.00348565356004	0.0	0.00598455598456	2.62818996557e-05	0.0	7.19761039335e-05	0.00931396029592	0.0	0.0	1.74358795529e-05	0.00400226081909	0.00151226351192	2.5089066185e-05	0.0129951792077	0.0225497886689	0.022816619132	0.0229167832559	0.0	0.0	0.0	0.118232810235	0.0	5.47345374932e-05
k__Fungi;p__Ascomycota;c__Dothideomycetes;o__unidentified	0.0216931420439	0.0111578562283	0.00794040028959	0.00644611368601	0.0	0.0	0.0	0.0118794186444	0.0	0.0	0.0	0.0	0.0	0.0	0.0	0.0	2.5089066185e-05	0.0	0.00406270855042	0.0147999691667	0.00668755946052	0.0557714849775	0.0	0.0	0.0	0.0157523945223	0.0
k__Fungi;p__Ascomycota;c__Eurotiomycetes;o__Chaetothyriales	0.000576945267126	0.00027437351381	0.00205516242789	0.00647275051942	0.0	0.0	0.0	0.00165575967831	0.0	0.0	0.0	0.0	0.0	0.0	0.0	0.0	0.0	0.0	0.0	0.0	0.000139907101684	0.0	0.0	0.0	0.0	0.0	0.0
k__Fungi;p__Ascomycota;c__Eurotiomycetes;o__Eurotiales	0.00667333358975	0.00160051216389	0.00368995072281	0.00327633050983	0.0103719447396	0.016915041449	0.065250965251	0.0	0.0	0.00845719221219	0.00497631592953	0.0	0.0	0.00486461039527	0.0	0.0	0.0	0.0	1.17080938052e-05	0.0	0.0	0.0	0.0	0.00186710598572	0.0	0.0366764294572	0.0347016967707
k__Fungi;p__Ascomycota;c__Eurotiomycetes;o__Incertae_sedis	0.0	0.0	0.0	0.0	4.25079702444e-05	0.0	0.0	5.25637993114e-05	0.0	0.351891172131	0.0704933737825	0.0	0.245393680749	0.266891008317	0.336968974841	0.389549629023	0.0	6.98665548802e-05	0.0	0.0	0.0	6.16941205503e-05	0.0	0.0	0.000126047772106	0.0137470645663	0.0
k__Fungi;p__Ascomycota;c__Incertae_sedis;o__Incertae_sedis	0.0	9.14578379367e-05	0.0	0.000186457833893	0.0	0.0	0.0	0.0	0.0	0.0	0.0	0.0	0.0	0.0	0.0	0.0	0.0	0.0	0.0	0.0	0.0	0.0	0.0	0.0	0.0	0.0	0.0
k__Fungi;p__Ascomycota;c__Leotiomycetes;o__Helotiales	0.000326935651371	9.14578379367e-05	0.0	0.0	0.0	0.0	7.23938223938e-05	0.00628137401771	0.974381977671	7.19761039335e-05	0.0	0.0	0.0	0.0	0.0	0.0	2.5089066185e-05	0.0	0.0	0.0	0.0	0.0	0.0	0.0	0.0	0.0076783028576	0.0
k__Fungi;p__Ascomycota;c__Pezizomycetes;o__Pezizales	0.0	0.0	0.0	7.99105002397e-05	0.0	0.0	0.0	0.0	0.0	0.0	0.0	0.0	0.0	0.0	0.0	0.0	0.0	0.0	0.0	0.0	0.0	0.0	0.0	0.0	0.0	0.0	0.0
k__Fungi;p__Ascomycota;c__Saccharomycetes;o__Saccharomycetales	0.139851532751	0.108514724712	0.2766061795	0.164375898993	0.493517534538	0.571565479898	0.410907335907	0.670083313622	4.98405103668e-05	0.459459459459	0.742029911118	0.992138837579	0.028268274539	0.0349240667445	0.0912576569971	0.271860871757	0.555396658136	0.653461887794	0.466860240484	0.505151725378	0.493298449829	0.581960639151	8.82690440463e-05	0.121965952773	0.619902943215	0.311327475659	0.258565955118
k__Fungi;p__Ascomycota;c__Sordariomycetes;o__Diaporthales	0.0	0.000160051216389	0.0	0.0	0.0	0.0	0.0	0.0	0.0	0.0	0.0	0.0	0.0	0.0	0.0	0.0	0.0	0.0	0.0	0.0	0.0	0.0	0.0	0.0	0.0	0.0	0.0
k__Fungi;p__Ascomycota;c__Sordariomycetes;o__Hypocreales	0.236489864995	0.447800438998	0.269926901609	0.171621117682	0.0688204038257	0.0131774402223	7.23938223938e-05	0.0256774159636	0.0	3.59880519667e-05	0.0	6.44357575497e-05	0.00103363219921	0.0	0.0	0.00165403821616	0.000376335992774	0.00696336663639	0.000128789031858	0.00863331534726	0.00706530863507	0.0	0.0	3.66099212887e-05	0.0	0.000211087363783	0.0589490968801
k__Fungi;p__Ascomycota;c__Sordariomycetes;o__Incertae_sedis	0.000519250740413	0.000731662703494	2.33541184988e-05	0.00090565233605	0.0	0.0	0.0	0.0	0.0	0.0	0.0	0.0	0.0	0.0	0.0	0.0	0.0	0.0	0.0312137780848	0.0	0.0	0.0	0.0	0.0	0.0	0.0	0.0
k__Fungi;p__Ascomycota;c__Sordariomycetes;o__Microascales	0.0	0.0	0.0	0.0	0.0	0.0	0.0	0.0	0.0	0.0	0.0	0.0	0.0	0.0	0.0	0.0	2.5089066185e-05	0.0	0.0	0.0	0.0	6.16941205503e-05	2.20672610116e-05	0.0	0.0	0.232591888968	0.0888341543514
k__Fungi;p__Ascomycota;c__Sordariomycetes;o__Sordariales	0.0	0.000411560270715	0.0	0.000293005167546	0.0	0.0	0.0	0.0	0.0	0.0	0.0	0.0	0.0	0.0	0.0	0.0	0.0	0.0	0.0	0.0	0.0	0.0	0.0	0.0	0.0	0.0	0.0
k__Fungi;p__Ascomycota;c__Sordariomycetes;o__Trichosphaeriales	0.00059617677603	0.00192061459667	0.000980872976949	0.0	0.003825717322	0.0280799271647	0.0	0.0	0.0	0.0	0.0	0.0	0.0	0.0	0.0	0.0	0.0	0.0	0.0	0.0	0.0	0.0	0.0	0.0	0.0	0.00335101190005	0.0
k__Fungi;p__Ascomycota;c__Sordariomycetes;o__Xylariales	0.000173083580138	0.0	0.0	0.0	0.0	0.0	0.0	0.0	0.0	0.0	0.0	0.0	0.0	0.0	0.0	0.0	0.0	0.0	0.0	0.0	0.0	0.0	0.0	0.0	0.0	0.0	0.0
k__Fungi;p__Ascomycota;c__Sordariomycetes;o__unidentified	0.0	0.0	0.0	0.00117202067018	0.0	0.0	0.0	0.00257562616626	0.0	0.0	0.0	0.0	0.0	0.0	0.0	0.0	0.00298559887601	0.0	0.0	0.0	0.0	0.0	0.0	0.000183049606443	0.0	0.0	0.0
k__Fungi;p__Ascomycota;c__unidentified;o__unidentified	0.0613292818955	0.0782650448143	0.077488965179	0.136460497576	0.0541551540914	0.0333988212181	0.0489623552124	0.0687271675997	0.0	0.0257314571562	0.00848900952685	2.14785858499e-05	0.0	0.0082646069081	0.00216916426073	0.0	0.199031562045	0.0335126574909	0.0622402266687	0.0304735476246	0.207034529073	0.00777345918934	0.0	0.016932088596	0.0549568286381	0.16794638381	0.00892172961138
k__Fungi;p__Basidiomycota;c__Agaricomycetes;o__Agaricales	0.000288472633563	0.00082312054143	0.000607207080969	0.00186457833893	4.25079702444e-05	0.0	0.0	0.00496727903493	0.0	0.0	5.32226302624e-05	0.0	0.0	0.000348717591059	0.0	0.0	0.0	0.00190968583339	0.0	0.00757984531977	0.0	0.0593497439694	0.0	0.0	0.0	0.0	0.0
k__Fungi;p__Basidiomycota;c__Agaricomycetes;o__Cantharellales	0.0205200200008	0.00192061459667	0.00310609776034	0.0107080070321	0.0	0.0	0.0	0.0	0.0	0.0	0.0	0.000408093131148	0.0	0.0	0.0	0.0	0.0	0.0	0.00443736755219	0.0	0.0	0.0	0.0	0.0	0.0	0.0	0.0
k__Fungi;p__Basidiomycota;c__Agaricomycetes;o__Corticiales	3.84630178084e-05	0.0	0.000233541184988	0.000159821000479	0.0	0.0	0.0	0.0	0.0	0.0	0.0	0.0	0.0	0.0	0.0	0.0	0.0	0.0	0.0	0.0	0.0	0.0	0.0	0.0	0.0	0.0	0.0
k__Fungi;p__Basidiomycota;c__Agaricomycetes;o__Geastrales	0.0	0.0	0.0	0.0	0.0	0.0	0.0	0.0	0.0	0.0	0.0	0.0	0.0	0.000697435182118	0.0	0.0	0.0	0.0	0.0	0.0	0.0	0.0	0.0	0.0	0.0	0.0	0.0
k__Fungi;p__Basidiomycota;c__Agaricomycetes;o__Hymenochaetales	0.0	9.14578379367e-05	0.0	0.0	0.0	0.0	0.0	0.0	0.0	0.0	0.0	0.0	0.0	0.0	0.0	0.0	0.0	0.0	0.0	0.0	0.0	0.0	0.0	0.0	0.0	0.0	0.0
k__Fungi;p__Basidiomycota;c__Agaricomycetes;o__Phallales	9.61575445209e-05	0.0	0.0	0.0	0.0	0.0	0.0	0.0	0.0	0.000935689351135	0.0	0.0	0.0	0.0	6.1103218612e-05	0.0	0.0	0.00013973310976	0.0	0.0	0.0	0.0	0.0	0.0	0.0	0.0	0.0
k__Fungi;p__Basidiomycota;c__Agaricomycetes;o__Polyporales	0.000288472633563	0.0	0.0	0.0	0.0	0.0	0.0	0.0	0.0	0.0	0.0	0.0	0.0	0.0	0.0	0.0	0.0	0.0	0.0	0.0	0.0	0.0	0.0	0.0	0.0	0.0	0.0
k__Fungi;p__Basidiomycota;c__Agaricomycetes;o__Russulales	0.0	0.0	0.0	0.0	0.0	0.0	0.0	0.0	0.0	0.0	0.0104316355314	0.0	0.0	0.0	0.0	0.0	0.0	0.0	0.0	0.0	0.0	0.0	0.0	0.0	0.0	0.0	0.0
k__Fungi;p__Basidiomycota;c__Agaricostilbomycetes;o__Agaricostilbales	0.00023077810685	0.0	0.000443728251477	0.00114538383677	0.0	0.000958359288897	0.0	0.0	0.0	0.0	0.0	0.0	0.0	0.0	0.0	0.0	0.0	0.0	0.0	0.0	0.0	0.0	0.0	0.0	0.0	0.0	0.0
k__Fungi;p__Basidiomycota;c__Cystobasidiomycetes;o__Cystobasidiales	0.00123081656987	0.00756813608926	0.00504448959574	0.0106813701987	0.0231668437832	0.0190234318846	0.0260617760618	0.0231017897974	0.0	0.0	0.0	0.0	0.0	0.000366153470612	0.0	0.0	0.00318631140549	0.0136239782016	0.0413998196954	0.0062180426013	0.0201326319324	0.0	0.0	0.0	0.0564694019033	0.00720335628908	0.0
k__Fungi;p__Basidiomycota;c__Microbotryomycetes;o__Sporidiobolales	0.00111542751644	0.00155478324492	0.00177491300591	0.000879015502637	0.0	0.0	7.23938223938e-05	0.0	0.0	0.0	0.0	0.0	0.0	0.0	3.0551609306e-05	0.0	0.0128205128205	0.0	0.0	0.0	5.59628406738e-05	0.0	0.999668991085	0.0	0.0	0.0	0.0
k__Fungi;p__Basidiomycota;c__Microbotryomycetes;o__unidentified	0.000153852071234	0.0	0.0	0.0	0.0	0.0	0.0	0.0	0.0	0.0	0.0	0.0	7.83054696371e-06	0.0	0.0	0.0	0.0	0.0	0.0	0.0	0.112289439812	0.0	2.20672610116e-05	0.0	0.0	0.0	0.0
k__Fungi;p__Basidiomycota;c__Pucciniomycetes;o__Pucciniales	0.000653871302742	0.00336107554417	0.0	0.0	0.0	4.79179644449e-05	0.0	0.0	0.0	0.0	0.0	0.0	0.0	0.0	0.00190947558163	0.0	0.0	0.0	0.0	0.0	0.0	0.0	0.0	0.0	0.0	0.0	0.000437876299945
k__Fungi;p__Basidiomycota;c__Tremellomycetes;o__Filobasidiales	0.00569252663564	0.00839125663069	0.0125411616339	0.00133184167066	0.0	0.0127461785423	0.0	0.0	0.0	0.0	0.00694555324924	0.0	0.0	0.00273743308981	0.0	0.0	0.0	0.00675376697175	0.00723560197164	0.0145687196485	0.0103251441043	0.0	0.0	0.00622368661907	0.0	0.0	0.0950191570881
k__Fungi;p__Basidiomycota;c__Tremellomycetes;o__Tremellales	0.0140966960268	0.019457655021	0.0167449029636	0.00775131852325	0.0289054197662	0.0159566821601	0.0116554054054	0.0287523982233	2.49202551834e-05	3.59880519667e-05	0.00553515354729	2.14785858499e-05	0.00741552797463	0.0	0.0	0.00144925253225	0.050328666767	0.0587344838026	0.0232991066724	0.0182173231584	0.00938776652303	0.0	0.0	0.00358777228629	0.0	0.0156732367609	0.0
k__Fungi;p__Basidiomycota;c__Tremellomycetes;o__unidentified	0.00036539866918	0.00340680446314	0.000840748265957	0.0	0.0	0.0	0.0	0.0	0.0	0.0	0.0	0.0	0.0	0.0	0.0	0.0	0.0	0.00454132606721	0.0	0.00531873891929	0.0	0.0	0.0	0.00327658795534	0.0	0.0	0.0
k__Fungi;p__Basidiomycota;c__Ustilaginomycetes;o__Ustilaginales	0.000192315089042	0.000800256081946	0.000934164739952	0.000372915667785	0.0003825717322	0.000575015573338	0.00229247104247	0.000341664695524	0.0	0.000251916363767	0.000425781042099	0.0	7.83054696371e-06	3.48717591059e-05	0.00015275804653	0.0	0.00185659089769	0.000163021961387	0.000117080938052	0.00246666152779	0.000307795623706	0.020852612746	4.41345220231e-05	0.000658978583196	0.000504191088423	0.000448560648038	0.000218938149973
k__Fungi;p__Basidiomycota;c__Wallemiomycetes;o__Wallemiales	0.0	0.0	0.0	5.32736668265e-05	0.00148777895855	0.00210839043557	0.0	0.0	0.0	0.0	0.0	0.0	0.0	0.0	0.0	0.0	0.0	0.0	0.0	0.0	0.0	0.0	0.0	0.0	0.0	0.0	0.0
k__Fungi;p__Basidiomycota;c__unidentified;o__unidentified	0.0363475518289	0.0398298884214	0.0281183586726	0.0225081242342	0.0	0.0279361732714	0.0360762548263	0.00454676864044	0.0	0.0226724727391	0.00343285965192	0.0	7.83054696371e-06	0.000906665736753	1.5275804653e-05	0.00162253272633	0.020623212404	0.0283425324297	0.027595977099	0.0165985765307	0.00430913873188	0.051452896539	0.0	0.00501555921655	0.0	0.000949893137022	0.13886152162
k__Fungi;p__Glomeromycota;c__Glomeromycetes;o__Archaeosporales	0.0	0.0	0.0	0.0	0.0	0.0	0.0	0.0	0.0	0.00878108467989	0.0	0.0	0.0	0.0	0.0	0.0	0.0	0.0	0.0	0.0	0.0	0.0	0.0	0.0	0.0	0.0	0.0
k__Fungi;p__Glomeromycota;c__Glomeromycetes;o__Glomerales	0.00340397707604	0.0	0.0	0.0	0.0	0.0	0.0	0.0	0.0	0.0	0.0	0.0	0.0	0.0	0.0	0.0	0.0	0.0	0.0	0.0	0.0	0.0	0.0	0.0	0.0	0.0	0.0
k__Fungi;p__Glomeromycota;c__Glomeromycetes;o__Paraglomerales	0.000134620562329	0.0	0.0	0.0	0.0	0.0	0.0	0.0	0.0	0.0	0.0	0.0	0.0	0.0	0.0	0.0	0.0	0.0	0.0	0.0	0.0	0.0	0.0	0.0	0.0	0.0	0.0
k__Fungi;p__unidentified;c__unidentified;o__unidentified	0.337705296358	0.194942381562	0.225063639973	0.400191785201	0.311795961743	0.232354209593	0.392591698842	0.139478041473	0.025543261563	0.121603627596	0.137873223695	0.00734567636067	0.717865392898	0.67942391854	0.563111986924	0.330807643232	0.15329419439	0.178788513938	0.308847806489	0.347156915645	0.106049583077	0.222715775187	0.000154470827081	0.840179388614	0.149807777148	0.186442914061	0.315435139573