# Constructed from biom file
#OTU ID	145	146	147	148	150	151	152	153	155	156	157	158	160	161	162	163	165	166	167	168	170	171	173	175	176	177	178
k__Fungi;p__Ascomycota;c__Dothideomycetes;o__Capnodiales;f__Mycosphaerellaceae	0.00761567752606	0.000891713919883	0.00376001307831	0.00572691918385	0.0	0.0	0.0	0.0118531367447	0.0	0.0	0.0	0.0	0.0	0.000523076386588	0.000320791897713	0.00154376900175	0.0	0.0	0.0	0.0	0.0	0.0	0.0	0.0	0.0	0.0	0.0
k__Fungi;p__Ascomycota;c__Dothideomycetes;o__Capnodiales;f__unidentified	0.0	0.0	0.0	0.0	0.0	0.0251569313336	0.0	0.0	0.0	0.0	0.0	0.0	0.0	0.0	0.0	0.0	0.0	0.0	0.0	0.0	0.0	0.0	0.0	0.0	0.0	0.0	0.0
k__Fungi;p__Ascomycota;c__Dothideomycetes;o__Dothideales;f__Dothioraceae	0.000192315089042	0.0	0.000163478829492	0.000319642000959	0.0	0.0	0.0	0.0	0.0	0.0	0.0	0.0	0.0	0.0	0.0	0.0	0.0	0.0	0.0	0.0	0.0	0.0	0.0	7.32198425773e-05	0.0	0.0	0.0
k__Fungi;p__Ascomycota;c__Dothideomycetes;o__Pleosporales;f__Incertae_sedis	0.0	0.000137186756905	0.0	0.0	0.0	0.0	0.0	0.0	0.0	0.0	0.0	0.0	0.0	0.0	0.0	0.0	0.0	0.0	0.0	0.0	0.00916391516033	0.0	0.0	0.0	0.0647255309762	0.0	0.0
k__Fungi;p__Ascomycota;c__Dothideomycetes;o__Pleosporales;f__Leptosphaeriaceae	0.0	0.000182915675873	0.0	0.0	0.0	0.0	0.0	0.0	0.0	0.0	0.0	0.0	0.0	0.0	0.0	0.0	0.0	0.0	0.0	0.0	0.0	0.0	0.0	0.0	0.0	0.0	0.0
k__Fungi;p__Ascomycota;c__Dothideomycetes;o__Pleosporales;f__Lophiostomataceae	0.000711565829455	0.0	0.00123776828044	0.00245058867402	0.0	0.0	0.0	0.0	0.0	0.0	0.0	0.0	0.0	0.0	0.0	0.0	0.0	0.0	0.0	0.0	0.0	0.0	0.0	0.0	0.0	0.0	0.0
k__Fungi;p__Ascomycota;c__Dothideomycetes;o__Pleosporales;f__Montagnulaceae	0.000423093195892	0.000297237973294	0.0	0.00109211016994	0.0	0.0	0.0	0.0	0.0	0.0	0.0	0.0	0.0	0.0	0.0	0.0	0.0	0.0	0.0	0.0	0.0	0.0	0.0	0.0	0.0	0.0	0.0
k__Fungi;p__Ascomycota;c__Dothideomycetes;o__Pleosporales;f__Phaeosphaeriaceae	0.000903880918497	0.0	0.00105093533245	0.000479463001438	0.0	0.0	0.0	0.0	0.0	0.0	0.0	0.0	0.0	0.0	0.0	0.0	0.0	0.0	0.0	0.00871039852	0.0	0.0	0.0	0.0	0.0	0.0	0.0
k__Fungi;p__Ascomycota;c__Dothideomycetes;o__Pleosporales;f__Pleosporaceae	0.0943113196661	0.0207609292116	0.038020504916	0.0244259762399	0.0	0.0	0.0	2.62818996557e-05	0.0	0.0	0.0	0.0	0.0	1.74358795529e-05	0.0	0.0	2.5089066185e-05	0.0	0.0225497886689	0.0	0.0125496670211	0.0	0.0	0.0	0.0535072792588	0.0	5.47345374932e-05
k__Fungi;p__Ascomycota;c__Dothideomycetes;o__Pleosporales;f__Sporormiaceae	0.0	0.0	0.0	0.0	0.0	0.0	0.0	0.0	0.0	0.0	0.0	0.0	0.0	0.0	0.0	0.00151226351192	0.0	0.00216586320129	0.0	0.0	0.0	0.0	0.0	0.0	0.0	0.0	0.0
k__Fungi;p__Ascomycota;c__Dothideomycetes;o__Pleosporales;f__unidentified	0.0050578868418	0.0445628315347	0.0216025596114	0.016568110383	0.00348565356004	0.0	0.00598455598456	0.0	0.0	7.19761039335e-05	0.00931396029592	0.0	0.0	0.0	0.00400226081909	0.0	0.0	0.0108293160064	0.0	0.014106220612	0.00120320107449	0.0	0.0	0.0	0.0	0.0	0.0
k__Fungi;p__Ascomycota;c__Dothideomycetes;o__unidentified;f__unidentified	0.0216931420439	0.0111578562283	0.00794040028959	0.00644611368601	0.0	0.0	0.0	0.0118794186444	0.0	0.0	0.0	0.0	0.0	0.0	0.0	0.0	2.5089066185e-05	0.0	0.00406270855042	0.0147999691667	0.00668755946052	0.0557714849775	0.0	0.0	0.0	0.0157523945223	0.0
k__Fungi;p__Ascomycota;c__Eurotiomycetes;o__Chaetothyriales;f__Chaetothyriaceae	0.0	0.00027437351381	0.0	0.0	0.0	0.0	0.0	0.0	0.0	0.0	0.0	0.0	0.0	0.0	0.0	0.0	0.0	0.0	0.0	0.0	0.0	0.0	0.0	0.0	0.0	0.0	0.0
k__Fungi;p__Ascomycota;c__Eurotiomycetes;o__Chaetothyriales;f__Herpotrichiellaceae	0.000307704142467	0.0	0.000840748265957	0.00586010335091	0.0	0.0	0.0	0.00165575967831	0.0	0.0	0.0	0.0	0.0	0.0	0.0	0.0	0.0	0.0	0.0	0.0	0.0	0.0	0.0	0.0	0.0	0.0	0.0
k__Fungi;p__Ascomycota;c__Eurotiomycetes;o__Chaetothyriales;f__Incertae_sedis	0.000269241124659	0.0	0.000537144725472	0.000612647168505	0.0	0.0	0.0	0.0	0.0	0.0	0.0	0.0	0.0	0.0	0.0	0.0	0.0	0.0	0.0	0.0	0.000139907101684	0.0	0.0	0.0	0.0	0.0	0.0
k__Fungi;p__Ascomycota;c__Eurotiomycetes;o__Chaetothyriales;f__unidentified	0.0	0.0	0.000677269436465	0.0	0.0	0.0	0.0	0.0	0.0	0.0	0.0	0.0	0.0	0.0	0.0	0.0	0.0	0.0	0.0	0.0	0.0	0.0	0.0	0.0	0.0	0.0	0.0
k__Fungi;p__Ascomycota;c__Eurotiomycetes;o__Eurotiales;f__Trichocomaceae	0.00667333358975	0.00160051216389	0.00368995072281	0.00327633050983	0.0103719447396	0.016915041449	0.065250965251	0.0	0.0	0.00845719221219	0.00497631592953	0.0	0.0	0.00486461039527	0.0	0.0	0.0	0.0	1.17080938052e-05	0.0	0.0	0.0	0.0	0.00186710598572	0.0	0.0366764294572	0.0347016967707
k__Fungi;p__Ascomycota;c__Eurotiomycetes;o__Incertae_sedis;f__Monascaceae	0.0	0.0	0.0	0.0	4.25079702444e-05	0.0	0.0	5.25637993114e-05	0.0	0.351891172131	0.0704933737825	0.0	0.245393680749	0.266891008317	0.336968974841	0.389549629023	0.0	6.98665548802e-05	0.0	0.0	0.0	6.16941205503e-05	0.0	0.0	0.000126047772106	0.0137470645663	0.0
k__Fungi;p__Ascomycota;c__Incertae_sedis;o__Incertae_sedis;f__Incertae_sedis	0.0	9.14578379367e-05	0.0	0.000186457833893	0.0	0.0	0.0	0.0	0.0	0.0	0.0	0.0	0.0	0.0	0.0	0.0	0.0	0.0	0.0	0.0	0.0	0.0	0.0	0.0	0.0	0.0	0.0
k__Fungi;p__Ascomycota;c__Leotiomycetes;o__Helotiales;f__Helotiaceae	0.000326935651371	9.14578379367e-05	0.0	0.0	0.0	0.0	7.23938223938e-05	0.00628137401771	0.974381977671	7.19761039335e-05	0.0	0.0	0.0	0.0	0.0	0.0	2.5089066185e-05	0.0	0.0	0.0	0.0	0.0	0.0	0.0	0.0	0.0076783028576	0.0
k__Fungi;p__Ascomycota;c__Pezizomycetes;o__Pezizales;f__Sarcosomataceae	0.0	0.0	0.0	7.99105002397e-05	0.0	0.0	0.0	0.0	0.0	0.0	0.0	0.0	0.0	0.0	0.0	0.0	0.0	0.0	0.0	0.0	0.0	0.0	0.0	0.0	0.0	0.0	0.0
k__Fungi;p__Ascomycota;c__Saccharomycetes;o__Saccharomycetales;f__Debaryomycetaceae	0.0	0.0	2.33541184988e-05	0.0	0.0	0.0	4.82625482625e-05	0.0	0.0	0.0	0.000106445260525	0.0	0.0	0.0	0.0	0.0	0.0	0.0	0.0	5.13887818289e-05	2.79814203369e-05	0.0	0.0	0.0	0.0	5.27718409457e-05	0.0
k__Fungi;p__Ascomycota;c__Saccharomycetes;o__Saccharomycetales;f__Dipodascaceae	0.000903880918497	0.0	0.0	0.0	0.0	0.0	0.0	0.0	0.0	0.0	0.0	0.0	0.0	0.0	0.0	0.0	0.0	0.0	0.0	0.0	0.0	0.0	0.0	0.0	0.0	0.0	0.0
k__Fungi;p__Ascomycota;c__Saccharomycetes;o__Saccharomycetales;f__Incertae_sedis	0.138139928459	0.106799890251	0.273243186436	0.163576793991	0.441190223167	0.531985241267	0.38013996139	0.667586533155	2.49202551834e-05	0.427538057365	0.70583852254	0.987864598995	0.0163815042481	0.0258051017384	0.0682522951896	0.271656086073	0.555346480004	0.649223316798	0.442378616337	0.495310773658	0.492752812133	0.581405392066	4.41345220231e-05	0.117719201904	0.598789941388	0.298108129502	0.257909140668
k__Fungi;p__Ascomycota;c__Saccharomycetes;o__Saccharomycetales;f__Metschnikowiaceae	0.0	0.0	0.0	0.0	0.0162805526036	0.0	0.0	0.0	0.0	0.0	0.0	0.0	0.0	0.0	0.00114568534898	0.0	0.0	0.00291110645334	0.0117666342743	0.0	0.0	0.0	0.0	0.0	0.0	0.0	0.0
k__Fungi;p__Ascomycota;c__Saccharomycetes;o__Saccharomycetales;f__Pichiaceae	0.000615408284934	0.00141759648802	0.00291926481235	0.000799105002397	0.0320510095643	0.0387177152715	0.0306708494208	0.000262818996557	2.49202551834e-05	0.0269550509231	0.0360583320028	0.00427423858413	0.0118789397439	0.00911896500619	0.0218596764585	0.00018903293899	2.5089066185e-05	0.000698665548802	0.0100338363911	0.000128471954572	6.99535508422e-05	0.000493552964402	4.41345220231e-05	0.00422844590884	0.0211130018277	0.0119792078947	0.000602079912425
k__Fungi;p__Ascomycota;c__Saccharomycetes;o__Saccharomycetales;f__Saccharomycetaceae	0.0	0.0	0.0	0.0	0.0	0.0	0.0	0.0	0.0	3.59880519667e-05	0.0	0.0	7.83054696371e-06	0.0	0.0	1.57527449158e-05	2.5089066185e-05	0.0	0.0	0.0	0.0	6.16941205503e-05	0.0	0.0	0.0	2.63859204728e-05	0.0
k__Fungi;p__Ascomycota;c__Saccharomycetes;o__Saccharomycetales;f__Saccharomycodaceae	0.0	0.0	0.0	0.0	0.0	0.000575015573338	0.0	0.0	0.0	0.0002159283118	2.66113151312e-05	0.0	0.0	0.0	0.0	0.0	0.0	4.65777032535e-05	0.000117080938052	0.00136180271847	0.00044770272539	0.0	0.0	1.83049606443e-05	0.0	0.0011609805008	0.0
k__Fungi;p__Ascomycota;c__Saccharomycetes;o__Saccharomycetales;f__Saccharomycopsidaceae	0.0	0.0	0.0	0.0	0.0	0.0	4.82625482625e-05	0.0	0.0	0.0	0.0	0.0	0.0	0.0	0.0	0.0	0.0	0.0	0.00256407254335	0.0	0.0	0.0	0.0	0.0	0.0	0.0	5.47345374932e-05
k__Fungi;p__Ascomycota;c__Saccharomycetes;o__Saccharomycetales;f__Trichomonascaceae	0.000192315089042	0.000297237973294	0.000420374132978	0.0	0.00399574920298	0.000287507786669	0.0	0.00223396147074	0.0	0.00471443480764	0.0	0.0	0.0	0.0	0.0	0.0	0.0	0.000582221290668	0.0	0.00829928826537	0.0	0.0	0.0	0.0	0.0	0.0	0.0
k__Fungi;p__Ascomycota;c__Sordariomycetes;o__Diaporthales;f__Valsaceae	0.0	0.000160051216389	0.0	0.0	0.0	0.0	0.0	0.0	0.0	0.0	0.0	0.0	0.0	0.0	0.0	0.0	0.0	0.0	0.0	0.0	0.0	0.0	0.0	0.0	0.0	0.0	0.0
k__Fungi;p__Ascomycota;c__Sordariomycetes;o__Hypocreales;f__Clavicipitaceae	0.00123081656987	0.00278946405707	0.00359653424881	0.000745831335571	0.0	0.0	0.0	0.0	0.0	0.0	0.0	0.0	0.0	0.0	0.0	0.0	0.0	0.0	0.0	0.0	0.0	0.0	0.0	0.0	0.0	0.0	0.0589490968801
k__Fungi;p__Ascomycota;c__Sordariomycetes;o__Hypocreales;f__Hypocreaceae	0.00146159467672	0.0017376989208	0.00151801770242	0.0	0.0	0.0	0.0	0.0	0.0	0.0	0.0	0.0	0.0	0.0	0.0	0.0	0.0	0.0	0.0	0.0	0.0	0.0	0.0	0.0	0.0	0.0	0.0
k__Fungi;p__Ascomycota;c__Sordariomycetes;o__Hypocreales;f__Incertae_sedis	0.225354821339	0.432778489117	0.246339241925	0.165574556497	0.0573432518597	0.0	0.0	0.00572945412494	0.0	0.0	0.0	6.44357575497e-05	0.00103363219921	0.0	0.0	0.0	2.5089066185e-05	0.00691678893314	0.0	0.00858192656543	0.0070513179249	0.0	0.0	0.0	0.0	0.0	0.0
k__Fungi;p__Ascomycota;c__Sordariomycetes;o__Hypocreales;f__Nectriaceae	0.00838493788223	0.0101746844705	0.0184731077325	0.0048212668478	0.011477151966	0.0131774402223	7.23938223938e-05	0.0126415937344	0.0	3.59880519667e-05	0.0	0.0	0.0	0.0	0.0	0.00165403821616	0.000351246926589	4.65777032535e-05	0.000128789031858	5.13887818289e-05	1.39907101684e-05	0.0	0.0	3.66099212887e-05	0.0	0.000211087363783	0.0
k__Fungi;p__Ascomycota;c__Sordariomycetes;o__Hypocreales;f__unidentified	5.76945267126e-05	0.000320102432778	0.0	0.000479463001438	0.0	0.0	0.0	0.00730636810429	0.0	0.0	0.0	0.0	0.0	0.0	0.0	0.0	0.0	0.0	0.0	0.0	0.0	0.0	0.0	0.0	0.0	0.0	0.0
k__Fungi;p__Ascomycota;c__Sordariomycetes;o__Incertae_sedis;f__Incertae_sedis	0.0	0.000731662703494	0.0	0.0	0.0	0.0	0.0	0.0	0.0	0.0	0.0	0.0	0.0	0.0	0.0	0.0	0.0	0.0	0.0312137780848	0.0	0.0	0.0	0.0	0.0	0.0	0.0	0.0
k__Fungi;p__Ascomycota;c__Sordariomycetes;o__Incertae_sedis;f__Plectosphaerellaceae	0.000519250740413	0.0	2.33541184988e-05	0.00090565233605	0.0	0.0	0.0	0.0	0.0	0.0	0.0	0.0	0.0	0.0	0.0	0.0	0.0	0.0	0.0	0.0	0.0	0.0	0.0	0.0	0.0	0.0	0.0
k__Fungi;p__Ascomycota;c__Sordariomycetes;o__Microascales;f__Microascaceae	0.0	0.0	0.0	0.0	0.0	0.0	0.0	0.0	0.0	0.0	0.0	0.0	0.0	0.0	0.0	0.0	2.5089066185e-05	0.0	0.0	0.0	0.0	6.16941205503e-05	2.20672610116e-05	0.0	0.0	0.232591888968	0.0888341543514
k__Fungi;p__Ascomycota;c__Sordariomycetes;o__Sordariales;f__Cephalothecaceae	0.0	0.000411560270715	0.0	0.000293005167546	0.0	0.0	0.0	0.0	0.0	0.0	0.0	0.0	0.0	0.0	0.0	0.0	0.0	0.0	0.0	0.0	0.0	0.0	0.0	0.0	0.0	0.0	0.0
k__Fungi;p__Ascomycota;c__Sordariomycetes;o__Trichosphaeriales;f__Incertae_sedis	0.00059617677603	0.00192061459667	0.000980872976949	0.0	0.003825717322	0.0280799271647	0.0	0.0	0.0	0.0	0.0	0.0	0.0	0.0	0.0	0.0	0.0	0.0	0.0	0.0	0.0	0.0	0.0	0.0	0.0	0.00335101190005	0.0
k__Fungi;p__Ascomycota;c__Sordariomycetes;o__Xylariales;f__Amphisphaeriaceae	0.000173083580138	0.0	0.0	0.0	0.0	0.0	0.0	0.0	0.0	0.0	0.0	0.0	0.0	0.0	0.0	0.0	0.0	0.0	0.0	0.0	0.0	0.0	0.0	0.0	0.0	0.0	0.0
k__Fungi;p__Ascomycota;c__Sordariomycetes;o__unidentified;f__unidentified	0.0	0.0	0.0	0.00117202067018	0.0	0.0	0.0	0.00257562616626	0.0	0.0	0.0	0.0	0.0	0.0	0.0	0.0	0.00298559887601	0.0	0.0	0.0	0.0	0.0	0.0	0.000183049606443	0.0	0.0	0.0
k__Fungi;p__Ascomycota;c__unidentified;o__unidentified;f__unidentified	0.0613292818955	0.0782650448143	0.077488965179	0.136460497576	0.0541551540914	0.0333988212181	0.0489623552124	0.0687271675997	0.0	0.0257314571562	0.00848900952685	2.14785858499e-05	0.0	0.0082646069081	0.00216916426073	0.0	0.199031562045	0.0335126574909	0.0622402266687	0.0304735476246	0.207034529073	0.00777345918934	0.0	0.016932088596	0.0549568286381	0.16794638381	0.00892172961138
k__Fungi;p__Basidiomycota;c__Agaricomycetes;o__Agaricales;f__Agaricaceae	0.0	0.000182915675873	0.0	0.000559373501678	0.0	0.0	0.0	0.00496727903493	0.0	0.0	0.0	0.0	0.0	0.0	0.0	0.0	0.0	0.0	0.0	0.00757984531977	0.0	0.0	0.0	0.0	0.0	0.0	0.0
k__Fungi;p__Basidiomycota;c__Agaricomycetes;o__Agaricales;f__Bolbitiaceae	0.000134620562329	0.0	0.0	0.0	0.0	0.0	0.0	0.0	0.0	0.0	0.0	0.0	0.0	0.0	0.0	0.0	0.0	0.0	0.0	0.0	0.0	0.0	0.0	0.0	0.0	0.0	0.0
k__Fungi;p__Basidiomycota;c__Agaricomycetes;o__Agaricales;f__Entolomataceae	0.000153852071234	0.0	0.0	0.0	0.0	0.0	0.0	0.0	0.0	0.0	0.0	0.0	0.0	0.0	0.0	0.0	0.0	0.0	0.0	0.0	0.0	0.0	0.0	0.0	0.0	0.0	0.0
k__Fungi;p__Basidiomycota;c__Agaricomycetes;o__Agaricales;f__Psathyrellaceae	0.0	0.000640204865557	0.000607207080969	0.00130520483725	0.0	0.0	0.0	0.0	0.0	0.0	5.32226302624e-05	0.0	0.0	0.000348717591059	0.0	0.0	0.0	0.00190968583339	0.0	0.0	0.0	0.0	0.0	0.0	0.0	0.0	0.0
k__Fungi;p__Basidiomycota;c__Agaricomycetes;o__Agaricales;f__unidentified	0.0	0.0	0.0	0.0	4.25079702444e-05	0.0	0.0	0.0	0.0	0.0	0.0	0.0	0.0	0.0	0.0	0.0	0.0	0.0	0.0	0.0	0.0	0.0593497439694	0.0	0.0	0.0	0.0	0.0
k__Fungi;p__Basidiomycota;c__Agaricomycetes;o__Cantharellales;f__Ceratobasidiaceae	0.0205200200008	0.00192061459667	0.00310609776034	0.0107080070321	0.0	0.0	0.0	0.0	0.0	0.0	0.0	0.000408093131148	0.0	0.0	0.0	0.0	0.0	0.0	0.00443736755219	0.0	0.0	0.0	0.0	0.0	0.0	0.0	0.0
k__Fungi;p__Basidiomycota;c__Agaricomycetes;o__Corticiales;f__Corticiaceae	3.84630178084e-05	0.0	0.000233541184988	0.000159821000479	0.0	0.0	0.0	0.0	0.0	0.0	0.0	0.0	0.0	0.0	0.0	0.0	0.0	0.0	0.0	0.0	0.0	0.0	0.0	0.0	0.0	0.0	0.0
k__Fungi;p__Basidiomycota;c__Agaricomycetes;o__Geastrales;f__Geastraceae	0.0	0.0	0.0	0.0	0.0	0.0	0.0	0.0	0.0	0.0	0.0	0.0	0.0	0.000697435182118	0.0	0.0	0.0	0.0	0.0	0.0	0.0	0.0	0.0	0.0	0.0	0.0	0.0
k__Fungi;p__Basidiomycota;c__Agaricomycetes;o__Hymenochaetales;f__Hymenochaetaceae	0.0	9.14578379367e-05	0.0	0.0	0.0	0.0	0.0	0.0	0.0	0.0	0.0	0.0	0.0	0.0	0.0	0.0	0.0	0.0	0.0	0.0	0.0	0.0	0.0	0.0	0.0	0.0	0.0
k__Fungi;p__Basidiomycota;c__Agaricomycetes;o__Phallales;f__Phallaceae	9.61575445209e-05	0.0	0.0	0.0	0.0	0.0	0.0	0.0	0.0	0.000935689351135	0.0	0.0	0.0	0.0	6.1103218612e-05	0.0	0.0	0.00013973310976	0.0	0.0	0.0	0.0	0.0	0.0	0.0	0.0	0.0
k__Fungi;p__Basidiomycota;c__Agaricomycetes;o__Polyporales;f__Polyporaceae	0.000288472633563	0.0	0.0	0.0	0.0	0.0	0.0	0.0	0.0	0.0	0.0	0.0	0.0	0.0	0.0	0.0	0.0	0.0	0.0	0.0	0.0	0.0	0.0	0.0	0.0	0.0	0.0
k__Fungi;p__Basidiomycota;c__Agaricomycetes;o__Russulales;f__Peniophoraceae	0.0	0.0	0.0	0.0	0.0	0.0	0.0	0.0	0.0	0.0	0.0104316355314	0.0	0.0	0.0	0.0	0.0	0.0	0.0	0.0	0.0	0.0	0.0	0.0	0.0	0.0	0.0	0.0
k__Fungi;p__Basidiomycota;c__Agaricostilbomycetes;o__Agaricostilbales;f__Chionosphaeraceae	0.00023077810685	0.0	0.000443728251477	0.00114538383677	0.0	0.000958359288897	0.0	0.0	0.0	0.0	0.0	0.0	0.0	0.0	0.0	0.0	0.0	0.0	0.0	0.0	0.0	0.0	0.0	0.0	0.0	0.0	0.0
k__Fungi;p__Basidiomycota;c__Cystobasidiomycetes;o__Cystobasidiales;f__Cystobasidiaceae	0.00123081656987	0.00756813608926	0.00504448959574	0.0106813701987	0.0231668437832	0.0190234318846	0.0260617760618	0.0231017897974	0.0	0.0	0.0	0.0	0.0	0.000366153470612	0.0	0.0	0.00318631140549	0.0136239782016	0.0413998196954	0.0062180426013	0.0201326319324	0.0	0.0	0.0	0.0564694019033	0.00720335628908	0.0
k__Fungi;p__Basidiomycota;c__Microbotryomycetes;o__Sporidiobolales;f__Incertae_sedis	0.00111542751644	0.00155478324492	0.00177491300591	0.000879015502637	0.0	0.0	0.0	0.0	0.0	0.0	0.0	0.0	0.0	0.0	0.0	0.0	0.0128205128205	0.0	0.0	0.0	0.0	0.0	0.0	0.0	0.0	0.0	0.0
k__Fungi;p__Basidiomycota;c__Microbotryomycetes;o__Sporidiobolales;f__unidentified	0.0	0.0	0.0	0.0	0.0	0.0	7.23938223938e-05	0.0	0.0	0.0	0.0	0.0	0.0	0.0	3.0551609306e-05	0.0	0.0	0.0	0.0	0.0	5.59628406738e-05	0.0	0.999668991085	0.0	0.0	0.0	0.0
k__Fungi;p__Basidiomycota;c__Microbotryomycetes;o__unidentified;f__unidentified	0.000153852071234	0.0	0.0	0.0	0.0	0.0	0.0	0.0	0.0	0.0	0.0	0.0	7.83054696371e-06	0.0	0.0	0.0	0.0	0.0	0.0	0.0	0.112289439812	0.0	2.20672610116e-05	0.0	0.0	0.0	0.0
k__Fungi;p__Basidiomycota;c__Pucciniomycetes;o__Pucciniales;f__Pucciniaceae	0.000653871302742	0.00336107554417	0.0	0.0	0.0	4.79179644449e-05	0.0	0.0	0.0	0.0	0.0	0.0	0.0	0.0	0.00190947558163	0.0	0.0	0.0	0.0	0.0	0.0	0.0	0.0	0.0	0.0	0.0	0.000437876299945
k__Fungi;p__Basidiomycota;c__Tremellomycetes;o__Filobasidiales;f__Filobasidiaceae	0.00569252663564	0.00839125663069	0.0125411616339	0.00133184167066	0.0	0.0127461785423	0.0	0.0	0.0	0.0	0.00694555324924	0.0	0.0	0.00273743308981	0.0	0.0	0.0	0.00675376697175	0.00723560197164	0.0145687196485	0.0103251441043	0.0	0.0	0.00622368661907	0.0	0.0	0.0950191570881
k__Fungi;p__Basidiomycota;c__Tremellomycetes;o__Tremellales;f__Cuniculitremaceae	0.0	0.0	0.000980872976949	0.0	0.0	0.0	0.0	0.0	0.0	0.0	0.0	0.0	0.0	0.0	0.0	0.0	0.0	0.0	0.0	0.0	0.0	0.0	0.0	0.0	0.0	0.0	0.0
k__Fungi;p__Basidiomycota;c__Tremellomycetes;o__Tremellales;f__Incertae_sedis	0.00444247855687	0.00571611487104	0.00359653424881	0.00159821000479	0.0	0.0155254204801	0.0	0.00480958763699	0.0	0.0	0.0	0.0	0.00279550526604	0.0	0.0	0.000929411950032	0.0	0.00924567409581	0.0159581318566	0.00634651455587	0.00331579830992	0.0	0.0	0.0	0.0	0.0109237710758	0.0
k__Fungi;p__Basidiomycota;c__Tremellomycetes;o__Tremellales;f__Tremellaceae	0.00625024039386	0.00413846716664	0.00483430252925	0.00514090884876	0.0196386822529	0.000431261680004	0.0116554054054	0.0239428105863	0.0	3.59880519667e-05	0.0	2.14785858499e-05	0.00462002270859	0.0	0.0	0.000519840582221	0.0260173616338	0.0163720626936	0.00734097481589	0.0118708086025	0.00607196821311	0.0	0.0	0.00358777228629	0.0	0.00474946568511	0.0
k__Fungi;p__Basidiomycota;c__Tremellomycetes;o__Tremellales;f__Trichosporonaceae	0.00340397707604	0.00960307298335	0.00649244494267	0.0010121996697	0.00926673751328	0.0	0.0	0.0	2.49202551834e-05	0.0	0.00553515354729	0.0	0.0	0.0	0.0	0.0	0.0243113051332	0.0331167470132	0.0	0.0	0.0	0.0	0.0	0.0	0.0	0.0	0.0
k__Fungi;p__Basidiomycota;c__Tremellomycetes;o__Tremellales;f__unidentified	0.0	0.0	0.000840748265957	0.0	0.0	0.0	0.0	0.0	0.0	0.0	0.0	0.0	0.0	0.0	0.0	0.0	0.0	0.0	0.0	0.0	0.0	0.0	0.0	0.0	0.0	0.0	0.0
k__Fungi;p__Basidiomycota;c__Tremellomycetes;o__unidentified;f__unidentified	0.00036539866918	0.00340680446314	0.000840748265957	0.0	0.0	0.0	0.0	0.0	0.0	0.0	0.0	0.0	0.0	0.0	0.0	0.0	0.0	0.00454132606721	0.0	0.00531873891929	0.0	0.0	0.0	0.00327658795534	0.0	0.0	0.0
k__Fungi;p__Basidiomycota;c__Ustilaginomycetes;o__Ustilaginales;f__Ustilaginaceae	0.000192315089042	0.000800256081946	0.000934164739952	0.000372915667785	0.0003825717322	0.000575015573338	0.00229247104247	0.000341664695524	0.0	0.000251916363767	0.000425781042099	0.0	7.83054696371e-06	3.48717591059e-05	0.00015275804653	0.0	0.00185659089769	0.000163021961387	0.000117080938052	0.00246666152779	0.000307795623706	0.020852612746	4.41345220231e-05	0.000658978583196	0.000504191088423	0.000448560648038	0.000218938149973
k__Fungi;p__Basidiomycota;c__Wallemiomycetes;o__Wallemiales;f__Wallemiaceae	0.0	0.0	0.0	5.32736668265e-05	0.00148777895855	0.00210839043557	0.0	0.0	0.0	0.0	0.0	0.0	0.0	0.0	0.0	0.0	0.0	0.0	0.0	0.0	0.0	0.0	0.0	0.0	0.0	0.0	0.0
k__Fungi;p__Basidiomycota;c__unidentified;o__unidentified;f__unidentified	0.0363475518289	0.0398298884214	0.0281183586726	0.0225081242342	0.0	0.0279361732714	0.0360762548263	0.00454676864044	0.0	0.0226724727391	0.00343285965192	0.0	7.83054696371e-06	0.000906665736753	1.5275804653e-05	0.00162253272633	0.020623212404	0.0283425324297	0.027595977099	0.0165985765307	0.00430913873188	0.051452896539	0.0	0.00501555921655	0.0	0.000949893137022	0.13886152162
k__Fungi;p__Glomeromycota;c__Glomeromycetes;o__Archaeosporales;f__Archaeosporaceae	0.0	0.0	0.0	0.0	0.0	0.0	0.0	0.0	0.0	0.00878108467989	0.0	0.0	0.0	0.0	0.0	0.0	0.0	0.0	0.0	0.0	0.0	0.0	0.0	0.0	0.0	0.0	0.0
k__Fungi;p__Glomeromycota;c__Glomeromycetes;o__Glomerales;f__Glomeraceae	0.00340397707604	0.0	0.0	0.0	0.0	0.0	0.0	0.0	0.0	0.0	0.0	0.0	0.0	0.0	0.0	0.0	0.0	0.0	0.0	0.0	0.0	0.0	0.0	0.0	0.0	0.0	0.0
k__Fungi;p__Glomeromycota;c__Glomeromycetes;o__Paraglomerales;f__unidentified	0.000134620562329	0.0	0.0	0.0	0.0	0.0	0.0	0.0	0.0	0.0	0.0	0.0	0.0	0.0	0.0	0.0	0.0	0.0	0.0	0.0	0.0	0.0	0.0	0.0	0.0	0.0	0.0
k__Fungi;p__unidentified;c__unidentified;o__unidentified;f__unidentified	0.337705296358	0.194942381562	0.225063639973	0.400191785201	0.311795961743	0.232354209593	0.392591698842	0.139478041473	0.025543261563	0.121603627596	0.137873223695	0.00734567636067	0.717865392898	0.67942391854	0.563111986924	0.330807643232	0.15329419439	0.178788513938	0.308847806489	0.347156915645	0.106049583077	0.222715775187	0.000154470827081	0.840179388614	0.149807777148	0.186442914061	0.315435139573