# Constructed from biom file
#OTU ID	146	147	148	150	151	152	153	155	156	157	158	160	161	162	163	165	166	167	168	170	171	172	173	175	176	177	178
Unassigned;Other;Other;Other;Other;Other	0.00760404178798	0.00704573907474	0.00709653737918	0.00047270148901	0.000464239875474	0.000235438150398	0.000546960462572	0.000351424366887	0.0069068753611	0.00111480018418	0.00183680458267	0.000249376558603	0.000493880180374	0.000172435028944	0.000272411523007	0.00135968628687	0.00155563689605	0.00074151535317	0.000461855670103	0.000610117491197	0.000683436165164	0.00102312693168	0.00117493751469	0.000736321413737	0.000407113381077	0.000430107526882	0.000386684599866
k__Bacteria;p__Acidobacteria;c__Acidobacteriia;o__Acidobacteriales;f__Acidobacteriaceae;g__Terriglobus	0.000308271964377	0.000174687745655	0.000795301602839	0.0	0.0	0.0	0.0	0.0	0.0	0.0	0.0	0.0	0.0	0.0	0.0	0.0	9.15080527086e-05	9.50660709193e-05	0.0	0.0	0.0	0.0	0.0	0.0	0.0	0.0	0.0
k__Bacteria;p__Acidobacteria;c__[Chloracidobacteria];o__RB41;f__Ellin6075;g__	0.0	8.73438728273e-05	0.0	0.0	0.0	0.0	0.0	0.0	0.0	0.0	0.0	0.0	0.0	0.0	0.0	0.0	0.0	0.0	0.0	0.0	0.0	0.0	0.0	0.0	0.0	0.0	0.0
k__Bacteria;p__Actinobacteria;c__Acidimicrobiia;o__Acidimicrobiales;f__;g__	0.0	0.0	0.0	0.0	2.73082279691e-05	0.0	0.0	0.0	0.0	0.0	0.0	6.23441396509e-05	0.0	7.39007266905e-05	0.0	1.97055983605e-05	0.0	0.0	0.0	0.0	0.0	0.0	0.0	0.0	0.0	1.9550342131e-05	1.68123739072e-05
k__Bacteria;p__Actinobacteria;c__Actinobacteria;o__Actinomycetales;Other;Other	0.0	2.91146242758e-05	0.0	0.0	0.0	0.0	0.0	0.0	0.000288880718525	0.0	0.0	0.0	0.0	0.0	0.0	0.0	0.0	0.0	0.0	0.0	0.0	0.0	0.0	0.0	0.0	0.0	0.0
k__Bacteria;p__Actinobacteria;c__Actinobacteria;o__Actinomycetales;f__;g__	0.0	0.0	0.0	0.0	0.0	0.0	0.0	0.0	0.000131309417511	0.0	0.0	0.0	0.000150311359244	0.0	0.0	0.0	0.0	0.0	0.0	0.0	0.0	0.0	0.0	0.0	0.0	0.0	0.0
k__Bacteria;p__Actinobacteria;c__Actinobacteria;o__Actinomycetales;f__Actinomycetaceae;g__	0.0	0.0	0.0	0.0	0.0	0.0	0.0	0.0	0.0	0.0	0.0	0.0	6.44191539618e-05	0.0	0.0	0.0	0.0	0.0	0.0	0.0	0.0	0.0	0.0	0.0	0.0	0.0	0.0
k__Bacteria;p__Actinobacteria;c__Actinobacteria;o__Actinomycetales;f__Actinomycetaceae;g__Actinomyces	0.0	0.0	0.0	0.0	0.0	0.0	0.0	0.0	0.0	0.0	0.0	0.0	0.0	0.000172435028944	0.0	0.0	0.0	0.0	0.0	0.0	0.0	4.26302888202e-05	0.0	0.0	0.0	0.0	0.0
k__Bacteria;p__Actinobacteria;c__Actinobacteria;o__Actinomycetales;f__Beutenbergiaceae;Other	0.000102757321459	0.0	0.0	0.0	0.0	0.0	0.0	0.0	7.87856505069e-05	0.0	0.0	0.0	0.0	0.0	0.0	0.0	0.0	0.0	0.0	0.0	0.0	0.0	0.0	0.0	0.0	0.0	0.0
k__Bacteria;p__Actinobacteria;c__Actinobacteria;o__Actinomycetales;f__Beutenbergiaceae;g__Salana	0.000239767083405	0.000116458497103	9.17655695583e-05	0.0	0.0	0.0	0.0	0.0	0.0	0.0	0.0	0.0	0.0	0.0	0.0	0.0	0.000347730600293	1.90132141839e-05	0.0	0.0	0.0	0.0	0.0	0.0	0.0	0.0	0.0
k__Bacteria;p__Actinobacteria;c__Actinobacteria;o__Actinomycetales;f__Bogoriellaceae;g__Georgenia	0.0	0.0	0.0	0.0	0.0	0.0	0.0	0.0	0.0	0.0	0.0	0.0	0.0	0.0	0.0	0.0	5.49048316252e-05	0.0	0.0	0.0	0.0	0.0	0.0	0.0	0.0	0.0	0.0
k__Bacteria;p__Actinobacteria;c__Actinobacteria;o__Actinomycetales;f__Brevibacteriaceae;g__Brevibacterium	0.0	0.0	0.0	0.0	0.0	0.0	0.0	0.0	0.000210095068018	0.0	0.0	0.0	0.0	0.0	0.0	0.0	0.0	0.0	0.0	0.0	0.0	0.0	0.0	0.0	0.0	0.0	0.0
k__Bacteria;p__Actinobacteria;c__Actinobacteria;o__Actinomycetales;f__Cellulomonadaceae;g__Cellulomonas	0.000513786607296	0.000349375491309	0.000244708185489	0.0	0.0	0.0	2.6045736313e-05	0.0	0.000131309417511	0.0	0.0	0.0	0.0	0.0	0.0	0.0	0.0	0.0	0.0	0.0	0.0	0.0	0.0	0.0	1.85051536853e-05	0.0	0.0
k__Bacteria;p__Actinobacteria;c__Actinobacteria;o__Actinomycetales;f__Corynebacteriaceae;g__Corynebacterium	0.0	5.82292485515e-05	0.0	0.0	2.73082279691e-05	0.0	0.0	0.0	0.0	0.0	0.0	0.0	0.0	0.0	0.0	0.0	0.0	0.0	0.0	0.0	0.0	0.0	0.0	0.0	0.0	0.0	0.0
k__Bacteria;p__Actinobacteria;c__Actinobacteria;o__Actinomycetales;f__Dermabacteraceae;g__	0.0	2.91146242758e-05	9.17655695583e-05	6.44592939559e-05	0.0	0.0	7.81372089389e-05	0.0	0.000131309417511	0.0	0.0	0.0	0.0	0.0	0.0	0.0	0.0	0.0	0.0	0.0	0.0	0.0	0.0	0.0	0.0	0.0	0.0
k__Bacteria;p__Actinobacteria;c__Actinobacteria;o__Actinomycetales;f__Dermabacteraceae;g__Brachybacterium	3.42524404864e-05	0.0	3.05885231861e-05	4.29728626372e-05	0.0	0.0	5.20914726259e-05	0.0	0.0	0.0	0.0	0.0	0.0	0.0	0.0	0.0	0.0	0.0	0.0	0.0	0.0	0.0	0.0	0.0	0.0	0.0	0.0
k__Bacteria;p__Actinobacteria;c__Actinobacteria;o__Actinomycetales;f__Dietziaceae;g__Dietzia	0.0	0.0	0.0	0.0	0.0	0.0	0.0	0.0	0.000157571301014	0.0	0.0	0.0	0.0	0.0	0.0	0.0	0.0	0.0	0.0	0.0	0.0	0.0	0.0	0.0	0.0	0.0	0.0
k__Bacteria;p__Actinobacteria;c__Actinobacteria;o__Actinomycetales;f__Geodermatophilaceae;g__	0.000137009761946	5.82292485515e-05	9.17655695583e-05	0.0	0.0	0.0	0.0	0.0	0.0	0.0	0.0	0.0	0.0	0.0	0.0	0.0	0.0	0.0	0.0	0.0	0.0	0.0	0.0	0.0	0.0	0.0	0.0
k__Bacteria;p__Actinobacteria;c__Actinobacteria;o__Actinomycetales;f__Gordoniaceae;g__Gordonia	0.000137009761946	2.91146242758e-05	0.000122354092744	0.0	0.0	0.0	0.0	0.0	0.0	0.0	0.0	0.0	0.0	0.0	0.0	0.0	0.0	0.0	0.0	0.0	0.0	0.0	0.0	0.0	0.0	0.0	0.0
k__Bacteria;p__Actinobacteria;c__Actinobacteria;o__Actinomycetales;f__Intrasporangiaceae;Other	0.0	0.0	0.0	0.0	0.0	0.0	0.0	0.0	7.87856505069e-05	0.0	0.0	0.0	0.0	0.0	0.0	0.0	0.0	0.0	0.0	0.0	0.0	0.0	0.0	0.0	0.0	0.0	0.0
k__Bacteria;p__Actinobacteria;c__Actinobacteria;o__Actinomycetales;f__Kineosporiaceae;Other	0.000411029285837	0.000669636358343	0.000458827847792	0.0	0.0	0.0	0.0	0.0	0.0	0.0	0.0	0.0	0.0	0.0	0.0	0.0	0.0	0.0	0.0	0.0	0.0	0.0	0.0	0.0	0.0	0.0	0.0
k__Bacteria;p__Actinobacteria;c__Actinobacteria;o__Actinomycetales;f__Kineosporiaceae;g__	3.42524404864e-05	5.82292485515e-05	0.000183531139117	0.0	0.0	0.0	0.0	0.0	0.0	0.0	0.0	0.0	0.0	0.0	0.0	0.0	0.0	0.0	0.0	0.0	0.0	0.0	0.0	0.0	0.0	0.0	0.0
k__Bacteria;p__Actinobacteria;c__Actinobacteria;o__Actinomycetales;f__Kineosporiaceae;g__Kineococcus	0.0	0.000116458497103	6.11770463722e-05	0.0	0.0	0.0	0.0	0.0	0.0	0.0	0.0	0.0	0.0	0.0	0.0	0.0	0.0	0.0	0.0	0.0	0.0	0.0	0.0	0.0	0.0	0.0	0.0
k__Bacteria;p__Actinobacteria;c__Actinobacteria;o__Actinomycetales;f__Microbacteriaceae;Other	0.000993320774105	0.000407604739861	0.000581181940536	0.0	0.0	0.0	0.0	0.0	0.000630285204055	0.0	0.0	0.0	0.0	0.0	0.0	0.0	0.0	0.0	0.0	0.0	1.89843379212e-05	4.26302888202e-05	2.1362500267e-05	0.0	0.0	0.0	1.68123739072e-05
k__Bacteria;p__Actinobacteria;c__Actinobacteria;o__Actinomycetales;f__Microbacteriaceae;g__	0.001267340298	0.00145573121379	0.00100942126514	0.0	0.0	0.0	0.0	0.0	0.000105047534009	0.0	0.0	0.0	0.0	0.0	0.0	1.97055983605e-05	0.0	0.000114079285103	0.0	0.0	0.0	0.0	0.0	0.0	0.0	0.0	0.0
k__Bacteria;p__Actinobacteria;c__Actinobacteria;o__Actinomycetales;f__Microbacteriaceae;g__Agrococcus	0.000102757321459	5.82292485515e-05	0.000183531139117	0.0	0.0	0.0	0.0	0.0	2.62618835023e-05	0.0	0.0	0.0	0.0	0.0	0.0	0.0	0.0	7.60528567354e-05	0.0	0.0	0.0	0.0	0.0	0.0	0.0	0.0	0.0
k__Bacteria;p__Actinobacteria;c__Actinobacteria;o__Actinomycetales;f__Microbacteriaceae;g__Agromyces	0.000102757321459	8.73438728273e-05	0.000122354092744	0.0	0.0	0.0	0.0	0.0	0.0	0.0	0.0	0.0	0.0	0.0	0.0	0.0	0.0	0.0	0.0	0.0	0.0	0.0	0.0	0.0	0.0	0.0	0.0
k__Bacteria;p__Actinobacteria;c__Actinobacteria;o__Actinomycetales;f__Microbacteriaceae;g__Cryocola	0.0	2.91146242758e-05	6.11770463722e-05	0.0	0.0	0.0	0.0	0.0	0.0	0.0	0.0	0.0	0.0	0.0	0.0	0.0	0.0	0.0	0.0	0.0	0.0	0.0	0.0	0.0	0.0	0.0	1.68123739072e-05
k__Bacteria;p__Actinobacteria;c__Actinobacteria;o__Actinomycetales;f__Microbacteriaceae;g__Curtobacterium	0.00256893303648	0.0026494308091	0.00342591459684	0.0	0.0	0.0	0.0	0.0	0.0	0.0	0.0	0.0	0.0	7.39007266905e-05	0.0	5.91167950815e-05	0.0	1.90132141839e-05	3.29896907216e-05	0.0	0.0	0.0	0.0	0.0	0.0	0.0	3.36247478144e-05
k__Bacteria;p__Actinobacteria;c__Actinobacteria;o__Actinomycetales;f__Microbacteriaceae;g__Leucobacter	3.42524404864e-05	8.73438728273e-05	0.000244708185489	0.0	0.0	2.35438150398e-05	0.0	0.0	0.00351909238931	0.0	0.0	0.0	0.0	0.0	0.0	0.0	0.0	0.0	0.0	0.0	0.0	0.0	0.0	0.0	0.0	0.0	0.0
k__Bacteria;p__Actinobacteria;c__Actinobacteria;o__Actinomycetales;f__Microbacteriaceae;g__Microbacterium	0.0235314266141	0.00623052959502	0.00838125535299	0.0	5.46164559382e-05	0.0	0.0	0.0	0.00643416145806	2.42347866127e-05	0.000124529124249	0.0	0.0	7.39007266905e-05	0.0	0.000137939188523	7.32064421669e-05	0.000114079285103	8.24742268041e-05	1.74319283199e-05	0.0	2.13151444101e-05	2.1362500267e-05	3.77600724993e-05	5.55154610559e-05	0.0	0.0
k__Bacteria;p__Actinobacteria;c__Actinobacteria;o__Actinomycetales;f__Microbacteriaceae;g__Pseudoclavibacter	0.000171262202432	0.0	3.05885231861e-05	0.0	0.0	0.0	0.0	0.0	0.000131309417511	0.0	0.0	0.0	0.0	2.46335755635e-05	0.0	0.0	0.0	0.0	0.0	0.0	0.0	0.0	0.0	0.0	0.0	0.0	0.0
k__Bacteria;p__Actinobacteria;c__Actinobacteria;o__Actinomycetales;f__Micrococcaceae;Other	0.000137009761946	2.91146242758e-05	3.05885231861e-05	0.0	0.0	0.0	0.0	0.0	0.0140238457902	2.42347866127e-05	0.0	0.0	0.0	0.0	4.54019205012e-05	0.0	3.66032210835e-05	0.0	0.0	0.0	0.0	0.0	0.0	0.0	0.0	0.0	0.0
k__Bacteria;p__Actinobacteria;c__Actinobacteria;o__Actinomycetales;f__Micrococcaceae;g__	0.0	2.91146242758e-05	0.0	0.0	0.0	0.0	0.0	0.0	0.0022585219812	0.0	0.0	0.0	0.0	0.0	0.0	0.0	3.66032210835e-05	0.0	0.0	0.0	0.0	0.0	0.0	0.0	0.0	0.0	0.0
k__Bacteria;p__Actinobacteria;c__Actinobacteria;o__Actinomycetales;f__Micrococcaceae;g__Arthrobacter	0.0	0.000145573121379	3.05885231861e-05	0.0	0.0	0.0	0.0	0.0	0.0107936341194	0.0	0.0	0.0	0.0	0.0	2.27009602506e-05	0.0	3.66032210835e-05	0.0	0.0	0.0	0.0	0.0	0.0	0.0	7.40206147412e-05	0.0	0.0
k__Bacteria;p__Actinobacteria;c__Actinobacteria;o__Actinomycetales;f__Micrococcaceae;g__Nesterenkonia	0.0	0.0	9.17655695583e-05	0.0	0.0	0.0	0.0	0.0	0.0	0.0	0.0	0.0	0.0	0.0	0.0	0.0	0.0	0.0	0.0	0.0	0.0	0.0	0.0	0.0	0.0	0.0	0.0
k__Bacteria;p__Actinobacteria;c__Actinobacteria;o__Actinomycetales;f__Mycobacteriaceae;g__Mycobacterium	0.00167836958383	0.00125192884386	0.00204943105347	2.14864313186e-05	0.0	2.35438150398e-05	2.6045736313e-05	6.58920687913e-05	2.62618835023e-05	0.0	0.0	0.0	4.29461026412e-05	0.0	0.0	0.000256172778686	0.000347730600293	5.70396425516e-05	0.000263917525773	0.000156887354879	1.89843379212e-05	6.39454332303e-05	0.0	5.6640108749e-05	1.85051536853e-05	3.9100684262e-05	0.0
k__Bacteria;p__Actinobacteria;c__Actinobacteria;o__Actinomycetales;f__Nocardiaceae;g__Rhodococcus	0.000137009761946	0.000116458497103	0.000122354092744	0.0	0.0	0.0	0.0	0.0	0.000131309417511	0.0	0.0	0.0	0.0	0.0	0.0	0.0	0.0	0.0	0.0	0.0	0.0	0.0	0.0	0.0	0.0	0.0	0.0
k__Bacteria;p__Actinobacteria;c__Actinobacteria;o__Actinomycetales;f__Nocardioidaceae;g__	0.000137009761946	8.73438728273e-05	0.000336473755047	0.0	0.0	0.0	0.0	0.0	0.000472713903041	0.0	0.0	0.0	0.0	0.0	0.0	0.0	0.0	0.0	0.0	0.0	0.0	0.0	0.0	0.0	0.0	0.0	0.0
k__Bacteria;p__Actinobacteria;c__Actinobacteria;o__Actinomycetales;f__Nocardioidaceae;g__Nocardioides	0.000171262202432	0.000116458497103	0.000214119662303	0.0	0.0	0.0	0.0	0.0	0.0	0.0	0.0	0.0	0.0	0.0	0.0	0.0	0.0	0.0	0.0	0.0	0.0	0.0	0.0	0.0	0.0	0.0	0.0
k__Bacteria;p__Actinobacteria;c__Actinobacteria;o__Actinomycetales;f__Promicromonosporaceae;Other	0.000205514642918	8.73438728273e-05	0.000183531139117	0.0	0.0	0.0	0.0	0.0	0.0	0.0	0.0	0.0	0.0	0.0	0.0	0.0	0.0	7.60528567354e-05	0.0	0.0	0.0	0.0	0.0	0.0	0.0	0.0	0.0
k__Bacteria;p__Actinobacteria;c__Actinobacteria;o__Actinomycetales;f__Pseudonocardiaceae;g__Pseudonocardia	6.85048809728e-05	0.0	3.05885231861e-05	0.0	0.0	0.0	0.0	0.0	0.0	0.0	0.0	0.0	0.0	0.0	0.0	0.0	0.0	0.0	0.0	0.0	0.0	0.0	0.0	0.0	0.0	9.77517106549e-05	0.0
k__Bacteria;p__Actinobacteria;c__Actinobacteria;o__Actinomycetales;f__Sanguibacteraceae;g__Sanguibacter	0.000137009761946	0.0	9.17655695583e-05	0.0	0.0	0.0	0.0	6.58920687913e-05	0.000183833184516	0.0	0.0	0.0	0.0	0.0	0.0	0.0	0.0	3.80264283677e-05	0.0	0.0	0.0	0.0	0.0	0.0	0.0	0.0	0.0
k__Bacteria;p__Actinobacteria;c__Thermoleophilia;o__Gaiellales;f__Gaiellaceae;g__	0.0	0.0	0.0	0.0	0.0	0.0	0.0	0.0	0.000131309417511	0.0	0.0	0.0	0.0	0.0	0.0	0.0	0.0	0.0	0.0	0.0	0.0	0.0	0.0	0.0	0.0	0.0	0.0
k__Bacteria;p__Actinobacteria;c__Thermoleophilia;o__Solirubrobacterales;f__;g__	0.0	0.0	0.0	0.0	0.0	0.0	0.0	0.0	7.87856505069e-05	0.0	0.0	0.0	0.0	0.0	0.0	0.0	0.0	0.0	0.0	0.0	0.0	0.0	0.0	0.0	0.0	0.0	0.0
k__Bacteria;p__Armatimonadetes;c__Armatimonadia;o__Armatimonadales;f__Armatimonadaceae;g__	0.0	0.0	9.17655695583e-05	0.0	0.0	0.0	0.0	0.0	0.0	0.0	0.0	0.0	0.0	0.0	0.0	0.0	0.0	0.0	0.0	0.0	0.0	0.0	0.0	0.0	0.0	0.0	0.0
k__Bacteria;p__Bacteroidetes;c__Bacteroidia;o__Bacteroidales;f__Porphyromonadaceae;g__Paludibacter	0.0	0.0	0.0	0.0	0.0	0.0	0.0	0.000307496321026	0.0	0.0	0.0	0.0	0.0	0.0	0.0	0.0	0.0	0.0	0.0	0.0	0.0	0.0	0.0	0.0	0.0	0.0	0.0
k__Bacteria;p__Bacteroidetes;c__Bacteroidia;o__Bacteroidales;f__Prevotellaceae;g__Prevotella	0.0	0.0	0.0	0.0	0.0	0.0	0.0	0.0	0.0	0.0	0.0	0.0	0.0	0.0	0.0	0.0	0.0	0.0	0.0	0.0	0.0	0.000106575722051	0.0	7.55201449987e-05	0.0	3.9100684262e-05	0.0
k__Bacteria;p__Bacteroidetes;c__Bacteroidia;o__Bacteroidales;f__[Paraprevotellaceae];g__CF231	0.0	0.0	0.0	0.0	0.0	0.0	0.0	0.0	0.0	0.0	0.0	0.0	0.0	0.0	0.0	0.0	0.00010980966325	0.0	0.0	0.0	0.0	0.0	0.0	0.0	0.0	0.0	0.0
k__Bacteria;p__Bacteroidetes;c__Cytophagia;o__Cytophagales;f__Cytophagaceae;g__	0.000308271964377	0.000262031618482	0.000734124556466	0.0	0.0	0.0	0.0	0.000153748160513	0.0	0.0	0.0	0.0	0.0	0.0	0.0	0.0	0.0	0.0	0.0	0.0	0.0	0.0	0.0	0.0	0.0	0.0	0.0
k__Bacteria;p__Bacteroidetes;c__Cytophagia;o__Cytophagales;f__Cytophagaceae;g__Dyadobacter	0.000171262202432	0.000232916994206	0.000244708185489	0.0	0.0	0.0	0.0	0.0	7.87856505069e-05	0.0	0.0	0.0	0.0	0.0	0.0	0.0	0.0	0.0	0.0	0.0	0.0	0.0	0.0	0.0	0.0	0.0	0.0
k__Bacteria;p__Bacteroidetes;c__Cytophagia;o__Cytophagales;f__Cytophagaceae;g__Emticicia	3.42524404864e-05	2.91146242758e-05	6.11770463722e-05	0.0	0.0	0.0	0.0	0.0	0.0	0.0	0.0	0.0	0.0	0.0	0.0	0.0	0.0	0.0	0.0	0.0	0.0	0.0	0.0	0.0	0.0	0.0	0.0
k__Bacteria;p__Bacteroidetes;c__Cytophagia;o__Cytophagales;f__Cytophagaceae;g__Hymenobacter	0.000513786607296	0.000436719364137	0.000948244218769	0.0	0.0	0.0	0.0	0.0	0.0	0.0	0.0	0.0	0.0	0.0	0.0	0.0	0.0	0.0	0.0	0.0	0.0	0.0	0.0	0.0	0.0	0.0	0.0
k__Bacteria;p__Bacteroidetes;c__Cytophagia;o__Cytophagales;f__Cytophagaceae;g__Leadbetterella	3.42524404864e-05	2.91146242758e-05	9.17655695583e-05	0.0	0.0	0.0	0.0	0.0	0.0	0.0	0.0	0.0	0.0	0.0	0.0	0.0	0.0	0.0	0.0	0.0	0.0	0.0	0.0	0.0	0.0	0.0	0.0
k__Bacteria;p__Bacteroidetes;c__Cytophagia;o__Cytophagales;f__Cytophagaceae;g__Spirosoma	0.000924815893132	0.000611407109791	0.00055059341735	0.0	0.0	0.0	0.0	0.0	0.0	0.0	0.0	0.0	0.0	0.0	0.0	0.0	0.0	0.0	0.0	0.0	0.0	0.0	0.0	0.0	0.0	0.0	0.0
k__Bacteria;p__Bacteroidetes;c__Flavobacteriia;o__Flavobacteriales;f__Flavobacteriaceae;g__	0.00308271964377	0.000698750982619	0.00143766058975	0.0	0.000136541139845	0.0	5.20914726259e-05	0.0	0.017306581228	4.84695732254e-05	0.0	0.0	0.0	0.0	0.0	3.9411196721e-05	0.0	0.000285198212758	0.0	5.22957849597e-05	0.0	0.0	0.0	0.0	1.85051536853e-05	0.0	0.0
k__Bacteria;p__Bacteroidetes;c__Flavobacteriia;o__Flavobacteriales;f__Flavobacteriaceae;g__Flavobacterium	0.00342524404864	0.000931667976825	0.00171295729842	0.0	0.0	0.0	0.0	0.0	0.00034140448553	0.0	0.0	0.0	0.0	0.0	0.0	0.0	0.000128111273792	5.70396425516e-05	0.0	0.0	0.0	4.26302888202e-05	0.0	0.0	0.0	0.0	0.0
k__Bacteria;p__Bacteroidetes;c__Flavobacteriia;o__Flavobacteriales;f__Flavobacteriaceae;g__Myroides	0.0	0.0	0.0	0.0	0.0	0.0	0.0	0.0	0.0069068753611	0.0	0.0	0.0	0.0	0.0	0.0	0.0	0.0	0.0	0.0	0.0	0.0	0.0	0.0	0.0	0.0	0.0	0.0
k__Bacteria;p__Bacteroidetes;c__Flavobacteriia;o__Flavobacteriales;f__[Weeksellaceae];g__	0.0	0.000174687745655	0.000122354092744	0.0	0.0	0.0	0.0	0.0	0.0	0.0	0.0	0.0	0.0	0.0	0.0	0.0	0.0	0.0	0.0	0.0	0.0	0.0	0.0	0.0	0.0	0.0	0.0
k__Bacteria;p__Bacteroidetes;c__Flavobacteriia;o__Flavobacteriales;f__[Weeksellaceae];g__Chryseobacterium	0.0143517725638	0.00614318572219	0.0111036339166	6.44592939559e-05	0.000546164559382	0.000141262890239	0.00117205813408	0.000109820114652	0.000157571301014	4.84695732254e-05	3.11322810622e-05	0.0	0.0	0.0	0.000340514403759	0.000689695942617	0.00192166910688	0.000418290712045	0.000676288659794	0.000418366279678	5.69530137636e-05	0.000383672599382	0.0	0.000434240833742	0.000259072151594	5.8651026393e-05	1.68123739072e-05
k__Bacteria;p__Bacteroidetes;c__Flavobacteriia;o__Flavobacteriales;f__[Weeksellaceae];g__Elizabethkingia	3.42524404864e-05	0.00020380236993	0.0	0.0	0.0	0.0	7.81372089389e-05	0.0	0.0	0.0	0.0	0.0	0.0	0.0	0.0	0.0	1.83016105417e-05	0.0	0.0	0.0	0.0	0.0	0.0	0.000245440471246	0.0	0.0	0.0
k__Bacteria;p__Bacteroidetes;c__Flavobacteriia;o__Flavobacteriales;f__[Weeksellaceae];g__Wautersiella	0.0	0.000145573121379	6.11770463722e-05	0.0	0.0	0.0	0.0	4.39280458609e-05	0.0483218656442	0.0	0.0	0.0	0.0	0.0	0.0	0.0	0.00010980966325	0.0	0.0	0.0	0.0	0.0	0.0	0.0	0.0	0.0	0.0
k__Bacteria;p__Bacteroidetes;c__Flavobacteriia;o__Flavobacteriales;f__[Weeksellaceae];g__Weeksella	0.0	8.73438728273e-05	0.0	0.0	0.0	0.0	0.0	0.0	0.0	0.0	0.0	0.0	0.0	0.0	0.0	0.0	0.0	0.0	0.0	0.0	0.0	0.0	0.0	0.0	0.0	0.0	0.0
k__Bacteria;p__Bacteroidetes;c__Sphingobacteriia;o__Sphingobacteriales;f__Sphingobacteriaceae;g__	0.00133584517897	0.00145573121379	0.0024164933317	0.0	0.0	0.0	5.20914726259e-05	0.0	0.00149692735963	0.0	0.0	0.0	0.0	0.0	0.0	0.0	0.000146412884334	1.90132141839e-05	0.0	0.0	0.0	0.000106575722051	0.0	0.0	0.0	0.0	0.0
k__Bacteria;p__Bacteroidetes;c__Sphingobacteriia;o__Sphingobacteriales;f__Sphingobacteriaceae;g__Mucilaginibacter	6.85048809728e-05	2.91146242758e-05	3.05885231861e-05	0.0	0.0	0.0	0.0	0.0	0.0	0.0	0.0	0.0	0.0	0.0	0.0	0.0	0.0	0.0	0.0	0.0	0.0	0.0	0.0	0.0	0.0	0.0	0.0
k__Bacteria;p__Bacteroidetes;c__Sphingobacteriia;o__Sphingobacteriales;f__Sphingobacteriaceae;g__Pedobacter	0.00133584517897	0.000640521734067	0.000978832741955	0.0	0.0	4.70876300796e-05	0.0	0.0	0.000288880718525	0.0	0.0	0.0	0.0	0.0	0.0	0.0	0.0	0.0	0.0	0.0	0.0	0.0	0.0	7.55201449987e-05	0.0	0.0	0.0
k__Bacteria;p__Bacteroidetes;c__Sphingobacteriia;o__Sphingobacteriales;f__Sphingobacteriaceae;g__Sphingobacterium	0.133584517897	0.01668267971	0.0224519760186	0.000537160782966	0.000819246839073	0.000141262890239	0.000468823253633	0.000109820114652	0.163795367404	2.42347866127e-05	9.33968431867e-05	0.000561097256858	0.000150311359244	9.8534302254e-05	0.000249710562757	0.00187203184425	0.00560029282577	0.000570396425516	0.000857731958763	0.000226615068159	0.000170859041291	0.000724714909944	0.00021362500267	0.000188800362497	0.000388608227391	0.000117302052786	8.4061869536e-05
k__Bacteria;p__Bacteroidetes;c__[Saprospirae];o__[Saprospirales];f__Chitinophagaceae;g__	0.00160986470286	0.000786094855446	0.000978832741955	0.0	0.0	2.35438150398e-05	0.0	0.0	0.000367666369032	2.42347866127e-05	0.0	0.0	0.0	4.9267151127e-05	9.08038410025e-05	0.0	0.00281844802343	3.80264283677e-05	0.000115463917526	3.48638566398e-05	0.0	8.52605776404e-05	0.0	1.88800362497e-05	0.0	5.8651026393e-05	1.68123739072e-05
k__Bacteria;p__Bacteroidetes;c__[Saprospirae];o__[Saprospirales];f__Chitinophagaceae;g__Chitinophaga	0.000342524404864	8.73438728273e-05	0.000152942615931	0.000107432156593	0.0	0.0	0.0	0.0	0.0	0.0	0.0	0.0	0.0	0.0	0.0	0.0	0.0	0.0	0.0	0.0	0.0	0.0	0.0	0.0	0.0	0.0	0.0
k__Bacteria;p__Bacteroidetes;c__[Saprospirae];o__[Saprospirales];f__Chitinophagaceae;g__Niabella	0.000102757321459	0.000232916994206	0.000397650801419	0.0	0.0	0.0	0.0	0.0	0.0	0.0	0.0	0.0	0.0	0.0	0.0	0.0	0.0	0.0	3.29896907216e-05	0.0	0.0	0.0	0.0	0.0	0.0	0.0	0.0
k__Bacteria;p__Bacteroidetes;c__[Saprospirae];o__[Saprospirales];f__Chitinophagaceae;g__Sediminibacterium	0.0	0.0	0.0	0.0	0.0	0.0	0.0	0.0	0.0	2.42347866127e-05	9.33968431867e-05	0.0	0.000300622718488	0.0	0.000340514403759	5.91167950815e-05	1.83016105417e-05	0.0	6.59793814433e-05	0.0	0.0	0.0	0.0	3.77600724993e-05	0.0	0.0	0.0
k__Bacteria;p__Chloroflexi;c__Anaerolineae;o__SBR1031;f__A4b;g__	0.0	0.0	9.17655695583e-05	0.0	0.0	0.0	0.0	0.0	0.0	0.0	0.0	0.0	0.0	0.0	0.0	0.0	0.0	0.0	0.0	0.0	0.0	0.0	0.0	0.0	0.0	0.0	0.0
k__Bacteria;p__Chloroflexi;c__Chloroflexi;o__Herpetosiphonales;f__;g__	3.42524404864e-05	8.73438728273e-05	0.0	0.0	0.0	0.0	0.0	0.0	0.0	0.0	0.0	0.0	0.0	0.0	0.0	0.0	0.0	0.0	0.0	0.0	0.0	0.0	0.0	0.0	0.0	0.0	0.0
k__Bacteria;p__Cyanobacteria;c__Chloroplast;o__Streptophyta;f__;g__	0.160130159274	0.387311846741	0.463263183653	0.000171891450549	0.000245774051722	0.000117719075199	0.000468823253633	0.000153748160513	7.87856505069e-05	0.000218113079514	3.11322810622e-05	6.23441396509e-05	6.44191539618e-05	2.46335755635e-05	0.000862636489524	0.0022464382131	0.0021046852123	0.00049434356878	0.000445360824742	0.000854164487676	0.000322733744661	0.000682084621123	0.0	0.000245440471246	0.000832731915839	0.000332355816227	0.000268997982515
k__Bacteria;p__Firmicutes;c__Bacilli;Other;Other;Other	0.0	0.0	0.0	0.0	0.0	0.0	0.0	0.0	0.0	0.0	0.0	0.0	0.0	7.39007266905e-05	0.0	0.0	0.0	0.0	0.0	0.0	0.0	0.0	0.0	0.0	0.0	0.0	0.0
k__Bacteria;p__Firmicutes;c__Bacilli;o__Bacillales;Other;Other	0.0	0.000116458497103	0.0	2.14864313186e-05	0.000136541139845	2.35438150398e-05	5.20914726259e-05	8.78560917218e-05	0.0011029991071	4.84695732254e-05	9.33968431867e-05	0.000311720698254	2.14730513206e-05	4.9267151127e-05	6.81028807519e-05	0.0	1.83016105417e-05	3.80264283677e-05	1.64948453608e-05	0.0	5.69530137636e-05	0.000106575722051	0.0	0.0	1.85051536853e-05	0.0	0.0
k__Bacteria;p__Firmicutes;c__Bacilli;o__Bacillales;f__;g__	0.0	0.0	0.0	0.0	0.0	0.0	0.0	0.0	0.0	2.42347866127e-05	0.0	0.0	0.0	0.0	0.000227009602506	0.0	0.0	0.0	6.59793814433e-05	0.0	0.0	0.0	0.0	0.0	0.0	0.0	0.0
k__Bacteria;p__Firmicutes;c__Bacilli;o__Bacillales;f__Alicyclobacillaceae;g__Alicyclobacillus	6.85048809728e-05	0.0	0.0	0.0	8.19246839073e-05	0.000565051560955	2.6045736313e-05	0.0	0.0	0.0	0.00028019052956	0.0	0.0	0.00650326394876	0.0	0.0	0.00010980966325	0.0	0.0	1.74319283199e-05	0.0	0.0	0.0	1.88800362497e-05	0.0	0.0	0.0
k__Bacteria;p__Firmicutes;c__Bacilli;o__Bacillales;f__Bacillaceae;g__	0.0	0.0	0.000152942615931	0.00015040501923	0.000218465823753	0.0	0.000390686044694	0.000593028619122	0.000131309417511	0.000339287012578	0.000373587372747	0.0	6.44191539618e-05	4.9267151127e-05	4.54019205012e-05	0.000197055983605	0.000933382137628	0.000285198212758	0.000511340206186	0.000313774709758	0.000436639772188	0.000511563465842	0.000149537501869	0.000339840652494	0.000370103073706	0.00019550342131	0.000168123739072
k__Bacteria;p__Firmicutes;c__Bacilli;o__Bacillales;f__Bacillaceae;g__Bacillus	0.000616543928755	0.000116458497103	0.000428239324605	0.00154702305494	0.00507933040225	0.000894664971512	0.0177111006928	0.0106305870983	0.000630285204055	0.00142985241015	0.00473210672146	0.0192643391521	0.00161047884904	0.00172435028944	0.00812694376972	0.00132027509015	0.00241581259151	0.00144500427797	0.00229278350515	0.00125509883903	0.00218319886094	0.00157732068635	0.000469975005875	0.00117056224748	0.00105479376006	0.000606060606061	0.00105917955615
k__Bacteria;p__Firmicutes;c__Bacilli;o__Bacillales;f__Paenibacillaceae;Other	0.0	0.0	0.0	4.29728626372e-05	0.0	4.70876300796e-05	7.81372089389e-05	0.0	0.0	2.42347866127e-05	0.0	0.000124688279302	0.0	0.000123167877817	0.000204308642256	0.0	1.83016105417e-05	3.80264283677e-05	4.94845360825e-05	0.0	5.69530137636e-05	8.52605776404e-05	0.0	0.0	0.0	0.0	3.36247478144e-05
k__Bacteria;p__Firmicutes;c__Bacilli;o__Bacillales;f__Paenibacillaceae;g__Cohnella	0.0	0.0	0.0	0.000128918587912	0.0	0.0	0.0	0.0	0.0	0.0	0.0	6.23441396509e-05	0.0	0.0	0.0	0.0	0.0	0.0	0.0	0.0	5.69530137636e-05	0.0	0.0	0.0	0.0	1.9550342131e-05	0.000100874243443
k__Bacteria;p__Firmicutes;c__Bacilli;o__Bacillales;f__Paenibacillaceae;g__Paenibacillus	0.00140435005994	0.000931667976825	0.00107059831151	0.00128918587912	0.00147464431033	0.000941752601592	0.0020055216961	0.000614992642052	0.000709070854562	0.000799747958219	0.00084057158868	0.0122194513716	0.00180373631093	0.00389210493903	0.00433588340787	0.00104439671311	0.00217789165447	0.00418290712045	0.00255670103093	0.000854164487676	0.00370194589464	0.00191836299691	0.000897225011215	0.00107616206623	0.00159144321694	0.00109481915934	0.000823806321453
k__Bacteria;p__Firmicutes;c__Bacilli;o__Bacillales;f__Planococcaceae;Other	0.0	0.0	0.0	0.0	0.0	0.0	0.0	0.0	0.000105047534009	0.0	0.0	0.0	0.0	0.0	0.0	0.0	1.83016105417e-05	0.0	0.0	0.0	0.0	0.0	0.0	0.0	0.000111030922112	0.0	0.0
k__Bacteria;p__Firmicutes;c__Bacilli;o__Bacillales;f__Planococcaceae;g__	0.0	0.0	0.0	0.0	5.46164559382e-05	0.0	2.6045736313e-05	0.0	0.0	0.0	0.0	0.0	0.0	2.46335755635e-05	4.54019205012e-05	0.0	0.0	0.0	0.0	0.0	0.0	2.13151444101e-05	0.0	0.0	0.0	0.0	0.0
k__Bacteria;p__Firmicutes;c__Bacilli;o__Bacillales;f__Planococcaceae;g__Planomicrobium	3.42524404864e-05	0.0	3.05885231861e-05	0.0	0.0	0.0	0.0	0.0	0.000183833184516	2.42347866127e-05	0.0	0.0	2.14730513206e-05	0.0	2.27009602506e-05	0.0	1.83016105417e-05	0.0	0.0	0.0	0.0	0.0	0.0	1.88800362497e-05	1.85051536853e-05	0.0	0.0
k__Bacteria;p__Firmicutes;c__Bacilli;o__Bacillales;f__Planococcaceae;g__Rummeliibacillus	0.0	0.0	0.0	0.0	0.0	0.0	0.0	0.0	0.00091916592258	0.0	0.0	0.0	0.0	0.0	0.0	0.0	0.0	0.0	0.0	0.0	1.89843379212e-05	0.0	0.0	0.0	0.0	0.0	0.0
k__Bacteria;p__Firmicutes;c__Bacilli;o__Bacillales;f__Planococcaceae;g__Sporosarcina	0.0	0.0	0.0	0.0	5.46164559382e-05	0.0	0.0	0.0	0.0	0.0	0.0	0.0	0.0	0.0	2.27009602506e-05	0.0	0.0	1.90132141839e-05	0.0	0.0	0.0	0.0	0.0	0.0	0.0	0.0	0.0
k__Bacteria;p__Firmicutes;c__Bacilli;o__Bacillales;f__Staphylococcaceae;g__Jeotgalicoccus	0.0	0.0	0.0	0.0	0.0	0.0	0.0	0.0	0.0	0.0	0.0	0.0	0.0	0.0	0.000158906721754	0.0	0.0	0.0	0.0	0.0	0.0	0.0	0.0	0.0	0.0	0.0	0.0
k__Bacteria;p__Firmicutes;c__Bacilli;o__Bacillales;f__Staphylococcaceae;g__Staphylococcus	0.0	0.0	0.0	0.0	0.0	0.0	0.0	0.0	0.000131309417511	0.0	0.0	0.0	0.0	0.0	0.0	0.0	0.0	0.0	0.0	0.0	0.0	2.13151444101e-05	0.0	0.0	0.0	0.0	0.0
k__Bacteria;p__Firmicutes;c__Bacilli;o__Lactobacillales;Other;Other	0.0	0.0	0.0	0.000966889409338	0.00223927469347	0.00108301549183	0.0056258790436	0.00426102044851	0.00034140448553	0.00026658265274	0.000871703869743	0.00642144638404	0.000794502898862	0.00098534302254	0.00274681619032	0.00104439671311	0.000292825768668	0.000399277497861	0.000412371134021	0.000139455426559	0.000360702420503	0.000149206010871	2.1362500267e-05	0.000151040289997	0.000296082458965	5.8651026393e-05	6.72494956288e-05
k__Bacteria;p__Firmicutes;c__Bacilli;o__Lactobacillales;f__;g__	0.0	0.0	0.0	4.29728626372e-05	0.0	2.35438150398e-05	2.6045736313e-05	0.0	7.87856505069e-05	2.42347866127e-05	0.0	0.000124688279302	0.0	0.0	9.08038410025e-05	0.000177350385244	5.49048316252e-05	1.90132141839e-05	1.64948453608e-05	8.71596415996e-05	0.000132890365449	0.0	6.40875008011e-05	3.77600724993e-05	3.70103073706e-05	1.9550342131e-05	1.68123739072e-05
k__Bacteria;p__Firmicutes;c__Bacilli;o__Lactobacillales;f__Aerococcaceae;g__	0.0	0.0	9.17655695583e-05	0.0	0.0	0.0	0.0	0.0	0.0	0.0	0.0	0.0	0.0	0.0	0.0	0.0	0.0	0.0	0.0	0.0	0.0	0.0	0.0	0.0	0.0	0.0	0.0
k__Bacteria;p__Firmicutes;c__Bacilli;o__Lactobacillales;f__Enterococcaceae;Other	0.0	2.91146242758e-05	6.11770463722e-05	0.0	0.0	0.0	0.0	0.0	0.00144440359263	0.0	0.0	0.0	0.0	2.46335755635e-05	0.0	0.0	3.66032210835e-05	0.0	0.0	1.74319283199e-05	0.0	2.13151444101e-05	0.0	0.0	0.0	0.0	0.0
k__Bacteria;p__Firmicutes;c__Bacilli;o__Lactobacillales;f__Enterococcaceae;g__	0.0	0.0	0.0	0.0	0.0	0.0	0.0	0.0	7.87856505069e-05	0.0	0.0	0.0	0.0	0.0	0.0	0.0	0.0	0.0	0.0	0.0	0.0	0.0	0.0	0.0	0.0	0.0	0.0
k__Bacteria;p__Firmicutes;c__Bacilli;o__Lactobacillales;f__Enterococcaceae;g__Enterococcus	0.000274019523891	0.000116458497103	0.000367062278233	0.0	0.0	0.0	2.6045736313e-05	8.78560917218e-05	0.0288880718525	7.27043598381e-05	0.000186793686373	0.0	4.29461026412e-05	0.0	0.0	5.91167950815e-05	0.000988286969253	3.80264283677e-05	9.89690721649e-05	0.000139455426559	7.59373516849e-05	2.13151444101e-05	2.1362500267e-05	7.55201449987e-05	0.000203556690538	0.0	5.04371217216e-05
k__Bacteria;p__Firmicutes;c__Bacilli;o__Lactobacillales;f__Lactobacillaceae;Other	0.000102757321459	2.91146242758e-05	3.05885231861e-05	0.000236350744505	0.000819246839073	4.70876300796e-05	0.00156274417878	0.000329460343957	0.000420190136037	0.000339287012578	0.000217925967436	0.000374064837905	0.00942666952974	4.9267151127e-05	0.000340514403759	0.00118233590163	0.000750366032211	0.000342237855309	0.000247422680412	0.000592685562877	5.69530137636e-05	0.000852605776404	0.000128175001602	0.000434240833742	0.000370103073706	0.0128641251222	0.000201748486886
k__Bacteria;p__Firmicutes;c__Bacilli;o__Lactobacillales;f__Lactobacillaceae;g__	0.0	0.0	0.0	0.0	0.0	0.0	0.0	0.0	0.0	0.0	0.0	0.0	0.000128838307924	0.0	0.0	1.97055983605e-05	0.0	0.0	0.0	0.0	0.0	0.0	0.0	0.0	0.0	0.000156402737048	0.0
k__Bacteria;p__Firmicutes;c__Bacilli;o__Lactobacillales;f__Lactobacillaceae;g__Lactobacillus	0.00116458297654	0.00148484583806	0.00152942615931	0.979888700286	0.972336765067	0.991453595141	0.950617283951	0.977882228909	0.540653395662	0.926980587936	0.519753432334	0.931920199501	0.94064848615	0.972829166153	0.97280424962	0.955563875697	0.883803074671	0.965186804829	0.974482474227	0.956176132204	0.92721404841	0.920963444527	0.914528636432	0.983819808934	0.984159588445	0.971436950147	0.989895763282
k__Bacteria;p__Firmicutes;c__Bacilli;o__Lactobacillales;f__Lactobacillaceae;g__Pediococcus	0.0	0.0	0.0	2.14864313186e-05	0.0	0.0	0.0	0.0	5.25237670046e-05	0.0	0.0	0.0	0.000150311359244	0.0	0.0	0.000275878377047	9.15080527086e-05	3.80264283677e-05	0.0	0.000104591569919	0.0	0.000106575722051	0.0	0.0	0.0	0.00181818181818	1.68123739072e-05
k__Bacteria;p__Firmicutes;c__Bacilli;o__Lactobacillales;f__Leuconostocaceae;Other	0.0	0.0	0.0	0.0	0.0	0.0	0.0	0.0	0.0	0.0	0.0	0.0	0.0	0.0	0.0	0.0	3.66032210835e-05	0.0	0.0	0.0	7.59373516849e-05	0.0	0.0	0.0	0.0	0.0	0.0
k__Bacteria;p__Firmicutes;c__Bacilli;o__Lactobacillales;f__Leuconostocaceae;g__	6.85048809728e-05	0.00020380236993	6.11770463722e-05	0.000709052233515	0.000382315191567	0.000188350520318	0.000807417825702	0.000175712183444	0.000210095068018	0.000121173933064	0.000404719653809	0.0	0.000536826283015	0.0	0.000272411523007	0.00295583975407	0.00558199121523	0.000931647495009	0.00120412371134	0.000627549419517	0.000645467489321	0.00117233294256	0.000192262502403	0.000358720688744	0.0006291752253	0.000703812316716	0.000336247478144
k__Bacteria;p__Firmicutes;c__Bacilli;o__Lactobacillales;f__Leuconostocaceae;g__Leuconostoc	0.000102757321459	0.000407604739861	0.000825890126025	0.000300810038461	5.46164559382e-05	7.06314451194e-05	0.000182320154191	2.19640229304e-05	0.0	0.0	0.000217925967436	0.000436408977556	2.14730513206e-05	9.8534302254e-05	0.000476720165263	0.000571462352454	0.000457540263543	0.0	0.000247422680412	0.000435798207998	0.0006264831514	0.000319727166152	2.1362500267e-05	0.000132160253748	0.000203556690538	0.000136852394917	8.4061869536e-05
k__Bacteria;p__Firmicutes;c__Bacilli;o__Lactobacillales;f__Leuconostocaceae;g__Weissella	0.000205514642918	0.000174687745655	0.000152942615931	0.000107432156593	8.19246839073e-05	0.000141262890239	0.000208365890504	0.0	0.0	0.000169643506289	6.22645621245e-05	0.000249376558603	0.000150311359244	4.9267151127e-05	2.27009602506e-05	0.00080792953278	0.0012262079063	0.000513356782964	0.000329896907216	0.000331206638078	0.000189843379212	0.000490248321432	4.27250005341e-05	1.88800362497e-05	0.000222061844224	0.000215053763441	0.000100874243443
k__Bacteria;p__Firmicutes;c__Bacilli;o__Lactobacillales;f__Streptococcaceae;g__Lactococcus	0.000582291488269	0.000145573121379	0.000244708185489	0.000128918587912	0.0	0.0	0.000104182945252	2.19640229304e-05	0.0	2.42347866127e-05	0.000124529124249	0.0	6.44191539618e-05	0.000172435028944	0.0	3.9411196721e-05	1.83016105417e-05	0.0	1.64948453608e-05	0.0	0.0	0.0	0.0	3.77600724993e-05	0.0	1.9550342131e-05	0.0
k__Bacteria;p__Firmicutes;c__Bacilli;o__Lactobacillales;f__Streptococcaceae;g__Streptococcus	0.0	0.0	0.0	2.14864313186e-05	0.0	4.70876300796e-05	0.0	2.19640229304e-05	0.00202216502968	0.0	0.0	0.0	0.0	9.8534302254e-05	0.0	0.0	0.0	0.0	0.0	0.0	0.0	0.000362357454972	0.0	0.0	0.0	0.0	0.0
k__Bacteria;p__Firmicutes;c__Bacilli;o__Turicibacterales;f__Turicibacteraceae;g__Turicibacter	0.0	2.91146242758e-05	6.11770463722e-05	2.14864313186e-05	0.0	4.70876300796e-05	0.0	0.0	0.000761594621566	9.69391464508e-05	0.0	0.0	0.0	0.0	0.0	0.0	0.0	0.0	0.0	0.0	0.0	0.0	0.0	0.0	1.85051536853e-05	0.0	0.0
k__Bacteria;p__Firmicutes;c__Clostridia;o__Clostridiales;Other;Other	0.0	0.0	0.0	0.000107432156593	0.000163849367815	9.41752601592e-05	0.000234411626817	0.000109820114652	0.000525237670046	9.69391464508e-05	0.0	0.00448877805486	0.000171784410565	0.000246335755635	0.000158906721754	5.91167950815e-05	0.000164714494876	0.000190132141839	0.000115463917526	1.74319283199e-05	3.79686758424e-05	2.13151444101e-05	0.0	5.6640108749e-05	0.000111030922112	7.82013685239e-05	5.04371217216e-05
k__Bacteria;p__Firmicutes;c__Clostridia;o__Clostridiales;f__;g__	0.0	0.0	0.0	0.000128918587912	2.73082279691e-05	0.0	0.000156274417878	0.0	0.000288880718525	2.42347866127e-05	0.0	6.23441396509e-05	0.0	0.000221702180071	0.0	0.0	0.0	0.0	3.29896907216e-05	0.0	5.69530137636e-05	0.000106575722051	0.0	0.0	5.55154610559e-05	3.9100684262e-05	0.0
k__Bacteria;p__Firmicutes;c__Clostridia;o__Clostridiales;f__Christensenellaceae;g__	0.0	0.0	0.0	0.0	0.0	0.0	0.0	0.0	0.0	0.0	0.0	0.0	0.0	0.000123167877817	0.0	0.0	0.0	0.0	0.0	0.0	0.0	0.0	0.0	0.0	0.0	0.0	0.0
k__Bacteria;p__Firmicutes;c__Clostridia;o__Clostridiales;f__Clostridiaceae;Other	0.0	0.0	0.0	0.0	0.0	0.0	2.6045736313e-05	0.0	7.87856505069e-05	0.0	0.0	0.0	0.0	2.46335755635e-05	0.0	0.0	0.0	0.0	0.0	0.0	1.89843379212e-05	4.26302888202e-05	0.0	0.0	0.0	3.9100684262e-05	0.0
k__Bacteria;p__Firmicutes;c__Clostridia;o__Clostridiales;f__Clostridiaceae;g__	0.0	0.0	0.0	0.000257837175823	8.19246839073e-05	9.41752601592e-05	0.000182320154191	0.0	0.000262618835023	9.69391464508e-05	0.000217925967436	0.000436408977556	0.000429461026412	0.00179825101613	0.000635626887017	0.0	1.83016105417e-05	0.0	0.0	0.0	0.0	0.0	0.0	1.88800362497e-05	0.0	0.0	1.68123739072e-05
k__Bacteria;p__Firmicutes;c__Clostridia;o__Clostridiales;f__Clostridiaceae;g__Clostridium	0.0	0.000145573121379	0.000122354092744	2.14864313186e-05	2.73082279691e-05	2.35438150398e-05	0.000520914726259	0.0	0.0	0.00026658265274	0.000186793686373	0.000498753117207	8.58922052824e-05	0.00165044956275	0.000681028807519	0.0	0.000292825768668	0.0	8.24742268041e-05	0.0	5.69530137636e-05	4.26302888202e-05	2.1362500267e-05	3.77600724993e-05	0.0	1.9550342131e-05	6.72494956288e-05
k__Bacteria;p__Firmicutes;c__Clostridia;o__Clostridiales;f__Clostridiaceae;g__SMB53	0.0	0.0	0.0	0.0	8.19246839073e-05	2.35438150398e-05	0.000286503099443	0.0	5.25237670046e-05	0.0	0.0	0.000124688279302	0.0	0.000221702180071	0.0	0.0	0.0	0.0	0.0	0.0	0.0	6.39454332303e-05	0.0	0.0	0.000148041229482	0.0	0.0
k__Bacteria;p__Firmicutes;c__Clostridia;o__Clostridiales;f__Lachnospiraceae;Other	0.0	0.0	0.0	0.0	0.0	0.0	0.0	0.0	5.25237670046e-05	4.84695732254e-05	0.0	0.0	2.14730513206e-05	0.0	0.0	0.0	0.000201317715959	0.000114079285103	6.59793814433e-05	0.0	0.00015187470337	0.0	4.27250005341e-05	7.55201449987e-05	3.70103073706e-05	1.9550342131e-05	1.68123739072e-05
k__Bacteria;p__Firmicutes;c__Clostridia;o__Clostridiales;f__Lachnospiraceae;g__	0.0	0.00020380236993	0.000520004894164	0.000343782901098	0.000546164559382	0.000117719075199	0.00111996666146	0.000395352412748	0.000682808971059	0.00026658265274	0.000373587372747	0.0176433915212	0.000322095769809	0.00120704520261	0.000976141290777	0.000315289573768	0.00159224011713	0.000570396425516	0.000610309278351	0.000174319283199	0.000512577123873	0.000191836299691	0.000106812501335	0.000472000906242	0.000518144303188	0.00019550342131	0.000487558843309
k__Bacteria;p__Firmicutes;c__Clostridia;o__Clostridiales;f__Lachnospiraceae;g__Clostridium	0.0	0.0	0.0	0.0	0.0	0.0	0.0	0.0	0.000105047534009	0.0	0.0	0.0	0.0	0.0	0.0	0.0	0.0	0.0	0.0	0.0	0.0	0.0	0.0	0.0	0.0	0.0	0.0
k__Bacteria;p__Firmicutes;c__Clostridia;o__Clostridiales;f__Lachnospiraceae;g__Coprococcus	0.000205514642918	2.91146242758e-05	0.000183531139117	0.000429728626372	0.000327698735629	0.000282525780477	0.000364640308382	0.000439280458609	0.000787856505069	0.000775513171607	0.000653777902307	0.00261845386534	0.00115954477131	0.00142874738268	0.000817234569022	0.000965574319664	0.00259882869693	0.000931647495009	0.00108865979381	0.000627549419517	0.000284765068818	0.00172652669722	8.54500010681e-05	0.000472000906242	0.000296082458965	0.00103616813294	0.00102555480834
k__Bacteria;p__Firmicutes;c__Clostridia;o__Clostridiales;f__Peptostreptococcaceae;Other	0.0	0.0	0.0	0.0	0.0	0.0	0.0	0.0	0.000105047534009	0.0	0.0	0.0	0.0	0.0	0.0	0.0	0.0	0.0	0.0	0.0	0.0	0.0	0.0	0.0	0.0	0.0	0.0
k__Bacteria;p__Firmicutes;c__Clostridia;o__Clostridiales;f__Ruminococcaceae;g__	0.0	0.0	0.0	0.0	0.0	0.0	0.0	0.0	0.0	0.0	0.0	0.0	0.0	0.0	0.0	0.0	0.0	0.0	0.0	0.0	0.000265780730897	0.0	0.0	0.0	0.0	0.0	0.0
k__Bacteria;p__Firmicutes;c__Clostridia;o__Clostridiales;f__Ruminococcaceae;g__Ruminococcus	0.0	0.0	0.0	0.0	0.0	0.0	0.0	0.0	0.0	0.0	0.0	0.0	0.0	0.0	0.0	0.0	0.0	0.0	0.0	3.48638566398e-05	0.0	0.0	0.0	7.55201449987e-05	1.85051536853e-05	0.000117302052786	0.0
k__Bacteria;p__Firmicutes;c__Clostridia;o__Clostridiales;f__Veillonellaceae;g__	0.0	0.0	0.0	0.0	0.0	0.0	0.0	0.0	2.62618835023e-05	0.0	0.0	0.0	0.0	0.000172435028944	0.0	0.0	0.000201317715959	3.80264283677e-05	0.0	0.0	7.59373516849e-05	0.0	0.0	0.0	0.0	0.0	0.0
k__Bacteria;p__Firmicutes;c__Erysipelotrichi;o__Erysipelotrichales;f__Erysipelotrichaceae;g__[Eubacterium]	0.0	0.0	0.0	0.0	0.0	0.0	0.0	0.0	0.0	0.0	0.0	0.0	0.0	0.0	0.0	0.0	0.0	0.0	0.0	0.0	0.0	0.0	0.0	0.0	7.40206147412e-05	0.0	0.0
k__Bacteria;p__Fusobacteria;c__Fusobacteriia;o__Fusobacteriales;f__Leptotrichiaceae;g__Leptotrichia	0.0	0.0	0.0	0.0	0.0	0.0	0.0	0.0	0.0	0.0	0.0	0.0	0.0	0.000197068604508	0.0	0.0	0.0	0.0	0.0	0.0	0.0	0.0	0.0	0.0	0.0	0.0	0.0
k__Bacteria;p__Gemmatimonadetes;c__Gemm-3;o__;f__;g__	3.42524404864e-05	0.0	0.000183531139117	0.0	0.0	0.0	0.0	0.0	0.0	0.0	0.0	0.0	0.0	0.0	0.0	0.0	0.0	0.0	0.0	0.0	0.0	0.0	0.0	0.0	0.0	0.0	0.0
k__Bacteria;p__Planctomycetes;c__Planctomycetia;o__Gemmatales;f__Gemmataceae;g__Gemmata	0.0	0.0	0.0	0.0	0.0	0.0	0.0	0.0	0.0	0.0	0.0	0.0	0.0	0.0	0.0	5.91167950815e-05	0.0	0.0	0.0	0.000139455426559	0.0	0.0	0.0	0.0	0.0	0.0	0.0
k__Bacteria;p__Planctomycetes;c__Planctomycetia;o__Gemmatales;f__Isosphaeraceae;g__	0.000239767083405	0.000174687745655	0.000214119662303	0.0	0.0	0.0	0.0	0.0	0.0	0.0	0.0	0.0	0.0	0.0	0.0	0.0	0.0	0.0	1.64948453608e-05	0.0	0.0	0.0	0.0	0.0	0.0	0.0	0.0
k__Bacteria;p__Planctomycetes;c__Planctomycetia;o__Pirellulales;f__Pirellulaceae;g__	3.42524404864e-05	5.82292485515e-05	0.0	0.0	0.0	0.0	0.0	0.0	0.0	0.0	0.0	0.0	0.0	0.0	0.0	0.0	0.0	0.0	0.0	0.0	0.0	0.0	0.0	0.0	0.0	0.0	0.0
k__Bacteria;p__Planctomycetes;c__Planctomycetia;o__Planctomycetales;f__Planctomycetaceae;g__Planctomyces	3.42524404864e-05	8.73438728273e-05	0.0	0.0	0.0	0.0	0.0	0.0	0.0	0.0	0.0	0.0	0.0	0.0	0.0	0.0	0.0	0.0	0.0	0.0	0.0	0.0	0.0	0.0	0.0	0.0	0.0
k__Bacteria;p__Proteobacteria;Other;Other;Other;Other	0.000239767083405	0.0	0.000152942615931	0.0	0.0	0.0	0.0	0.0	0.0	0.0	0.0	0.0	0.0	0.0	0.0	0.0	0.0	0.0	0.0	0.0	0.0	0.0	0.0	0.0	0.0	0.0	0.0
k__Bacteria;p__Proteobacteria;c__Alphaproteobacteria;Other;Other;Other	3.42524404864e-05	5.82292485515e-05	6.11770463722e-05	0.0	0.0	0.0	0.0	0.0	0.0	2.42347866127e-05	3.11322810622e-05	0.0	0.0	0.0	0.0	0.0	0.0	0.0	0.0	0.0	0.0	0.0	0.0	0.0	0.0	0.0	0.0
k__Bacteria;p__Proteobacteria;c__Alphaproteobacteria;o__;f__;g__	0.0	0.0	0.0	0.0	2.73082279691e-05	2.35438150398e-05	0.0	0.0	0.0	0.0	0.0	0.0	0.0	0.0	0.0	7.8822393442e-05	0.00010980966325	1.90132141839e-05	3.29896907216e-05	0.0	0.0	0.0	0.0	0.0	0.0	0.0	0.0
k__Bacteria;p__Proteobacteria;c__Alphaproteobacteria;o__BD7-3;f__;g__	0.000102757321459	0.000116458497103	3.05885231861e-05	0.0	8.19246839073e-05	0.0	0.0	0.0	0.0	0.0	0.0	0.0	0.0	0.0	0.0	0.0	0.0	0.0	6.59793814433e-05	0.0	0.0	0.0	0.0	0.0	0.0	5.8651026393e-05	0.0
k__Bacteria;p__Proteobacteria;c__Alphaproteobacteria;o__Caulobacterales;f__Caulobacteraceae;Other	0.0	2.91146242758e-05	3.05885231861e-05	4.29728626372e-05	2.73082279691e-05	2.35438150398e-05	2.6045736313e-05	0.0	2.62618835023e-05	0.0	0.0	0.0	0.0	0.0	2.27009602506e-05	0.0	3.66032210835e-05	0.0	0.0	0.0	0.0	0.0	2.1362500267e-05	0.0	0.0	1.9550342131e-05	0.0
k__Bacteria;p__Proteobacteria;c__Alphaproteobacteria;o__Caulobacterales;f__Caulobacteraceae;g__	0.00411029285837	0.0018051067051	0.00342591459684	0.000128918587912	5.46164559382e-05	4.70876300796e-05	0.00026045736313	0.0	0.000210095068018	0.0	0.000186793686373	0.0	0.0	0.0	0.000181607682005	7.8822393442e-05	0.000146412884334	0.000209145356022	9.89690721649e-05	0.000209183139839	1.89843379212e-05	2.13151444101e-05	6.40875008011e-05	0.000188800362497	0.0	5.8651026393e-05	0.00011768661735
k__Bacteria;p__Proteobacteria;c__Alphaproteobacteria;o__Caulobacterales;f__Caulobacteraceae;g__Asticcacaulis	6.85048809728e-05	0.0	0.0	0.0	2.73082279691e-05	0.0	0.0	0.0	0.0	0.0	0.0	0.0	0.0	0.0	0.0	0.0	0.0	0.0	0.0	0.0	0.0	0.0	0.0	0.0	0.0	0.0	0.0
k__Bacteria;p__Proteobacteria;c__Alphaproteobacteria;o__Caulobacterales;f__Caulobacteraceae;g__Brevundimonas	0.000102757321459	2.91146242758e-05	3.05885231861e-05	0.0	0.0	0.0	0.0	0.0	0.00995325384737	0.0	0.0	0.0	0.0	0.0	0.0	0.0	0.0	0.0	0.0	0.0	0.0	0.0	0.0	0.0	0.0	0.0	0.0
k__Bacteria;p__Proteobacteria;c__Alphaproteobacteria;o__Caulobacterales;f__Caulobacteraceae;g__Caulobacter	0.000171262202432	0.000174687745655	0.000244708185489	0.0	0.0	0.0	0.0	0.0	0.0	0.0	0.0	0.0	0.0	0.0	0.0	0.0	0.0	0.0	0.0	1.74319283199e-05	5.69530137636e-05	8.52605776404e-05	0.0	0.0	0.0	0.0	0.0
k__Bacteria;p__Proteobacteria;c__Alphaproteobacteria;o__Caulobacterales;f__Caulobacteraceae;g__Mycoplana	0.00102757321459	5.82292485515e-05	9.17655695583e-05	0.0	0.0	0.0	0.0	0.0	2.62618835023e-05	0.0	0.0	0.0	0.0	0.0	0.0	0.0	0.0	0.0	0.0	0.0	0.0	0.0	0.0	0.0	0.0	0.0	0.0
k__Bacteria;p__Proteobacteria;c__Alphaproteobacteria;o__Caulobacterales;f__Caulobacteraceae;g__Phenylobacterium	0.000205514642918	0.000291146242758	0.000305885231861	0.0	5.46164559382e-05	0.0	0.0	0.0	0.0	0.0	0.0	0.0	0.0	0.0	0.0	0.0	0.000146412884334	0.0	0.0	0.0	0.0	0.0	0.0	0.0	0.0	0.0	0.0
k__Bacteria;p__Proteobacteria;c__Alphaproteobacteria;o__Rhizobiales;Other;Other	0.000137009761946	8.73438728273e-05	0.000152942615931	0.0	0.0	0.0	0.0	0.0	5.25237670046e-05	0.0	0.0	0.0	0.0	0.0	0.0	0.0	0.0	0.0	0.0	0.0	0.0	0.0	0.0	0.0	0.0	0.0	0.0
k__Bacteria;p__Proteobacteria;c__Alphaproteobacteria;o__Rhizobiales;f__;g__	0.000993320774105	0.000815209479722	0.00113177535789	0.0	0.0	0.0	0.0	0.0	0.0	0.0	0.0	0.0	0.0	0.0	0.0	5.91167950815e-05	0.000219619326501	5.70396425516e-05	6.59793814433e-05	0.0	0.0	0.0	0.0	0.0	1.85051536853e-05	3.9100684262e-05	0.0
k__Bacteria;p__Proteobacteria;c__Alphaproteobacteria;o__Rhizobiales;f__Aurantimonadaceae;g__	0.00181537934578	0.00122281421958	0.00122354092744	0.0	0.0	2.35438150398e-05	0.0	0.0	0.0	0.0	0.0	0.000311720698254	0.0	0.0	0.0	0.0	0.000237920937042	0.0	9.89690721649e-05	5.22957849597e-05	0.0	0.0	0.0	0.0	0.000148041229482	5.8651026393e-05	0.000100874243443
k__Bacteria;p__Proteobacteria;c__Alphaproteobacteria;o__Rhizobiales;f__Aurantimonadaceae;g__Aurantimonas	6.85048809728e-05	2.91146242758e-05	0.0	0.0	0.0	0.0	0.0	0.0	0.0	0.0	0.0	0.0	0.0	0.0	0.0	0.0	0.0	0.0	0.0	0.0	0.0	0.0	0.0	0.0	0.0	0.0	0.0
k__Bacteria;p__Proteobacteria;c__Alphaproteobacteria;o__Rhizobiales;f__Bradyrhizobiaceae;Other	0.000137009761946	8.73438728273e-05	0.000122354092744	0.0	0.0	0.0	0.0	0.0	0.0	0.0	0.0	0.0	0.0	0.0	0.0	0.0	0.0	0.0	0.0	0.0	0.0	0.0	0.0	0.0	0.0	0.0	0.0
k__Bacteria;p__Proteobacteria;c__Alphaproteobacteria;o__Rhizobiales;f__Bradyrhizobiaceae;g__	0.000205514642918	0.000145573121379	9.17655695583e-05	0.0	0.0	0.0	0.0	0.0	0.0	0.0	9.33968431867e-05	0.0	6.44191539618e-05	0.000295602906762	0.0	0.0	0.00010980966325	0.0	3.29896907216e-05	0.0	0.0	0.0	0.0	0.0	0.0	0.0	5.04371217216e-05
k__Bacteria;p__Proteobacteria;c__Alphaproteobacteria;o__Rhizobiales;f__Bradyrhizobiaceae;g__Balneimonas	3.42524404864e-05	5.82292485515e-05	0.0	0.0	0.0	0.0	0.0	0.0	0.0	0.0	0.0	0.0	0.0	0.0	0.0	0.0	0.0	0.0	0.0	0.0	0.0	0.0	0.0	0.0	0.0	0.0	0.0
k__Bacteria;p__Proteobacteria;c__Alphaproteobacteria;o__Rhizobiales;f__Bradyrhizobiaceae;g__Bosea	0.00085631101216	0.000873438728273	0.000458827847792	0.000128918587912	0.0	0.0	0.0	0.0	2.62618835023e-05	0.0	0.0	0.0	4.29461026412e-05	7.39007266905e-05	0.0	0.0	7.32064421669e-05	5.70396425516e-05	0.0	0.0	0.0	0.0	2.1362500267e-05	0.0	0.0	0.0	6.72494956288e-05
k__Bacteria;p__Proteobacteria;c__Alphaproteobacteria;o__Rhizobiales;f__Brucellaceae;Other	0.000102757321459	8.73438728273e-05	0.000122354092744	0.0	0.0	0.0	0.0	0.0	0.00604023320553	0.0	0.0	0.0	0.0	0.0	0.0	0.0	0.0	0.0	0.0	0.0	0.0	0.0	0.0	0.0	0.0	0.0	0.0
k__Bacteria;p__Proteobacteria;c__Alphaproteobacteria;o__Rhizobiales;f__Brucellaceae;g__	6.85048809728e-05	0.0	3.05885231861e-05	0.0	0.0	0.0	0.0	0.0	0.0	0.0	0.0	0.0	0.0	0.0	0.0	0.0	0.0	0.0	0.0	0.0	0.0	0.0	0.0	0.0	0.0	0.0	0.0
k__Bacteria;p__Proteobacteria;c__Alphaproteobacteria;o__Rhizobiales;f__Brucellaceae;g__Ochrobactrum	0.0085631101216	0.00436719364137	0.00911537990946	8.59457252745e-05	0.00103771266283	7.06314451194e-05	0.000130228681565	0.0	0.00212721256369	7.27043598381e-05	3.11322810622e-05	0.0	0.000107365256603	2.46335755635e-05	0.0	3.9411196721e-05	0.00280014641288	0.00150204392052	0.000181443298969	0.0	0.000227812055055	0.000149206010871	4.27250005341e-05	0.0	9.25257684265e-05	7.82013685239e-05	3.36247478144e-05
k__Bacteria;p__Proteobacteria;c__Alphaproteobacteria;o__Rhizobiales;f__Brucellaceae;g__Pseudochrobactrum	0.0	0.0	3.05885231861e-05	0.0	0.0	0.0	0.0	0.0	0.000105047534009	0.0	0.0	0.0	0.0	0.0	0.0	0.0	0.0	0.0	0.0	0.0	0.0	0.0	0.0	0.0	0.0	0.0	0.0
k__Bacteria;p__Proteobacteria;c__Alphaproteobacteria;o__Rhizobiales;f__Hyphomicrobiaceae;g__Devosia	0.00229491351259	0.00355198416164	0.00376238835189	8.59457252745e-05	0.000218465823753	0.0	0.0	0.0	0.000446452019539	0.0	0.0	0.0	0.0	7.39007266905e-05	0.0	0.000295583975407	0.000274524158126	5.70396425516e-05	9.89690721649e-05	1.74319283199e-05	0.0	0.000149206010871	0.0	0.000169920326247	3.70103073706e-05	7.82013685239e-05	5.04371217216e-05
k__Bacteria;p__Proteobacteria;c__Alphaproteobacteria;o__Rhizobiales;f__Hyphomicrobiaceae;g__Rhodoplanes	3.42524404864e-05	0.000116458497103	0.0	0.0	0.0	0.0	0.0	0.0	0.0	0.0	0.0	0.0	0.0	0.0	0.0	0.0	0.000201317715959	0.0	0.0	0.0	0.0	0.0	0.0	0.0	0.0	0.0	0.0
k__Bacteria;p__Proteobacteria;c__Alphaproteobacteria;o__Rhizobiales;f__Methylobacteriaceae;g__	0.00870011988354	0.00821032404577	0.00936008809495	0.000128918587912	0.000436931647505	2.35438150398e-05	2.6045736313e-05	8.78560917218e-05	0.0	4.84695732254e-05	0.0	0.0	0.000107365256603	0.0	9.08038410025e-05	0.000236467180326	7.32064421669e-05	1.90132141839e-05	0.00019793814433	5.22957849597e-05	0.0	0.000213151444101	2.1362500267e-05	9.44001812483e-05	0.0	0.0	0.0
k__Bacteria;p__Proteobacteria;c__Alphaproteobacteria;o__Rhizobiales;f__Methylobacteriaceae;g__Methylobacterium	0.00243192327453	0.00256208693627	0.00223296219259	0.0	5.46164559382e-05	2.35438150398e-05	0.0	0.0	0.0	0.0	0.0	0.0	0.0	0.0	0.0	0.000256172778686	5.49048316252e-05	0.000285198212758	4.94845360825e-05	0.000226615068159	1.89843379212e-05	0.000127890866461	4.27250005341e-05	0.0	3.70103073706e-05	0.0	3.36247478144e-05
k__Bacteria;p__Proteobacteria;c__Alphaproteobacteria;o__Rhizobiales;f__Methylocystaceae;g__	0.00037677684535	0.000494948612688	9.17655695583e-05	0.0	8.19246839073e-05	0.0	0.0	0.0	0.0	0.0	0.0	0.0	0.0	0.0	0.0	3.9411196721e-05	0.000329428989751	0.0	0.0	0.0	1.89843379212e-05	0.0	0.0	0.0	0.0	0.0	0.0
k__Bacteria;p__Proteobacteria;c__Alphaproteobacteria;o__Rhizobiales;f__Phyllobacteriaceae;Other	0.0	5.82292485515e-05	6.11770463722e-05	0.0	0.0	0.0	0.0	0.0	0.000105047534009	0.0	0.0	0.0	0.0	0.0	0.0	0.0	3.66032210835e-05	1.90132141839e-05	0.0	0.0	0.0	0.0	0.0	0.0	0.0	0.0	0.0
k__Bacteria;p__Proteobacteria;c__Alphaproteobacteria;o__Rhizobiales;f__Phyllobacteriaceae;g__	0.0	0.00020380236993	0.000520004894164	0.0	0.0	0.0	0.0	0.0	2.62618835023e-05	0.0	0.0	0.0	0.0	0.0	0.0	0.0	0.0	0.0	0.0	0.0	0.0	0.0	0.0	0.0	0.0	0.0	0.0
k__Bacteria;p__Proteobacteria;c__Alphaproteobacteria;o__Rhizobiales;f__Phyllobacteriaceae;g__Mesorhizobium	0.000137009761946	5.82292485515e-05	9.17655695583e-05	0.0	0.0	0.0	0.0	0.0	0.0	0.0	0.0	0.0	0.0	0.0	0.0	0.0	0.00010980966325	9.50660709193e-05	0.0	0.0	0.0	0.0	0.0	0.0	0.0	0.0	0.0
k__Bacteria;p__Proteobacteria;c__Alphaproteobacteria;o__Rhizobiales;f__Rhizobiaceae;Other	0.0015071073814	0.00113547034676	0.00156001468249	0.0	0.0	0.0	2.6045736313e-05	0.0	0.000105047534009	0.0	0.0	0.0	0.0	0.0	4.54019205012e-05	1.97055983605e-05	0.000201317715959	9.50660709193e-05	1.64948453608e-05	0.0	0.0	0.0	0.0	3.77600724993e-05	1.85051536853e-05	1.9550342131e-05	5.04371217216e-05
k__Bacteria;p__Proteobacteria;c__Alphaproteobacteria;o__Rhizobiales;f__Rhizobiaceae;g__	0.0022606610721	0.00337729641599	0.00434357029243	0.000236350744505	0.000191157595784	0.0	0.0	4.39280458609e-05	0.0	0.0	0.0	0.0	0.0	0.000197068604508	0.0	0.000177350385244	5.49048316252e-05	0.000228158570206	0.000148453608247	0.000104591569919	0.0	2.13151444101e-05	6.40875008011e-05	0.0	0.0	7.82013685239e-05	0.000100874243443
k__Bacteria;p__Proteobacteria;c__Alphaproteobacteria;o__Rhizobiales;f__Rhizobiaceae;g__Agrobacterium	0.0303134098305	0.0114711619647	0.0164260369509	0.000236350744505	0.000136541139845	9.41752601592e-05	0.000416731781007	6.58920687913e-05	0.000604023320553	7.27043598381e-05	0.000155661405311	6.23441396509e-05	0.000300622718488	2.46335755635e-05	6.81028807519e-05	0.000965574319664	0.00195827232796	0.001654149634	0.000247422680412	0.000540389777917	0.000360702420503	0.000127890866461	8.54500010681e-05	0.000415360797493	0.000259072151594	0.000410557184751	0.000319435104237
k__Bacteria;p__Proteobacteria;c__Alphaproteobacteria;o__Rhizobiales;f__Rhizobiaceae;g__Kaistia	0.000924815893132	0.00136838734096	0.00122354092744	0.0	2.73082279691e-05	0.0	0.0	0.0	0.0	0.0	0.0	0.0	0.0	0.0	0.0	0.0	0.0	0.0	0.0	0.0	0.0	2.13151444101e-05	0.0	0.0	0.0	0.0	0.0
k__Bacteria;p__Proteobacteria;c__Alphaproteobacteria;o__Rhizobiales;f__Rhizobiaceae;g__Rhizobium	0.00130159273848	0.000873438728273	0.00159060320568	0.0	0.0	0.0	0.0	0.0	0.0	9.69391464508e-05	0.0	0.0	0.0	0.0	0.0	0.000275878377047	0.000402635431918	0.000152105713471	1.64948453608e-05	0.0	0.0	0.0	4.27250005341e-05	0.0	0.0	0.0	0.0
k__Bacteria;p__Proteobacteria;c__Alphaproteobacteria;o__Rhizobiales;f__Xanthobacteraceae;g__Labrys	3.42524404864e-05	5.82292485515e-05	0.000122354092744	0.0	0.0	0.0	0.0	0.0	0.0	0.0	0.0	0.0	0.0	0.0	0.0	1.97055983605e-05	0.0	0.0	0.0	0.0	0.0	0.0	0.0	0.0	0.0	0.0	0.0
k__Bacteria;p__Proteobacteria;c__Alphaproteobacteria;o__Rhodobacterales;f__Rhodobacteraceae;Other	0.0	0.0	6.11770463722e-05	0.0	0.0	0.0	0.0	0.0	0.000997951573087	0.0	0.0	0.0	0.0	0.0	0.0	0.0	1.83016105417e-05	0.0	0.0	0.0	0.0	0.0	0.0	0.0	0.0	0.0	0.0
k__Bacteria;p__Proteobacteria;c__Alphaproteobacteria;o__Rhodobacterales;f__Rhodobacteraceae;g__	0.0	0.0	3.05885231861e-05	0.0	0.0	0.0	0.0	2.19640229304e-05	0.000709070854562	0.0	0.0	0.0	0.0	0.0	0.0	0.0	0.0	0.0	0.0	0.0	0.0	0.0	0.0	0.0	3.70103073706e-05	0.0	0.0
k__Bacteria;p__Proteobacteria;c__Alphaproteobacteria;o__Rhodobacterales;f__Rhodobacteraceae;g__Anaerospora	0.0	0.0	0.0	0.0	0.0	0.0	0.0	0.0	0.000393928252534	0.0	0.0	0.0	0.0	0.0	0.0	0.0	0.0	0.0	0.0	0.0	0.0	0.0	0.0	0.0	0.0	0.0	0.0
k__Bacteria;p__Proteobacteria;c__Alphaproteobacteria;o__Rhodobacterales;f__Rhodobacteraceae;g__Jannaschia	0.0	0.0	0.0	0.0	0.0	0.0	0.0	0.0	0.0011029991071	0.0	0.0	0.0	0.0	0.0	0.0	0.0	0.0	0.0	0.0	0.0	0.0	0.0	0.0	0.0	0.0	0.0	0.0
k__Bacteria;p__Proteobacteria;c__Alphaproteobacteria;o__Rhodobacterales;f__Rhodobacteraceae;g__Paracoccus	0.0	0.000174687745655	0.0	0.0	0.0	0.0	0.0	0.0	0.0045695677294	0.0	0.0	0.0	0.0	0.0	0.0	0.0	0.000146412884334	0.0	0.0	0.0	0.0	0.0	0.0	0.0	0.0	0.0	0.0
k__Bacteria;p__Proteobacteria;c__Alphaproteobacteria;o__Rhodobacterales;f__Rhodobacteraceae;g__Rhodobacter	6.85048809728e-05	2.91146242758e-05	9.17655695583e-05	0.0	0.0	0.0	0.0	0.0	0.000105047534009	0.0	0.0	0.0	0.0	0.0	0.0	7.8822393442e-05	0.0	0.0	0.0	0.0	0.0	0.0	0.0	0.0	0.0	0.0	0.0
k__Bacteria;p__Proteobacteria;c__Alphaproteobacteria;o__Rhodospirillales;f__Acetobacteraceae;Other	3.42524404864e-05	0.000145573121379	0.0	0.0	0.0	0.0	0.0	0.0	0.0	2.42347866127e-05	0.0	0.0	0.0	0.0	0.0	0.0	0.0	0.0	0.0	0.0	0.0	0.0	0.0	0.0	0.0	0.0	0.0
k__Bacteria;p__Proteobacteria;c__Alphaproteobacteria;o__Rhodospirillales;f__Acetobacteraceae;g__	0.00205514642918	0.00131015809241	0.0019882540071	0.0	0.0	2.35438150398e-05	2.6045736313e-05	0.0	0.0	0.0	0.0	0.0	0.0	0.0	0.0	0.0	5.49048316252e-05	1.90132141839e-05	0.0	1.74319283199e-05	0.0	0.000170521155281	0.0	0.0	0.0	1.9550342131e-05	0.0
k__Bacteria;p__Proteobacteria;c__Alphaproteobacteria;o__Rhodospirillales;f__Acetobacteraceae;g__Acetobacter	0.0	0.0	0.0	0.0	0.0	0.0	0.00026045736313	6.58920687913e-05	0.0184358422186	0.0615563579963	0.463715326422	0.0	0.0375563667597	0.00145338095825	0.000249710562757	0.000177350385244	0.0	1.90132141839e-05	6.59793814433e-05	0.0239689014399	0.0531941148552	0.054417563679	0.0800666510008	0.00211456405996	0.000425618534762	0.000254154447703	5.04371217216e-05
k__Bacteria;p__Proteobacteria;c__Alphaproteobacteria;o__Rhodospirillales;f__Acetobacteraceae;g__Acidisoma	0.000137009761946	5.82292485515e-05	0.0011011868347	0.0	0.0	0.0	0.0	0.0	0.0	0.0	0.0	0.0	0.0	0.0	0.0	0.0	1.83016105417e-05	9.50660709193e-05	0.0	0.0	0.0	0.0	0.0	0.0	0.0	0.0	0.0
k__Bacteria;p__Proteobacteria;c__Alphaproteobacteria;o__Rhodospirillales;f__Acetobacteraceae;g__Gluconobacter	0.000137009761946	0.000145573121379	6.11770463722e-05	0.0	0.0	0.0	0.0	0.0	0.0	0.0	0.0	0.0	0.0	0.000147801453381	0.0	0.0	0.00161054172767	0.0	0.0	0.0	7.59373516849e-05	0.0	0.0	0.0	0.0	0.0	0.0
k__Bacteria;p__Proteobacteria;c__Alphaproteobacteria;o__Rhodospirillales;f__Rhodospirillaceae;g__	3.42524404864e-05	0.0	0.0	0.0	0.0	0.0	0.0	0.0	0.000262618835023	0.0	0.0	0.0	0.0	0.0	0.0	0.0	0.0	0.0	0.0	0.0	0.0	0.0	0.0	0.0	0.0	0.0	0.0
k__Bacteria;p__Proteobacteria;c__Alphaproteobacteria;o__Rhodospirillales;f__Rhodospirillaceae;g__Azospirillum	0.000342524404864	0.000465833988412	0.000642358986908	0.000107432156593	0.0	4.70876300796e-05	5.20914726259e-05	0.0	0.0	0.0	0.0	0.0	0.0	0.0	0.0	1.97055983605e-05	0.0	1.90132141839e-05	0.000115463917526	6.97277132796e-05	0.0	0.0	0.0	0.0	0.0	0.0	0.0
k__Bacteria;p__Proteobacteria;c__Alphaproteobacteria;o__Rickettsiales;f__;g__	0.0	0.0	0.000183531139117	0.0	0.0	0.0	5.20914726259e-05	0.0	0.0	0.0	0.0	0.0	0.0	0.0	4.54019205012e-05	0.0	0.0	0.0	0.0	1.74319283199e-05	0.0	0.0	0.0	0.000132160253748	0.0	0.0	1.68123739072e-05
k__Bacteria;p__Proteobacteria;c__Alphaproteobacteria;o__Rickettsiales;f__mitochondria;Other	0.00205514642918	0.00963694063528	0.00838125535299	0.0	0.0	0.0	0.000286503099443	2.19640229304e-05	5.25237670046e-05	2.42347866127e-05	0.0	0.0	0.0	0.0	0.0	0.000354700770489	1.83016105417e-05	7.60528567354e-05	8.24742268041e-05	3.48638566398e-05	0.0	0.000127890866461	0.0	1.88800362497e-05	1.85051536853e-05	0.0	1.68123739072e-05
k__Bacteria;p__Proteobacteria;c__Alphaproteobacteria;o__Rickettsiales;f__mitochondria;g__Carludovica	3.42524404864e-05	0.000174687745655	3.05885231861e-05	0.0	0.0	0.0	0.0	0.0	0.0	0.0	0.0	0.0	0.0	0.0	0.0	0.0	0.0	0.0	0.0	0.0	0.0	0.0	0.0	0.0	0.0	0.0	0.0
k__Bacteria;p__Proteobacteria;c__Alphaproteobacteria;o__Sphingomonadales;Other;Other	0.000102757321459	0.0	3.05885231861e-05	0.0	0.0	0.0	0.0	0.0	0.0	0.0	0.0	0.0	0.0	0.0	0.0	0.0	0.0	0.0	0.0	0.0	0.0	0.0	0.0	0.0	0.0	0.0	0.0
k__Bacteria;p__Proteobacteria;c__Alphaproteobacteria;o__Sphingomonadales;f__Erythrobacteraceae;g__	0.000137009761946	8.73438728273e-05	0.000275296708675	0.0	0.0	0.0	0.0	0.0	0.000105047534009	0.0	0.0	0.0	0.0	0.0	0.0	0.0	0.0	0.0	0.0	0.0	0.0	0.0	0.0	0.0	0.0	0.0	0.0
k__Bacteria;p__Proteobacteria;c__Alphaproteobacteria;o__Sphingomonadales;f__Sphingomonadaceae;Other	0.000513786607296	8.73438728273e-05	0.000397650801419	0.0	0.0	0.0	0.0	0.0	0.0	0.0	0.0	0.0	0.0	0.0	0.0	0.0	3.66032210835e-05	0.0	0.0	0.0	0.0	0.0	0.0	0.0	0.0	0.0	0.0
k__Bacteria;p__Proteobacteria;c__Alphaproteobacteria;o__Sphingomonadales;f__Sphingomonadaceae;g__	0.000548039047782	0.00116458497103	0.00113177535789	0.0	0.0	0.0	2.6045736313e-05	0.0	0.000131309417511	0.0	0.0	0.0	0.0	0.0	0.0	0.0	3.66032210835e-05	0.000152105713471	0.0	0.0	0.0	0.0	0.0	0.0	1.85051536853e-05	0.0	0.0
k__Bacteria;p__Proteobacteria;c__Alphaproteobacteria;o__Sphingomonadales;f__Sphingomonadaceae;g__Kaistobacter	3.42524404864e-05	8.73438728273e-05	0.0	0.0	0.0	0.0	0.0	0.0	0.0	0.0	0.0	0.0	0.0	0.0	0.0	0.0	0.0	0.0	0.0	0.0	0.0	0.0	0.0	0.0	0.0	0.0	0.0
k__Bacteria;p__Proteobacteria;c__Alphaproteobacteria;o__Sphingomonadales;f__Sphingomonadaceae;g__Novosphingobium	0.00524062339442	0.0038431304044	0.00960479628044	0.0	0.0	0.0	0.00044277751732	2.19640229304e-05	2.62618835023e-05	0.0	0.000217925967436	0.0	0.0	0.0	0.0	0.000197055983605	0.00435578330893	0.000456317140413	6.59793814433e-05	0.000366070494718	0.0	0.000106575722051	6.40875008011e-05	5.6640108749e-05	0.0	5.8651026393e-05	0.0
k__Bacteria;p__Proteobacteria;c__Alphaproteobacteria;o__Sphingomonadales;f__Sphingomonadaceae;g__Sphingobium	0.026340126734	0.00771537543308	0.0115318732412	0.0	0.000191157595784	7.06314451194e-05	0.000130228681565	2.19640229304e-05	0.0	4.84695732254e-05	6.22645621245e-05	0.0	0.0	4.9267151127e-05	0.0	0.000827635131141	0.000677159590044	0.00024717178439	0.000313402061856	0.000226615068159	0.000455624110109	0.0	0.0	3.77600724993e-05	0.000462628842133	1.9550342131e-05	5.04371217216e-05
k__Bacteria;p__Proteobacteria;c__Alphaproteobacteria;o__Sphingomonadales;f__Sphingomonadaceae;g__Sphingomonas	0.0621339270423	0.0329868693045	0.0735348097394	0.000966889409338	0.00101040443486	0.000141262890239	0.00247434494973	0.000417316435678	0.000262618835023	0.000605869665318	0.000716042464431	0.0	0.0	0.000591205813524	0.000385916324261	0.00451258202455	0.0063140556369	0.00226257248788	0.00158350515464	0.00181292054527	0.000493592785952	0.000980496642865	0.00021362500267	0.00113280217498	0.000536649456874	0.00125122189638	0.000151311365165
k__Bacteria;p__Proteobacteria;c__Alphaproteobacteria;o__Sphingomonadales;f__Sphingomonadaceae;g__Sphingopyxis	0.000171262202432	0.000727865606894	0.000458827847792	0.0	0.0	0.0	5.20914726259e-05	0.0	0.000787856505069	0.0	0.0	0.0	0.0	0.0	0.0	0.000334995172128	7.32064421669e-05	9.50660709193e-05	3.29896907216e-05	0.0	0.0	2.13151444101e-05	0.0	0.0	0.0	0.0	0.0
k__Bacteria;p__Proteobacteria;c__Betaproteobacteria;o__Burkholderiales;Other;Other	0.000342524404864	0.000145573121379	0.000305885231861	0.0	0.0	0.0	0.0	0.0	5.25237670046e-05	0.0	0.0	0.0	0.0	0.0	0.0	1.97055983605e-05	0.0	0.0	0.0	1.74319283199e-05	0.0	0.0	0.0	0.0	0.0	0.0	0.0
k__Bacteria;p__Proteobacteria;c__Betaproteobacteria;o__Burkholderiales;f__;g__	0.000102757321459	0.0	3.05885231861e-05	0.0	0.0	0.0	0.0	0.0	0.0	0.0	0.0	0.0	0.0	0.0	0.0	0.0	0.0	0.0	0.0	0.0	0.0	0.0	0.0	0.0	0.0	0.0	0.0
k__Bacteria;p__Proteobacteria;c__Betaproteobacteria;o__Burkholderiales;f__Alcaligenaceae;Other	0.000205514642918	0.000494948612688	0.000244708185489	0.0	0.0	0.0	0.0	0.0	0.000367666369032	0.0	0.0	0.0	0.0	0.0	0.0	0.0	0.0	0.0	0.0	0.0	0.0	0.0	0.0	0.0	0.0	0.0	0.0
k__Bacteria;p__Proteobacteria;c__Betaproteobacteria;o__Burkholderiales;f__Alcaligenaceae;g__	0.000650796369241	0.000145573121379	0.000183531139117	0.0	0.0	0.0	0.0	0.0	2.62618835023e-05	0.0	0.0	0.0	0.0	0.0	0.0	1.97055983605e-05	0.0	0.0	0.0	0.0	0.0	2.13151444101e-05	0.0	0.0	0.0	0.0	0.0
k__Bacteria;p__Proteobacteria;c__Betaproteobacteria;o__Burkholderiales;f__Alcaligenaceae;g__Achromobacter	0.0350744990581	0.0193029958948	0.0275296708675	0.00047270148901	0.0011469455747	0.000188350520318	0.00044277751732	0.000175712183444	0.00144440359263	0.000218113079514	0.000217925967436	0.000311720698254	0.000193257461885	7.39007266905e-05	0.000158906721754	0.00193114863933	0.00334919472914	0.000855594638274	0.000560824742268	0.000557821706237	0.000702420503085	0.00102312693168	6.40875008011e-05	0.000736321413737	0.000518144303188	0.000762463343109	0.00084061869536
k__Bacteria;p__Proteobacteria;c__Betaproteobacteria;o__Burkholderiales;f__Alcaligenaceae;g__Pigmentiphaga	0.000205514642918	5.82292485515e-05	0.000122354092744	0.0	0.0	0.0	0.0	0.0	0.0	0.0	0.0	0.0	0.0	0.0	0.000113504801253	0.0	0.0	0.0	0.0	0.0	0.0	0.0	0.0	0.0	0.0	0.0	0.0
k__Bacteria;p__Proteobacteria;c__Betaproteobacteria;o__Burkholderiales;f__Burkholderiaceae;g__	3.42524404864e-05	0.0	0.000183531139117	0.0	0.0	0.0	2.6045736313e-05	0.0	0.0	0.0	0.0	0.0	0.0	0.0	0.0	0.0	0.0	0.0	0.0	0.0	1.89843379212e-05	0.0	0.0	1.88800362497e-05	0.0	0.0	0.0
k__Bacteria;p__Proteobacteria;c__Betaproteobacteria;o__Burkholderiales;f__Burkholderiaceae;g__Burkholderia	0.00626819660901	0.01266486156	0.0236143398997	6.44592939559e-05	8.19246839073e-05	0.0	0.000104182945252	0.0	7.87856505069e-05	7.27043598381e-05	0.0	0.0	0.0	0.0	0.0	0.000216761581965	0.00214128843338	3.80264283677e-05	6.59793814433e-05	0.0	3.79686758424e-05	6.39454332303e-05	0.0	0.000113280217498	0.000148041229482	0.0	0.0
k__Bacteria;p__Proteobacteria;c__Betaproteobacteria;o__Burkholderiales;f__Burkholderiaceae;g__Pandoraea	0.000582291488269	0.000465833988412	0.000611770463722	0.0	0.0	0.0	0.00026045736313	4.39280458609e-05	0.0	0.0	6.22645621245e-05	0.0	0.0	0.0	0.0	0.000157644786884	0.00010980966325	0.0	0.0	0.0	1.89843379212e-05	0.0	0.0	9.44001812483e-05	0.0	3.9100684262e-05	0.0
k__Bacteria;p__Proteobacteria;c__Betaproteobacteria;o__Burkholderiales;f__Burkholderiaceae;g__Salinispora	0.000342524404864	0.000524063236964	0.000152942615931	0.0	0.0	0.0	0.0	0.0	0.0	0.0	0.0	0.0	0.0	0.0	0.0	1.97055983605e-05	0.0	3.80264283677e-05	0.0	0.0	0.0	0.0	0.0	0.0	0.0	0.0	0.0
k__Bacteria;p__Proteobacteria;c__Betaproteobacteria;o__Burkholderiales;f__Comamonadaceae;Other	0.00575441000171	0.00684193670481	0.00740242261104	0.000107432156593	8.19246839073e-05	2.35438150398e-05	0.00026045736313	6.58920687913e-05	0.00401806817585	0.000121173933064	6.22645621245e-05	0.0	0.000128838307924	0.0	0.0	0.00039411196721	0.00129941434846	0.000228158570206	0.00019793814433	8.71596415996e-05	0.000284765068818	4.26302888202e-05	0.0	5.6640108749e-05	1.85051536853e-05	5.8651026393e-05	8.4061869536e-05
k__Bacteria;p__Proteobacteria;c__Betaproteobacteria;o__Burkholderiales;f__Comamonadaceae;g__	0.00572015756123	0.00518240312109	0.00691300624006	0.000171891450549	0.0	0.000117719075199	0.000156274417878	4.39280458609e-05	0.000761594621566	4.84695732254e-05	0.0	6.23441396509e-05	4.29461026412e-05	0.000197068604508	2.27009602506e-05	0.000177350385244	0.000219619326501	9.50660709193e-05	0.000148453608247	0.000139455426559	5.69530137636e-05	2.13151444101e-05	2.1362500267e-05	9.44001812483e-05	1.85051536853e-05	9.77517106549e-05	0.0
k__Bacteria;p__Proteobacteria;c__Betaproteobacteria;o__Burkholderiales;f__Comamonadaceae;g__Acidovorax	3.42524404864e-05	0.0	0.0	0.0	2.73082279691e-05	0.0	0.0	0.0	0.0	0.0	0.0	0.0	0.0	0.0	0.0	0.0	7.32064421669e-05	0.0	0.0	0.0	0.0	0.0	0.0	0.0	0.0	0.0	0.0
k__Bacteria;p__Proteobacteria;c__Betaproteobacteria;o__Burkholderiales;f__Comamonadaceae;g__Comamonas	0.00393903065593	0.00346464028882	0.00498592927933	0.000171891450549	0.000191157595784	4.70876300796e-05	7.81372089389e-05	0.0	0.0267345974053	9.69391464508e-05	0.000186793686373	0.0	0.0	0.000123167877817	0.000317813443509	3.9411196721e-05	0.000402635431918	0.000114079285103	0.000181443298969	0.0	3.79686758424e-05	2.13151444101e-05	2.1362500267e-05	5.6640108749e-05	0.0	5.8651026393e-05	5.04371217216e-05
k__Bacteria;p__Proteobacteria;c__Betaproteobacteria;o__Burkholderiales;f__Comamonadaceae;g__Delftia	0.0030142147628	0.00436719364137	0.00581181940536	6.44592939559e-05	0.0	0.0	0.0	0.0	2.62618835023e-05	0.0	0.0	0.0	0.0	0.0	0.0	0.000512345557373	0.000878477306003	0.000418290712045	0.000181443298969	0.0	0.00015187470337	0.000191836299691	0.0	0.0	0.0	0.0	1.68123739072e-05
k__Bacteria;p__Proteobacteria;c__Betaproteobacteria;o__Burkholderiales;f__Comamonadaceae;g__Hydrogenophaga	3.42524404864e-05	0.0	6.11770463722e-05	0.0	0.0	0.0	0.0	0.0	0.0	0.0	0.0	0.0	0.0	0.0	0.0	0.0	0.0	0.0	0.0	0.0	0.0	0.0	0.0	0.0	0.0	0.0	0.0
k__Bacteria;p__Proteobacteria;c__Betaproteobacteria;o__Burkholderiales;f__Comamonadaceae;g__Hylemonella	0.0	2.91146242758e-05	6.11770463722e-05	0.0	0.0	0.0	0.0	0.0	0.0	0.0	0.0	0.0	0.0	0.0	0.0	0.0	0.0	0.0	0.0	0.0	0.0	0.0	0.0	0.0	0.0	0.0	0.0
k__Bacteria;p__Proteobacteria;c__Betaproteobacteria;o__Burkholderiales;f__Comamonadaceae;g__Limnohabitans	0.00109607809556	0.0010772410982	0.00137648354337	2.14864313186e-05	0.0	0.0	2.6045736313e-05	4.39280458609e-05	0.0	2.42347866127e-05	0.0	0.0	0.0	0.0	0.0	1.97055983605e-05	7.32064421669e-05	0.0	0.0	1.74319283199e-05	0.000170859041291	6.39454332303e-05	0.0	0.0	0.0	0.0	0.0
k__Bacteria;p__Proteobacteria;c__Betaproteobacteria;o__Burkholderiales;f__Comamonadaceae;g__Methylibium	0.000102757321459	2.91146242758e-05	0.0	0.0	0.0	0.0	0.0	0.0	0.0	0.0	0.0	0.0	0.0	0.0	0.0	0.0	1.83016105417e-05	0.0	0.0	0.0	0.0	0.0	0.0	0.0	0.0	0.0	0.0
k__Bacteria;p__Proteobacteria;c__Betaproteobacteria;o__Burkholderiales;f__Comamonadaceae;g__Paucibacter	3.42524404864e-05	0.000116458497103	0.000152942615931	0.0	0.0	0.0	0.0	0.0	0.0	0.0	0.0	0.0	0.0	0.0	0.0	0.0	3.66032210835e-05	0.0	0.0	0.0	0.0	0.0	0.0	0.0	0.0	0.0	0.0
k__Bacteria;p__Proteobacteria;c__Betaproteobacteria;o__Burkholderiales;f__Comamonadaceae;g__Variovorax	0.000102757321459	0.000174687745655	0.000336473755047	0.0	0.0	0.0	0.0	0.0	0.0	0.0	0.0	0.0	0.0	0.0	0.0	0.0	0.0	1.90132141839e-05	0.0	0.0	0.0	0.0	0.0	0.0	0.0	0.0	0.0
k__Bacteria;p__Proteobacteria;c__Betaproteobacteria;o__Burkholderiales;f__Oxalobacteraceae;Other	0.000171262202432	0.0	0.000122354092744	0.0	0.0	0.0	0.0	0.0	0.0	0.0	0.0	0.0	0.0	0.0	0.0	0.0	0.0	0.0	0.0	1.74319283199e-05	0.0	0.0	0.0	1.88800362497e-05	0.0	0.0	0.0
k__Bacteria;p__Proteobacteria;c__Betaproteobacteria;o__Burkholderiales;f__Oxalobacteraceae;g__	0.0135982188731	0.00425073514426	0.00449651290836	0.000322296469779	0.000163849367815	2.35438150398e-05	5.20914726259e-05	4.39280458609e-05	0.00102421345659	0.0	0.0	0.0	0.000193257461885	0.0	0.0	0.000453228762291	0.00223279648609	0.00114079285103	0.000527835051546	0.000313774709758	1.89843379212e-05	0.000277096877331	4.27250005341e-05	3.77600724993e-05	3.70103073706e-05	0.00019550342131	0.0
k__Bacteria;p__Proteobacteria;c__Betaproteobacteria;o__Burkholderiales;f__Oxalobacteraceae;g__Cupriavidus	0.000205514642918	0.0	0.000183531139117	0.0	0.0	0.0	0.0	0.0	0.0	0.0	0.0	0.0	0.0	0.0	0.0	0.0	0.0	0.0	0.0	0.0	0.0	0.0	0.0	0.0	0.0	0.0	0.0
k__Bacteria;p__Proteobacteria;c__Betaproteobacteria;o__Burkholderiales;f__Oxalobacteraceae;g__Janthinobacterium	0.000342524404864	0.00055317786124	6.11770463722e-05	0.0	0.0	0.0	0.0	0.0	0.0	0.0	0.0	0.0	0.0	0.0	0.0	7.8822393442e-05	5.49048316252e-05	5.70396425516e-05	3.29896907216e-05	0.0	0.0	0.0	0.0	0.0	0.0	3.9100684262e-05	0.0
k__Bacteria;p__Proteobacteria;c__Betaproteobacteria;o__Burkholderiales;f__Oxalobacteraceae;g__Ralstonia	3.42524404864e-05	5.82292485515e-05	0.000183531139117	0.0	0.0	0.0	0.0	0.0	0.0	0.0	0.0	0.0	0.0	0.0	0.0	0.0	0.0	0.0	0.0	0.0	0.0	0.0	0.0	0.0	0.0	0.0	0.0
k__Bacteria;p__Proteobacteria;c__Betaproteobacteria;o__Neisseriales;f__Neisseriaceae;Other	0.0	0.000116458497103	0.0	0.0	0.0	0.0	0.0	0.0	0.0	0.0	0.0	0.0	0.0	0.0	0.0	0.0	0.0	0.0	0.0	0.0	0.0	0.0	0.0	0.0	0.0	0.0	0.0
k__Bacteria;p__Proteobacteria;c__Betaproteobacteria;o__Neisseriales;f__Neisseriaceae;g__	0.0	0.0	0.0	0.0	0.0	0.0	0.0	0.0	0.0	0.0	0.0	0.0	0.0	0.0	0.0	0.0	0.0	0.0	0.0	0.0	0.0	0.000170521155281	0.0	0.0	0.0	0.0	0.0
k__Bacteria;p__Proteobacteria;c__Betaproteobacteria;o__Rhodocyclales;f__Rhodocyclaceae;Other	3.42524404864e-05	5.82292485515e-05	3.05885231861e-05	0.0	0.0	0.0	0.0	0.0	0.0	0.0	0.0	0.0	0.0	0.0	0.0	0.0	0.0	0.0	0.0	0.0	0.0	0.0	0.0	0.0	0.0	0.0	0.0
k__Bacteria;p__Proteobacteria;c__Betaproteobacteria;o__Rhodocyclales;f__Rhodocyclaceae;g__	6.85048809728e-05	0.0	0.000122354092744	0.0	0.0	0.0	0.0	0.0	0.0	0.0	0.0	0.0	0.0	0.0	0.0	0.0	0.0	0.0	0.0	0.0	0.0	0.0	0.0	0.0	0.0	0.0	0.0
k__Bacteria;p__Proteobacteria;c__Betaproteobacteria;o__Rhodocyclales;f__Rhodocyclaceae;g__Dechloromonas	0.0	0.0	0.0	0.0	0.0	0.0	7.81372089389e-05	0.0	0.0	0.0	0.0	0.0	0.0	0.0	0.0	0.0	1.83016105417e-05	0.0	0.0	0.0	0.0	0.0	0.0	0.0	0.0	0.0	0.0
k__Bacteria;p__Proteobacteria;c__Deltaproteobacteria;o__Bdellovibrionales;f__Bacteriovoracaceae;g__	3.42524404864e-05	2.91146242758e-05	6.11770463722e-05	0.0	0.0	0.0	0.0	0.0	0.0	0.0	0.0	0.0	0.0	0.0	0.0	0.0	0.0	0.0	0.0	0.0	0.0	0.0	0.0	0.0	0.0	0.0	0.0
k__Bacteria;p__Proteobacteria;c__Deltaproteobacteria;o__Bdellovibrionales;f__Bdellovibrionaceae;g__Bdellovibrio	0.000274019523891	0.000232916994206	0.000275296708675	0.0	2.73082279691e-05	0.0	0.0	0.0	2.62618835023e-05	0.0	0.0	0.0	0.0	0.0	0.0	0.0	0.0	0.0	0.0	8.71596415996e-05	0.000113906027527	2.13151444101e-05	0.0	0.0	0.0	3.9100684262e-05	0.0
k__Bacteria;p__Proteobacteria;c__Deltaproteobacteria;o__Myxococcales;Other;Other	0.0	8.73438728273e-05	0.0	0.0	0.0	0.0	0.0	0.0	0.0	0.0	0.0	0.0	0.0	0.0	0.0	0.0	0.0	0.0	0.0	0.0	0.0	0.0	0.0	0.0	0.0	0.0	0.0
k__Bacteria;p__Proteobacteria;c__Deltaproteobacteria;o__Myxococcales;f__;g__	0.000102757321459	0.00573558098233	9.17655695583e-05	0.0	0.0	0.0	0.000130228681565	0.0	2.62618835023e-05	0.0	0.0	0.0	0.0	0.0	0.0	0.0	0.0	0.0	0.0	0.0	0.0	0.0	0.0	0.0	0.0	0.0	0.0
k__Bacteria;p__Proteobacteria;c__Deltaproteobacteria;o__Myxococcales;f__0319-6G20;g__	0.0	0.0	0.0	6.44592939559e-05	0.0	0.0	0.0	0.0	0.0	0.0	0.0	0.0	0.0	0.0	0.0	0.0	0.0	0.0	0.0	0.0	0.0	0.0	0.0	0.0	0.0	0.0	0.0
k__Bacteria;p__Proteobacteria;c__Deltaproteobacteria;o__Myxococcales;f__Cystobacteraceae;Other	0.0	0.000465833988412	0.0	0.0	0.0	0.0	0.0	0.0	0.0	0.0	0.0	0.0	0.0	0.0	0.0	0.0	0.0	0.0	0.0	0.0	0.0	0.0	0.0	0.0	0.0	0.0	0.0
k__Bacteria;p__Proteobacteria;c__Gammaproteobacteria;Other;Other;Other	0.000650796369241	0.000465833988412	0.000397650801419	0.0	8.19246839073e-05	0.0	0.0	2.19640229304e-05	0.0	0.0	0.0	0.0	0.0	0.0	0.0	0.0	1.83016105417e-05	0.0	0.0	0.0	0.0	0.0	0.0	0.0	0.0	0.0	0.0
k__Bacteria;p__Proteobacteria;c__Gammaproteobacteria;o__;f__;g__	0.0	0.0	0.0	0.0	0.0	0.0	0.0	0.0	0.0	0.0	0.0	0.0	0.0	0.0	0.0	0.0	0.0	0.0	0.0	0.0	0.0	0.0	0.0	0.0	0.0	7.82013685239e-05	0.0
k__Bacteria;p__Proteobacteria;c__Gammaproteobacteria;o__Aeromonadales;f__Aeromonadaceae;g__	3.42524404864e-05	0.000116458497103	9.17655695583e-05	0.0	0.0	0.0	0.0	0.0	0.0	0.0	0.0	0.0	0.0	0.0	0.0	0.0	0.0	0.0	0.0	0.0	0.0	0.0	0.0	0.0	0.0	0.0	0.0
k__Bacteria;p__Proteobacteria;c__Gammaproteobacteria;o__Alteromonadales;f__Alteromonadaceae;Other	0.0	0.0	6.11770463722e-05	0.0	0.0	0.0	0.0	0.0	2.62618835023e-05	0.0	0.0	0.0	0.0	0.0	0.0	0.0	0.0	0.0	0.0	0.0	0.0	0.0	0.0	0.0	0.0	0.0	0.0
k__Bacteria;p__Proteobacteria;c__Gammaproteobacteria;o__Alteromonadales;f__Alteromonadaceae;g__Cellvibrio	0.0	0.000232916994206	6.11770463722e-05	0.0	0.0	0.0	0.0	0.0	0.000262618835023	0.0	0.0	0.0	0.0	0.0	0.0	0.0	0.0	0.0	0.0	0.0	0.0	0.0	0.0	0.0	0.0	0.0	0.0
k__Bacteria;p__Proteobacteria;c__Gammaproteobacteria;o__Alteromonadales;f__[Chromatiaceae];g__	0.000171262202432	0.0	9.17655695583e-05	0.0	0.0	0.0	0.0	0.0	0.0	0.0	0.0	0.0	0.0	0.0	0.0	0.0	0.0	0.0	0.0	0.0	0.0	0.0	0.0	0.0	0.0	0.0	0.0
k__Bacteria;p__Proteobacteria;c__Gammaproteobacteria;o__Enterobacteriales;f__Enterobacteriaceae;Other	0.00702175029971	0.0252714938714	0.00513887189526	0.000451215057691	0.000273082279691	0.000235438150398	0.000573006198885	4.39280458609e-05	0.000761594621566	9.69391464508e-05	9.33968431867e-05	0.0	8.58922052824e-05	0.000172435028944	0.000158906721754	0.000926163122943	0.00150073206442	0.000418290712045	0.000329896907216	0.000400934351358	0.000227812055055	0.000404987743792	0.000128175001602	0.000113280217498	0.000203556690538	0.000136852394917	0.000184936112979
k__Bacteria;p__Proteobacteria;c__Gammaproteobacteria;o__Enterobacteriales;f__Enterobacteriaceae;g__	0.0306216817948	0.0542114304015	0.0299461641992	0.00077351152747	0.000546164559382	0.000306069595517	0.00138042402459	0.000153748160513	0.0153106780818	0.000508930518867	0.000311322810622	0.000124688279302	0.000322095769809	4.9267151127e-05	0.000340514403759	0.00132027509015	0.00340409956076	0.000874607852457	0.000478350515464	0.000923892200955	0.00047460844803	0.000575508899073	0.00021362500267	0.000377600724993	0.000499639149503	0.000410557184751	0.000151311365165
k__Bacteria;p__Proteobacteria;c__Gammaproteobacteria;o__Enterobacteriales;f__Enterobacteriaceae;g__Citrobacter	0.0	0.000116458497103	0.000183531139117	0.0	0.0	0.0	0.0	0.0	0.0	0.0	0.0	0.0	0.0	0.0	0.0	0.0	0.0	0.0	0.0	0.0	0.0	0.0	0.0	0.0	0.0	0.0	0.0
k__Bacteria;p__Proteobacteria;c__Gammaproteobacteria;o__Enterobacteriales;f__Enterobacteriaceae;g__Cronobacter	6.85048809728e-05	5.82292485515e-05	0.0	0.0	0.0	0.0	0.0	0.0	0.0	0.0	0.0	0.0	0.0	0.0	0.0	0.0	0.0	0.0	0.0	0.0	0.0	0.0	0.0	0.0	0.0	0.0	0.0
k__Bacteria;p__Proteobacteria;c__Gammaproteobacteria;o__Enterobacteriales;f__Enterobacteriaceae;g__Dickeya	0.000239767083405	5.82292485515e-05	6.11770463722e-05	0.0	0.0	0.0	0.0	0.0	5.25237670046e-05	0.0	0.0	0.0	0.0	2.46335755635e-05	0.0	0.0	3.66032210835e-05	0.0	0.0	6.97277132796e-05	0.0	2.13151444101e-05	0.0	9.44001812483e-05	0.0	0.0	0.0
k__Bacteria;p__Proteobacteria;c__Gammaproteobacteria;o__Enterobacteriales;f__Enterobacteriaceae;g__Enterobacter	0.000171262202432	0.000378490115585	3.05885231861e-05	0.0	0.0	0.0	0.0	0.0	2.62618835023e-05	0.0	0.0	0.0	0.0	0.0	0.0	0.0	0.0	0.0	0.0	1.74319283199e-05	0.0	0.0	0.0	0.0	0.0	0.0	0.0
k__Bacteria;p__Proteobacteria;c__Gammaproteobacteria;o__Enterobacteriales;f__Enterobacteriaceae;g__Erwinia	0.00986470286008	0.0171193990742	0.0146824911293	0.000966889409338	0.000436931647505	9.41752601592e-05	0.000885555034641	0.000219640229304	0.000236356951521	0.00026658265274	0.000155661405311	0.0	0.000150311359244	0.000246335755635	0.000272411523007	0.000965574319664	0.00265373352855	0.00123585892195	0.00100618556701	0.000366070494718	0.000569530137636	0.000660769476713	2.1362500267e-05	0.000472000906242	0.000370103073706	0.00039100684262	0.000235373234701
k__Bacteria;p__Proteobacteria;c__Gammaproteobacteria;o__Enterobacteriales;f__Enterobacteriaceae;g__Klebsiella	0.0207569789347	0.215360875768	0.0249602349199	0.0028791817967	0.0022938911494	0.000682770636154	0.00255248215867	0.000593028619122	0.00091916592258	0.000654339238543	0.000996232993991	6.23441396509e-05	0.00036504187245	0.000665106540214	0.00074913168827	0.00271937257375	0.0187042459736	0.00262382355737	0.00221030927835	0.00179548861695	0.00134788799241	0.00181178727486	0.00021362500267	0.000641921232489	0.0011288143748	0.00127077223851	0.000756556825824
k__Bacteria;p__Proteobacteria;c__Gammaproteobacteria;o__Enterobacteriales;f__Enterobacteriaceae;g__Pantoea	0.000171262202432	0.0	3.05885231861e-05	0.0	0.0	0.0	0.0	0.0	0.0	0.0	0.0	0.0	0.0	0.0	0.0	0.0	0.0	0.0	0.0	0.0	0.0	0.0	0.0	0.0	0.0	0.0	0.0
k__Bacteria;p__Proteobacteria;c__Gammaproteobacteria;o__Enterobacteriales;f__Enterobacteriaceae;g__Proteus	0.0	0.0	0.0	0.0	0.0	0.0	0.0	0.0	0.000105047534009	0.0	0.0	0.0	2.14730513206e-05	0.0	0.0	1.97055983605e-05	7.32064421669e-05	1.90132141839e-05	8.24742268041e-05	1.74319283199e-05	0.0	0.0	0.0	1.88800362497e-05	1.85051536853e-05	0.0	3.36247478144e-05
k__Bacteria;p__Proteobacteria;c__Gammaproteobacteria;o__Enterobacteriales;f__Enterobacteriaceae;g__Providencia	0.000102757321459	0.000145573121379	3.05885231861e-05	0.0	0.0	0.0	0.0	0.0	0.0	0.0	0.0	0.0	0.0	0.0	0.0	0.0	0.000274524158126	0.0	9.89690721649e-05	0.0	0.0	2.13151444101e-05	0.0	1.88800362497e-05	5.55154610559e-05	1.9550342131e-05	0.0
k__Bacteria;p__Proteobacteria;c__Gammaproteobacteria;o__Enterobacteriales;f__Enterobacteriaceae;g__Serratia	0.00345949648912	0.0086470434099	0.00318120641135	0.00105283513461	0.000491548103444	0.000235438150398	0.000859509298328	0.000131784137583	0.000525237670046	0.000193878292902	0.00028019052956	0.0	0.000171784410565	0.000197068604508	0.000181607682005	0.00122174709835	0.00223279648609	0.000855594638274	0.000709278350515	0.000313774709758	0.000512577123873	0.000575508899073	8.54500010681e-05	0.000320960616244	0.000351597920021	0.000293255131965	0.000201748486886
k__Bacteria;p__Proteobacteria;c__Gammaproteobacteria;o__Enterobacteriales;f__Enterobacteriaceae;g__Trabulsiella	6.85048809728e-05	0.000320260867034	0.0	0.0	2.73082279691e-05	0.0	0.0	0.0	5.25237670046e-05	0.0	0.0	0.0	0.0	0.0	0.0	0.0	0.0	0.0	1.64948453608e-05	0.0	0.0	0.0	0.0	0.0	0.0	0.0	0.0
k__Bacteria;p__Proteobacteria;c__Gammaproteobacteria;o__Oceanospirillales;f__Halomonadaceae;g__Kushneria	0.0	0.0	0.0	0.0	0.0	0.0	0.0	0.0	0.000183833184516	0.0	0.0	0.0	0.0	0.0	0.0	0.0	0.0	0.0	0.0	0.0	0.0	0.0	0.0	0.0	0.0	0.0	0.0
k__Bacteria;p__Proteobacteria;c__Gammaproteobacteria;o__Pseudomonadales;f__Moraxellaceae;Other	0.000137009761946	0.000349375491309	6.11770463722e-05	0.0	0.0	0.0	0.0	0.0	0.0	0.0	0.0	0.0	0.0	0.0	0.0	1.97055983605e-05	0.0	0.0	0.0	0.0	0.0	0.0	0.0	0.0	0.0	0.0	0.0
k__Bacteria;p__Proteobacteria;c__Gammaproteobacteria;o__Pseudomonadales;f__Moraxellaceae;g__Acinetobacter	0.0015071073814	0.00163041895944	0.00149883763612	0.000279323607142	0.000546164559382	2.35438150398e-05	0.0	8.78560917218e-05	0.0129996323336	7.27043598381e-05	0.0	0.0	0.0	0.0	0.0	0.00116263030327	0.00135431918009	0.000190132141839	0.000379381443299	0.000296342781438	0.000379686758424	0.000213151444101	0.0	0.000264320507495	0.00031458761265	0.000117302052786	6.72494956288e-05
k__Bacteria;p__Proteobacteria;c__Gammaproteobacteria;o__Pseudomonadales;f__Moraxellaceae;g__Psychrobacter	0.0	0.0	0.0	0.0	0.0	0.0	0.0	0.0	7.87856505069e-05	0.0	0.0	0.0	0.0	0.0	0.0	0.0	0.0	0.0	0.0	0.0	0.0	0.0	0.0	0.0	0.0	0.0	0.0
k__Bacteria;p__Proteobacteria;c__Gammaproteobacteria;o__Pseudomonadales;f__Pseudomonadaceae;Other	0.00191813666724	0.000145573121379	0.000244708185489	0.0	0.0	0.0	0.0	0.0	0.0	0.0	0.0	0.0	0.0	0.0	0.0	0.0	0.0	0.0	0.0	0.0	0.0	0.0	0.0	0.0	0.0	0.0	0.0
k__Bacteria;p__Proteobacteria;c__Gammaproteobacteria;o__Pseudomonadales;f__Pseudomonadaceae;g__	0.00232916595307	0.000145573121379	0.0011011868347	0.0	0.0	0.0	0.0	0.0	2.62618835023e-05	0.0	0.0	0.0	0.0	0.0	0.0	0.0	0.0	9.50660709193e-05	0.0	1.74319283199e-05	0.0	0.0	0.0	1.88800362497e-05	0.0	0.0	0.0
k__Bacteria;p__Proteobacteria;c__Gammaproteobacteria;o__Pseudomonadales;f__Pseudomonadaceae;g__Pseudomonas	0.030073642747	0.00771537543308	0.0193013581304	8.59457252745e-05	8.19246839073e-05	0.0	0.0	2.19640229304e-05	0.000288880718525	4.84695732254e-05	0.0	0.0	0.0	0.0	0.0	7.8822393442e-05	5.49048316252e-05	0.00024717178439	0.0	0.000104591569919	0.0	0.0	0.0	5.6640108749e-05	1.85051536853e-05	0.0	0.0
k__Bacteria;p__Proteobacteria;c__Gammaproteobacteria;o__Thiotrichales;f__Piscirickettsiaceae;g__Methylophaga	0.0	0.0	0.0	0.0	0.0	0.0	0.0	0.0	0.000157571301014	0.0	0.0	0.0	0.0	0.0	0.0	0.0	0.0	0.0	0.0	0.0	0.0	0.0	0.0	0.0	0.0	0.0	0.0
k__Bacteria;p__Proteobacteria;c__Gammaproteobacteria;o__Xanthomonadales;f__Sinobacteraceae;g__	0.0	0.0	0.0	0.000279323607142	0.000109232911876	0.000188350520318	5.20914726259e-05	2.19640229304e-05	0.000131309417511	0.000193878292902	0.0	0.0	0.000450934077732	0.0	0.0	7.8822393442e-05	0.000183016105417	7.60528567354e-05	1.64948453608e-05	0.000104591569919	0.000265780730897	8.52605776404e-05	0.0	9.44001812483e-05	5.55154610559e-05	3.9100684262e-05	6.72494956288e-05
k__Bacteria;p__Proteobacteria;c__Gammaproteobacteria;o__Xanthomonadales;f__Sinobacteraceae;g__Nevskia	0.0	0.0	0.0	0.0	0.0	0.0	0.000104182945252	0.0	0.0	0.0	3.11322810622e-05	0.0	0.0	0.0	0.0	0.0	0.0	0.0	0.0	0.0	0.0	2.13151444101e-05	0.0	0.0	0.0	0.0	0.0
k__Bacteria;p__Proteobacteria;c__Gammaproteobacteria;o__Xanthomonadales;f__Xanthomonadaceae;Other	0.00369926357253	0.00238739919061	0.00201884253028	2.14864313186e-05	0.0	0.0	0.0	0.0	2.62618835023e-05	2.42347866127e-05	0.0	0.0	0.0	0.0	0.0	1.97055983605e-05	0.000128111273792	0.0	0.0	0.0	0.0	2.13151444101e-05	0.0	0.0	0.0	0.0	1.68123739072e-05
k__Bacteria;p__Proteobacteria;c__Gammaproteobacteria;o__Xanthomonadales;f__Xanthomonadaceae;g__	0.00941942113376	0.00582292485515	0.00416003915331	2.14864313186e-05	8.19246839073e-05	0.0	0.000156274417878	0.000109820114652	0.000288880718525	0.000169643506289	0.0	0.0	8.58922052824e-05	4.9267151127e-05	2.27009602506e-05	0.000118233590163	0.000329428989751	3.80264283677e-05	1.64948453608e-05	1.74319283199e-05	0.0	6.39454332303e-05	0.0	3.77600724993e-05	5.55154610559e-05	3.9100684262e-05	0.00011768661735
k__Bacteria;p__Proteobacteria;c__Gammaproteobacteria;o__Xanthomonadales;f__Xanthomonadaceae;g__Dokdonella	0.000205514642918	0.000378490115585	0.00104000978833	0.0	0.0	2.35438150398e-05	0.0	2.19640229304e-05	0.0	0.0	3.11322810622e-05	0.0	0.0	0.0	0.0	5.91167950815e-05	0.000512445095168	0.0	0.0	0.0	0.0	0.0	0.0	0.0	0.0	0.0	3.36247478144e-05
k__Bacteria;p__Proteobacteria;c__Gammaproteobacteria;o__Xanthomonadales;f__Xanthomonadaceae;g__Luteibacter	0.00253468059599	0.00483302762978	0.0140401321424	6.44592939559e-05	0.0	0.0	2.6045736313e-05	0.0	0.0	0.000218113079514	3.11322810622e-05	0.0	4.29461026412e-05	0.000123167877817	0.0	0.000295583975407	0.00172035139092	0.000152105713471	0.000115463917526	6.97277132796e-05	5.69530137636e-05	8.52605776404e-05	0.0	5.6640108749e-05	0.000222061844224	7.82013685239e-05	3.36247478144e-05
k__Bacteria;p__Proteobacteria;c__Gammaproteobacteria;o__Xanthomonadales;f__Xanthomonadaceae;g__Luteimonas	0.0248672717931	0.0010772410982	0.000917655695583	0.000128918587912	0.000136541139845	0.0	0.000156274417878	0.0	0.000420190136037	0.0	0.0	0.0	0.000322095769809	0.0	0.0	0.000275878377047	5.49048316252e-05	0.000665462496435	8.24742268041e-05	0.0	1.89843379212e-05	0.0	0.0	5.6640108749e-05	0.000111030922112	0.0	0.0
k__Bacteria;p__Proteobacteria;c__Gammaproteobacteria;o__Xanthomonadales;f__Xanthomonadaceae;g__Lysobacter	0.0	0.0	0.0	0.0	0.0	0.0	0.0	0.0	0.0	0.0	0.0	0.0	0.0	0.0	0.0	7.8822393442e-05	0.0	0.0	0.0	0.0	0.0	0.0	0.0	0.0	0.0	0.0	0.0
k__Bacteria;p__Proteobacteria;c__Gammaproteobacteria;o__Xanthomonadales;f__Xanthomonadaceae;g__Pseudoxanthomonas	0.00236341839356	0.00177599208082	0.00229413923896	0.000171891450549	0.0	2.35438150398e-05	0.0	2.19640229304e-05	2.62618835023e-05	0.0	0.0	0.0	0.0	0.0	0.000385916324261	0.000295583975407	0.00042093704246	3.80264283677e-05	0.000181443298969	0.0	0.000227812055055	0.000191836299691	0.0	0.0	0.0	0.0	0.0
k__Bacteria;p__Proteobacteria;c__Gammaproteobacteria;o__Xanthomonadales;f__Xanthomonadaceae;g__Stenotrophomonas	0.231546497688	0.0379654700556	0.078887801297	0.000816484390108	0.00292198039269	0.000211894335358	0.00158878991509	0.000329460343957	0.016676296024	0.000484695732254	0.000529248778058	0.00074812967581	0.000300622718488	0.000344870057889	0.000681028807519	0.0038425916803	0.0148243045388	0.00302310105523	0.00117113402062	0.00205696754175	0.000759373516849	0.00230203559629	0.00021362500267	0.000679681304988	0.00111030922112	0.00109481915934	0.00042030934768
k__Bacteria;p__Tenericutes;c__Mollicutes;o__RF39;f__;g__	0.0	0.0	0.0	0.0	0.0	0.0	0.0	0.0	0.0	0.0	0.0	0.0	0.0	0.0	0.0	0.0	0.0	0.0	0.0	0.0	0.0	0.0	0.0	0.0	0.0	0.000156402737048	0.0
k__Bacteria;p__Verrucomicrobia;c__Verrucomicrobiae;o__Verrucomicrobiales;f__Verrucomicrobiaceae;g__	3.42524404864e-05	0.000232916994206	0.00055059341735	0.0	0.0	0.0	0.0	0.0	0.0	0.0	0.0	0.0	0.0	0.0	0.0	0.0	0.0	0.0	0.0	0.0	0.0	0.0	0.0	0.0	0.0	0.0	0.0
k__Bacteria;p__Verrucomicrobia;c__Verrucomicrobiae;o__Verrucomicrobiales;f__Verrucomicrobiaceae;g__Luteolibacter	0.000137009761946	8.73438728273e-05	0.000581181940536	0.0	0.0	0.0	0.0	0.0	0.0	0.0	0.0	0.0	0.0	0.0	0.0	0.0	0.0	0.0	0.0	0.0	0.0	6.39454332303e-05	0.0	0.0	0.0	0.0	0.0
k__Bacteria;p__Verrucomicrobia;c__Verrucomicrobiae;o__Verrucomicrobiales;f__Verrucomicrobiaceae;g__Prosthecobacter	0.000171262202432	5.82292485515e-05	6.11770463722e-05	0.0	0.0	0.0	0.0	0.0	0.0	0.0	0.0	0.0	0.0	0.0	0.0	0.0	0.0	0.0	0.0	0.0	0.0	0.0	0.0	0.0	0.0	0.0	0.0
k__Bacteria;p__Verrucomicrobia;c__[Spartobacteria];o__[Chthoniobacterales];f__[Chthoniobacteraceae];g__Candidatus Xiphinematobacter	3.42524404864e-05	0.0	6.11770463722e-05	0.0	0.0	0.0	0.0	0.0	0.0	0.0	0.0	0.0	0.0	0.0	0.0	0.0	0.0	0.0	0.0	0.0	0.0	0.0	0.0	0.0	0.0	0.0	0.0
k__Bacteria;p__Verrucomicrobia;c__[Spartobacteria];o__[Chthoniobacterales];f__[Chthoniobacteraceae];g__Chthoniobacter	6.85048809728e-05	2.91146242758e-05	0.0	0.0	0.0	0.0	0.0	0.0	0.0	0.0	0.0	0.0	0.0	0.0	0.0	0.0	0.0	0.0	0.0	0.0	0.0	0.0	0.0	0.0	0.0	0.0	0.0