"sample.id.string" "Chao1" "InvSimpson" "Observed" "se.chao1" "Simpson"
424 85.6666666666667 1.17899782330939 55 16.9386347895745 0.151822013383329
425 48.1428571428571 1.12445867983611 31 11.4590079693287 0.110683195450318
426 97.3333333333333 1.12878920087767 56 19.8016408550233 0.114094997345417
427 149.3 1.21149733797919 79 32.3871729971732 0.174575156997023
429 715.25 13.8822548690724 416 60.5151803144948 0.927965592806695
430 589.766666666667 11.7568785071909 367 47.4744545000068 0.914943409563315
431 782.149253731343 13.1795322673567 467 60.9367916772821 0.924124773192686
432 655.470588235294 10.5043601171992 429 46.2809123761599 0.904801435894924
434 231.888888888889 1.21299605833616 150 26.9705136764739 0.175595012755707
435 227.789473684211 1.17603078619621 125 36.2089866599007 0.1496821241947
436 226.230769230769 1.14908277400803 112 44.7982975361154 0.129740674371109
437 164.076923076923 1.13221664963173 101 27.262916333102 0.116776810935198
439 175.1 1.1546710588163 89 38.4184698072437 0.133952485978875
440 212.65 1.17197453147901 130 29.7721894834714 0.146739137122703
441 263.75 1.15508330990629 126 54.0202356353585 0.134261579728716
442 291.24 1.17517716057736 168 38.5386280198503 0.149064469982802
447 886.65306122449 11.5706625985311 594 50.9024676934056 0.913574525963021
448 915.128712871287 9.57707014370519 602 53.2619355405269 0.895583932769117
449 873.628865979381 8.23107392073792 573 52.1802865069012 0.878509170294227
450 930.046728971963 11.9200790249079 625 51.2467447650207 0.916107938721679
451 1059.76470588235 11.741834910306 685 61.4302989962875 0.914834435363907
452 467.222222222222 1.47298971038236 278 45.4846117094723 0.321108631681875
453 526.881355932203 1.54938972086411 340 41.3844676846376 0.354584591252941
454 642.716981132075 1.54354907874081 362 59.7665467256771 0.352142401059398
455 612.162790697674 1.48714923911357 331 64.1623814640695 0.327572530248502
456 520.6 1.51364158281019 326 45.0172827011284 0.339341617357378
457 619.641791044776 1.80874102130588 395 46.1883545474174 0.447129252767201
458 592.5 1.62338198298095 367 47.9488903010948 0.384002033727303
459 605.065217391304 1.46142767063255 332 61.2080877650265 0.315737603649472
460 592.8125 1.56861373190492 371 46.3678961875322 0.362494424433222
461 609.054545454545 1.733520080164 369 51.8804345735326 0.423139073240275
757 731.7625 4.86546004183722 478 48.2713677026738 0.794469589432206
758 767.83908045977 6.0681699483456 518 46.4695619730651 0.83520567015882
759 711.123456790123 9.38575028978544 480 44.6044620754266 0.893455507644572
760 1106.51219512195 7.51600521183289 599 84.7796132809101 0.866950597848756
761 980.165137614679 13.2904982522185 647 54.7055010789245 0.924758276099011
762 678.486486486486 1.46839571047818 339 79.2955410511139 0.318984662741659
763 385.705882352941 1.27556257847471 266 30.2691252747669 0.216032190913143
764 659.717391304348 1.85829112276292 362 65.8129898377362 0.461871184901754
765 489.636363636364 1.77288203632782 302 45.4950548271465 0.435946679187236
766 355.028571428571 1.46031645277079 222 36.898535571154 0.315216918837964
831 330.375 6.31032014476247 208 35.4455846640082 0.841529434789455
832 320 7.43274029261385 191 38.1700893557428 0.865460118256287
833 304.433333333333 3.63091636279557 191 33.9947122191991 0.72458743190932
834 162.136363636364 7.28402191730443 123 15.9686514668414 0.862713208258705
836 224.3125 1.13078825297698 121 38.4379849700336 0.11566113517067
837 228.3125 1.12708252992026 125 38.4380544480819 0.112753526513494
838 221.142857142857 1.1380741757302 134 30.6216846141483 0.12132265073286
839 230 1.11147809451116 116 43.6335600312725 0.100297158407055
841 121.6 1.1177862412151 72 24.2524329761605 0.105374567043391
842 230.916666666667 1.12864131414477 136 31.5027561948445 0.113978916536696
843 280 1.14835444261873 138 48.3290177785109 0.129188721803016
844 329 1.12497064461414 128 77.3771810802477 0.11108791612692
1016 745.72 9.09447620264527 409 70.9729105709174 0.890043145122626
1017 838.284090909091 9.95493745590954 557 50.9484908294595 0.899547334734246
1018 935.692307692308 11.5239275518649 568 65.8897825064133 0.913224029264383
1019 901.285714285714 11.4478421178842 557 60.9434875020748 0.912647292852007
1020 866.235294117647 14.4755427206789 540 58.0961098693437 0.930917961468107
1021 529 1.55103908545017 331 45.0999145258928 0.355270921680377
1022 484.27868852459 1.54732703277496 336 34.0456195772383 0.353724210319902
1023 420.272727272727 1.61406905910483 279 36.1071686738222 0.380447822626248
1024 498.135135135135 1.46463891564364 275 55.5719352956697 0.317237860254078
1025 391.028571428571 1.43887255082771 238 41.3805611661694 0.305011413676112
1026 349.441860465116 1.43801899489886 232 31.3434829277161 0.304598893653466
1027 513.388888888889 1.50693431580222 328 42.2497659699798 0.336401069699146
1028 419.153846153846 1.35022008176297 254 42.5682565737558 0.259379997745026
1029 736.384615384615 1.55492420805787 346 87.7562529001839 0.356881837186766
1030 570.528301886792 1.72317704533374 354 48.2326091418202 0.419676577802645
1031 657.769230769231 3.87825346820813 388 58.1846398648381 0.742151974284953
1032 541.076923076923 3.32184636375137 288 60.6882130336215 0.698962597755215
1033 326.15625 4.04659526770438 201 36.1012630646737 0.752878671118672
1034 323.363636363636 3.03296541100496 202 34.8726417049015 0.670289678750852
1035 244.666666666667 4.15210205097086 170 25.0487148338688 0.759158135391644
1036 381 1.50066558248504 203 54.7053775352354 0.333629016570072
1037 208.142857142857 1.26722439412182 140 25.0820869781316 0.210873776863337
1038 517 2.13541031476185 325 46.7045359562381 0.53170592410877
1039 388.317073170732 1.75660385154694 250 36.2693793799287 0.430719681549509
1040 704.307692307692 2.12143735776332 377 68.3866342022214 0.528621480931061
1138 463.328125 5.75076424428833 322 32.3226413610823 0.826110068589023
1139 184.954545454545 4.17418707181712 127 21.7331871964509 0.760432394908291
1140 216.25 4.80765445325308 110 43.2581213475582 0.791998362252646
1141 411.071428571429 5.60079621078439 255 39.7096014196306 0.821453957193713
1142 555.454545454545 4.74677485278732 269 71.3672240231272 0.789330644276756
1143 672.117647058824 1.79730369675554 377 63.1113591265331 0.443611003635513
1144 633.911764705882 1.83512452780454 397 48.0040136616929 0.455077851748648
1145 555.634146341463 1.73141235914439 308 58.601540533452 0.422436836194142
1146 466.518518518518 1.91490859262966 316 35.7190111087191 0.477781861834594
1147 744.309523809524 1.8892570151095 365 83.404914071446 0.470691392435009
1148 580.170731707317 2.12577711899413 322 60.685835996369 0.529583797348812
1149 522.241379310345 1.70335122157391 255 70.3463132642852 0.41292201670775
1150 362.52380952381 1.60400179715525 235 33.7196348714484 0.37655930200731
1151 556.75 2.05305444341711 326 53.9739034889765 0.512920856431067
1152 595.181818181818 2.52099578203368 361 50.8345381616525 0.603331347427602
1153 391.620689655172 3.82026061258692 214 49.7729696927506 0.73823775354351
1154 145.909090909091 2.9017332628832 82 29.029353632128 0.65537838615587
1155 188 4.22583011676897 110 29.8639051489304 0.763360103845208
1156 313.903225806452 3.75279655091199 196 34.7271083240711 0.733532050982891
1157 229.322580645161 5.95266452683851 158 23.2031957872684 0.832008003224212
1158 397.410256410256 1.84991453268464 252 38.3602736448256 0.459434486117165
1159 465.133333333333 1.61945232500739 273 46.0583276309116 0.382507293016212
1160 735 2.51633158799773 381 77.3649644920542 0.60259609473976
1161 612.125 2.82804336279341 357 57.0243057018502 0.646398632653126
1162 602.84375 2.79079153252938 394 44.1587007573569 0.641678717903494
