	sequences per sample	iteration	176	155	168	177	166	172	147	148	146	173	156	170	157	175	161	167	160	178	171	153	165	150	163	151	158	152	162
alpha_rarefaction_10_0.txt	10	0	2.0	2.0	3.0	4.0	9.0	4.5	4.5	12.0	55.0	4.0	9.0	3.0	8.0	2.0	1.0	4.5	2.0	2.0	4.5	2.0	16.0	4.5	3.0	3.0	12.0	2.0	1.0
alpha_rarefaction_10_1.txt	10	1	2.0	1.0	3.0	4.5	7.0	3.0	7.0	22.0	13.0	2.0	16.0	2.0	3.0	2.0	1.0	3.0	4.5	1.0	4.0	2.0	3.0	4.0	2.0	4.0	12.0	1.0	2.0
alpha_rarefaction_10_2.txt	10	2	7.0	1.0	3.0	7.0	6.5	2.0	16.0	55.0	12.0	4.5	5.33333333333	4.0	3.0	4.0	3.0	8.0	2.0	4.0	4.5	2.0	2.0	2.0	1.0	7.0	3.0	1.0	1.0
alpha_rarefaction_10_3.txt	10	3	3.0	4.0	4.0	4.5	3.0	3.0	12.0	16.0	55.0	3.0	4.0	2.0	5.0	2.0	4.0	3.0	1.0	2.0	4.5	4.0	2.0	2.0	2.0	2.0	5.0	1.0	2.0
alpha_rarefaction_10_4.txt	10	4	3.0	2.0	3.0	4.0	9.0	3.0	12.0	22.0	29.0	4.0	22.0	5.0	4.5	3.0	16.0	2.0	2.0	2.0	7.0	4.0	8.0	2.0	3.0	4.5	3.0	2.0	1.0
alpha_rarefaction_10_5.txt	10	5	2.0	3.0	2.0	5.0	3.0	5.0	6.5	22.0	23.0	4.0	7.0	2.0	4.5	4.0	3.0	3.0	4.0	1.0	4.5	1.0	8.0	3.0	1.0	4.5	16.0	2.0	4.0
alpha_rarefaction_10_6.txt	10	6	3.0	3.0	3.0	4.0	16.0	3.0	12.0	11.0	13.0	2.0	12.0	4.5	2.0	4.0	4.0	2.0	1.0	2.0	2.0	11.0	5.0	2.0	1.0	2.0	4.0	2.0	2.0
alpha_rarefaction_10_7.txt	10	7	3.0	3.0	2.0	7.0	3.0	2.0	16.0	29.0	23.0	4.0	8.0	2.0	2.0	3.0	2.0	3.0	4.0	4.0	4.0	4.5	6.5	2.0	7.0	4.0	4.5	1.0	2.0
alpha_rarefaction_10_8.txt	10	8	4.0	4.5	2.0	3.0	4.0	3.0	12.0	7.0	55.0	3.0	22.0	2.0	2.0	7.0	2.0	2.0	3.0	3.0	6.5	1.0	3.0	1.0	2.0	2.0	7.0	1.0	1.0
alpha_rarefaction_10_9.txt	10	9	4.0	4.0	2.0	3.0	7.0	4.5	6.5	11.0	23.0	11.0	16.0	3.0	8.0	2.0	7.0	3.0	3.0	4.0	3.0	2.0	3.0	2.0	1.0	1.0	5.0	2.0	1.0
alpha_rarefaction_1009_0.txt	1009	0	73.1428571429	173.0	91.1111111111	129.375	284.090909091	81.5	498.272727273	786.363636364	712.477272727	71.2	429.105263158	103.0	118.6	109.2	139.5	116.111111111	147.5	107.0	70.0	150.625	253.875	162.0	91.3333333333	70.1428571429	109.0	31.0	106.0
alpha_rarefaction_1009_1.txt	1009	1	99.5	82.2	215.5	121.0	177.076923077	107.461538462	596.206896552	616.157894737	756.162162162	74.0	452.125	106.0	115.333333333	256.5	82.1666666667	107.666666667	117.6	70.75	154.428571429	107.0	221.1	137.0	85.25	168.166666667	66.4285714286	80.0	83.6
alpha_rarefaction_1009_2.txt	1009	2	90.75	55.0	98.25	102.75	182.235294118	116.0	459.272727273	522.384615385	657.333333333	48.0	447.142857143	115.857142857	112.142857143	72.1428571429	69.875	141.875	76.0	98.0	130.666666667	143.0	242.25	100.0	120.75	87.5	103.25	63.5	222.0
alpha_rarefaction_1009_3.txt	1009	3	154.0	58.2	111.2	114.1	308.272727273	86.4615384615	643.0	806.517241379	725.875	76.3333333333	422.1875	96.0	81.1666666667	85.6	98.1666666667	148.142857143	106.142857143	67.625	185.0	225.0	214.0	331.0	42.2	110.428571429	75.625	51.2	71.5
alpha_rarefaction_1009_4.txt	1009	4	91.1666666667	99.0	152.428571429	155.142857143	259.75	93.25	636.322580645	682.947368421	669.622222222	78.75	404.052631579	169.0	195.6	80.0	95.1428571429	152.428571429	118.6	53.3333333333	112.2	114.666666667	257.625	85.0	37.0	69.0	84.4285714286	140.0	72.5
alpha_rarefaction_1009_5.txt	1009	5	150.75	61.25	128.75	104.666666667	184.5	112.272727273	592.363636364	820.09375	728.15	69.6666666667	515.066666667	235.6	72.2727272727	91.1428571429	128.75	148.111111111	68.25	58.0	140.666666667	186.0	236.75	62.6666666667	107.2	115.6	116.0	53.0	47.0
alpha_rarefaction_1009_6.txt	1009	6	99.0	124.75	167.0	123.857142857	233.461538462	128.3	987.142857143	625.027777778	779.027777778	71.0	352.137931034	172.142857143	120.857142857	136.0	85.8571428571	179.0	87.0	34.25	125.5	162.5	216.0	82.6	35.1428571429	151.6	110.142857143	39.0	61.6666666667
alpha_rarefaction_1009_7.txt	1009	7	69.0	94.75	142.5	119.333333333	171.4	85.0	716.935483871	810.517241379	710.090909091	44.0	406.0	324.5	153.75	153.0	111.0	191.666666667	59.1111111111	86.0	168.428571429	68.1111111111	334.2	91.3333333333	108.0	72.5	76.1111111111	30.0	146.75
alpha_rarefaction_1009_8.txt	1009	8	58.3333333333	99.25	159.0	173.166666667	342.909090909	142.875	573.714285714	525.0	704.0	72.0	485.0	86.6	108.0	115.6	123.25	107.1	64.25	193.75	118.5	162.2	201.666666667	185.0	79.0	72.5454545455	108.0	42.75	77.2
alpha_rarefaction_1009_9.txt	1009	9	198.0	83.0	604.0	184.5	227.071428571	101.0	582.666666667	688.689655172	731.738095238	140.0	375.25	71.2727272727	75.5	136.0	82.5	142.0	94.75	45.0	160.2	81.1666666667	166.0	71.1428571429	85.75	122.428571429	147.5	67.3333333333	145.6
alpha_rarefaction_2008_0.txt	2008	0	99.3333333333	156.166666667	161.769230769	150.75	374.25	370.166666667	865.178571429	1015.05263158	1032.35820896	84.5	505.731707317	247.3	126.909090909	196.6	194.2	243.058823529	123.0	110.2	142.25	148.066666667	247.375	88.5454545455	143.0	121.909090909	163.1	81.4285714286	156.083333333
alpha_rarefaction_2008_1.txt	2008	1	183.0	104.666666667	126.4375	144.0	392.772727273	204.461538462	864.56	1060.29411765	1151.71428571	160.75	527.857142857	137.5	197.545454545	202.5	193.0	296.0	151.090909091	142.5	152.090909091	196.545454545	204.916666667	211.0	236.25	158.6	143.75	113.6	110.5
alpha_rarefaction_2008_2.txt	2008	2	233.5	135.75	332.2	161.214285714	304.555555556	296.0	961.0	1182.17021277	1052.0	85.1111111111	522.222222222	155.0	111.0	322.5	156.625	220.0	132.6	90.1111111111	181.25	206.461538462	316.4	204.0	154.0	110.866666667	177.428571429	107.2	275.5
alpha_rarefaction_2008_3.txt	2008	3	101.75	163.25	143.5625	209.272727273	344.055555556	196.117647059	844.264150943	961.166666667	910.512820513	109.0	565.571428571	183.25	199.2	213.333333333	122.545454545	264.666666667	88.1666666667	158.25	145.75	410.5	315.368421053	274.2	92.1111111111	249.0	229.333333333	101.0	99.6666666667
alpha_rarefaction_2008_4.txt	2008	4	195.142857143	126.0	180.666666667	174.666666667	309.0	238.272727273	766.158730159	934.15625	1006.22077922	99.25	555.617647059	224.333333333	123.0	277.2	96.0	304.571428571	111.75	61.1428571429	143.25	212.6	322.4	260.0	121.0	167.625	147.111111111	150.0	188.333333333
alpha_rarefaction_2008_5.txt	2008	5	179.25	90.0	273.1	191.083333333	509.615384615	147.875	729.40625	1004.40677966	1151.75	142.5	527.553191489	212.0625	158.142857143	225.142857143	139.1	159.5625	121.5	95.1428571429	124.076923077	238.545454545	268.588235294	171.428571429	114.428571429	132.333333333	213.428571429	260.0	124.0
alpha_rarefaction_2008_6.txt	2008	6	206.428571429	193.666666667	243.75	220.090909091	386.5	182.4	975.282608696	1070.51851852	907.15625	209.5	520.071428571	141.0	144.545454545	153.111111111	142.0	193.909090909	211.5	65.875	150.090909091	160.25	395.090909091	142.833333333	77.3333333333	270.5	182.875	81.5	202.5
alpha_rarefaction_2008_7.txt	2008	7	110.111111111	128.2	305.272727273	132.545454545	450.555555556	231.583333333	791.02173913	1160.0	1091.96491228	125.6	650.571428571	139.461538462	127.545454545	260.0	164.5	238.545454545	105.333333333	328.5	155.153846154	135.333333333	187.833333333	199.5	81.1111111111	233.5	245.5	140.333333333	86.875
alpha_rarefaction_2008_8.txt	2008	8	114.666666667	103.375	171.0	107.4	294.035714286	289.769230769	971.7	1041.05882353	1088.49315068	70.5	425.957446809	131.230769231	228.125	198.125	90.9090909091	217.0	140.142857143	98.0	179.909090909	137.125	348.4375	169.428571429	114.333333333	174.0	202.6	115.25	95.0
alpha_rarefaction_2008_9.txt	2008	9	166.625	123.111111111	143.0	217.333333333	276.307692308	161.571428571	867.865384615	890.763157895	977.12195122	107.5	601.384615385	152.1	113.571428571	176.0	123.583333333	204.769230769	101.153846154	571.0	163.6	233.0	256.055555556	173.875	102.6	134.1	201.333333333	51.4285714286	400.5
alpha_rarefaction_3007_0.txt	3007	0	208.769230769	124.583333333	355.666666667	218.461538462	369.9375	420.909090909	983.039473684	1160.01234568	1241.97894737	155.666666667	546.549019608	175.052631579	253.909090909	252.111111111	213.769230769	255.4	112.375	133.230769231	198.3125	206.0	348.75	202.071428571	250.875	183.875	182.125	168.0	323.428571429
alpha_rarefaction_3007_1.txt	3007	1	199.666666667	186.25	301.0	232.066666667	469.933333333	200.315789474	1125.984375	1150.72368421	1315.47368421	134.428571429	554.603448276	175.352941176	298.142857143	180.428571429	157.5	264.869565217	153.066666667	178.0	212.071428571	184.866666667	353.115384615	113.866666667	153.3	274.272727273	204.909090909	97.5	183.363636364
alpha_rarefaction_3007_2.txt	3007	2	180.0	286.2	203.909090909	224.214285714	341.583333333	307.5	907.88	1288.28915663	1321.06451613	140.666666667	535.322033898	247.055555556	233.153846154	174.714285714	146.461538462	260.0	205.545454545	155.5	178.4	204.0	319.416666667	211.8	172.5	268.0	190.0	66.0	124.0
alpha_rarefaction_3007_3.txt	3007	3	281.428571429	147.0	230.5	176.769230769	450.2	255.625	871.843373494	1295.95890411	1343.97468354	93.625	687.340909091	201.4	333.5	207.272727273	161.5	334.230769231	133.714285714	101.090909091	240.0	197.55	481.352941176	187.5	93.2	231.111111111	191.882352941	148.625	223.090909091
alpha_rarefaction_3007_4.txt	3007	4	244.909090909	175.625	216.166666667	187.125	441.206896552	244.105263158	966.666666667	1102.93258427	1210.16831683	111.375	710.25	222.0625	295.5	240.545454545	199.909090909	275.0	119.0	129.125	221.153846154	470.142857143	256.125	284.625	136.1	124.235294118	153.352941176	100.5	197.375
alpha_rarefaction_3007_5.txt	3007	5	176.4	210.5	342.5	209.315789474	475.84	302.0	1082.52173913	1167.51388889	1249.9375	199.0	615.666666667	318.0	178.272727273	180.428571429	160.625	235.625	168.6875	140.0	220.428571429	224.588235294	497.166666667	261.333333333	122.111111111	146.333333333	199.363636364	117.111111111	208.6
alpha_rarefaction_3007_6.txt	3007	6	141.461538462	153.090909091	317.1	228.1875	422.034482759	317.083333333	970.310810811	1105.26582278	1267.3592233	164.75	636.137931034	270.0	167.0	150.090909091	136.75	316.714285714	217.111111111	162.5	168.875	189.55	387.5	371.0	228.0	172.052631579	153.0	114.0	324.0
alpha_rarefaction_3007_7.txt	3007	7	163.083333333	281.0	229.153846154	218.375	471.230769231	262.352941176	1076.0	1067.64285714	1351.98837209	120.142857143	651.0	367.333333333	150.714285714	207.071428571	233.5	304.6875	189.0	115.5	238.5	264.0	407.375	177.428571429	126.4	206.066666667	223.090909091	104.125	137.769230769
alpha_rarefaction_3007_8.txt	3007	8	202.5	155.1	159.956521739	208.076923077	411.0	238.5	1045.35820896	1119.09638554	1445.48387097	116.8	734.976744186	159.833333333	167.571428571	230.5	244.0	316.5	162.214285714	98.5	197.666666667	246.5	508.235294118	182.25	132.3	152.055555556	251.545454545	159.0	119.25
alpha_rarefaction_3007_9.txt	3007	9	266.0	177.166666667	390.25	193.588235294	381.833333333	348.076923077	923.828947368	1027.73333333	1269.17647059	151.0	613.125	196.3125	225.0	214.0	151.272727273	270.714285714	129.4	100.5	162.142857143	201.3125	411.791666667	212.0	97.4	285.833333333	186.545454545	115.0	174.0
alpha_rarefaction_4006_0.txt	4006	0	266.0	161.1	267.3125	250.769230769	535.285714286	263.75	1062.05504587	1188.98165138	1346.54615385	161.2	693.915254237	278.235294118	279.076923077	251.866666667	191.588235294	261.607142857	151.333333333	159.0	158.25	208.65	453.038461538	225.2	143.1	233.153846154	226.272727273	139.0	154.3
alpha_rarefaction_4006_1.txt	4006	1	268.571428571	152.666666667	251.0	288.25	407.5	388.235294118	1234.825	1418.03061224	1326.21052632	151.0	761.684210526	313.25	361.0	194.055555556	255.583333333	289.035714286	203.666666667	161.666666667	185.0	223.473684211	390.206896552	236.5	122.4	288.769230769	177.157894737	209.857142857	153.5
alpha_rarefaction_4006_2.txt	4006	2	213.0	196.75	251.142857143	312.5	517.774193548	308.789473684	1133.8125	1425.58441558	1502.40366972	148.545454545	774.25	259.5	230.0	209.0	232.0	359.5	186.0	255.333333333	294.2	217.043478261	501.75	274.25	197.545454545	297.769230769	152.5	231.0	173.4
alpha_rarefaction_4006_3.txt	4006	3	174.176470588	290.333333333	294.647058824	236.772727273	583.5625	225.857142857	1158.08333333	1330.53	1453.58474576	156.875	735.472727273	310.615384615	288.25	253.076923077	244.5	326.4	217.461538462	265.428571429	222.473684211	302.066666667	421.772727273	344.428571429	133.4	184.866666667	232.0	183.363636364	194.0
alpha_rarefaction_4006_4.txt	4006	4	189.047619048	165.25	224.55	297.4375	387.081081081	336.055555556	1120.04	1181.28448276	1532.23931624	183.625	708.631578947	235.555555556	178.0	226.153846154	287.666666667	362.4375	172.571428571	198.142857143	217.235294118	312.0	515.0	202.066666667	145.571428571	236.5	268.0	155.6	149.055555556
alpha_rarefaction_4006_5.txt	4006	5	300.615384615	187.909090909	363.076923077	421.111111111	384.823529412	344.6875	1240.96296296	1163.05042017	1439.80869565	140.909090909	732.380952381	274.0	164.615384615	316.1	176.5	260.615384615	132.0	293.875	165.6	284.666666667	517.333333333	193.3125	100.428571429	233.153846154	194.0	382.75	179.545454545
alpha_rarefaction_4006_6.txt	4006	6	271.545454545	234.111111111	533.5	279.588235294	376.583333333	331.4	1333.41791045	1287.64220183	1438.78225806	197.2	820.0	236.0	389.5	251.214285714	167.615384615	326.25	132.4	152.5	245.666666667	242.3	675.1875	235.272727273	187.0	331.083333333	263.866666667	291.5	223.125
alpha_rarefaction_4006_7.txt	4006	7	254.0	198.6	341.875	213.789473684	416.027777778	393.647058824	1162.34146341	1304.4375	1319.59836066	169.0	721.918032787	177.315789474	217.272727273	265.333333333	295.090909091	325.666666667	151.235294118	290.6	211.047619048	272.588235294	443.037037037	294.6	309.666666667	347.0	206.333333333	150.142857143	155.5
alpha_rarefaction_4006_8.txt	4006	8	188.25	196.5	284.833333333	223.055555556	478.03030303	200.64	1144.61904762	1377.50925926	1407.71900826	204.375	696.373333333	206.916666667	258.3	247.076923077	190.4	274.37037037	130.045454545	240.0	186.454545455	262.714285714	399.384615385	193.647058824	131.75	244.5	222.6	186.111111111	170.125
alpha_rarefaction_4006_9.txt	4006	9	228.333333333	204.545454545	327.545454545	211.260869565	577.636363636	385.666666667	1096.67901235	1387.90804598	1238.52419355	187.142857143	617.0125	290.166666667	268.909090909	211.214285714	197.055555556	317.043478261	251.0	162.090909091	150.136363636	251.136363636	457.038461538	195.0	330.125	206.055555556	223.071428571	159.5	199.0
alpha_rarefaction_5005_0.txt	5005	0	271.588235294	145.875	231.260869565	272.666666667	660.24137931	292.954545455	1214.37373737	1660.3	1527.23529412	164.666666667	729.0	341.6875	241.2	282.5	254.375	360.081081081	166.352941176	173.714285714	277.052631579	408.75	431.0	236.142857143	163.058823529	375.333333333	233.368421053	130.333333333	135.0
alpha_rarefaction_5005_1.txt	5005	1	201.333333333	200.0	346.105263158	258.772727273	453.264150943	305.0	1363.47058824	1449.36036036	1393.57246377	150.571428571	760.28358209	353.714285714	442.111111111	274.571428571	221.235294118	314.0	210.071428571	275.111111111	215.526315789	296.681818182	420.0	254.0	171.55	267.352941176	249.652173913	271.166666667	228.2
alpha_rarefaction_5005_2.txt	5005	2	253.0	182.230769231	289.035714286	300.052631579	497.634146341	380.5	1317.39130435	1425.875	1467.56849315	109.272727273	850.278688525	223.576923077	284.25	250.375	177.55	330.730769231	193.555555556	162.6875	254.4	287.05	660.833333333	202.260869565	159.619047619	249.0	302.125	172.5	164.0
alpha_rarefaction_5005_3.txt	5005	3	369.0	229.615384615	293.913043478	170.434782609	455.0	253.5	1398.65517241	1491.00854701	1408.1048951	146.230769231	804.227272727	301.64	272.3125	258.176470588	234.0625	350.384615385	199.076923077	281.666666667	193.8	264.615384615	574.217391304	323.461538462	180.4375	313.214285714	286.25	125.076923077	199.9375
alpha_rarefaction_5005_4.txt	5005	4	243.0	200.0	300.315789474	245.368421053	519.4	242.541666667	1214.7029703	1452.92241379	1588.18604651	243.111111111	932.015873016	213.615384615	482.0	216.0	270.0	297.565217391	174.142857143	166.6	294.0	357.875	477.483870968	230.555555556	160.5	240.434782609	312.5	119.583333333	162.058823529
alpha_rarefaction_5005_5.txt	5005	5	321.5	211.769230769	236.5	271.0	463.306122449	418.55	1214.625	1471.75229358	1446.52083333	109.055555556	783.478873239	270.636363636	279.076923077	306.882352941	247.333333333	423.12	152.8125	190.8	212.0	201.333333333	688.0	211.071428571	186.076923077	199.772727273	210.315789474	275.666666667	296.6
alpha_rarefaction_5005_6.txt	5005	6	286.833333333	158.142857143	300.526315789	292.882352941	569.941176471	338.4	1267.67889908	1435.0625	1527.78378378	211.375	925.833333333	244.105263158	520.0	296.555555556	221.071428571	363.652173913	165.473684211	137.875	322.055555556	205.0	510.40625	210.0	137.0	190.181818182	276.3	197.272727273	172.8
alpha_rarefaction_5005_7.txt	5005	7	303.6875	202.230769231	274.636363636	217.5	454.294117647	332.25	1367.10526316	1258.5078125	1488.4893617	119.0	763.136986301	205.75	335.0	264.052631579	233.066666667	327.896551724	276.0	238.0	275.352941176	344.0	426.65625	314.2	233.5	254.4	247.473684211	236.75	216.071428571
alpha_rarefaction_5005_8.txt	5005	8	266.4	254.583333333	368.0	277.9375	536.263157895	361.3	1164.86734694	1463.15384615	1533.5177305	133.666666667	767.0	235.954545455	454.1	273.666666667	199.833333333	312.444444444	204.235294118	272.0	218.0	246.7	469.933333333	199.526315789	202.2	311.6875	267.176470588	171.428571429	175.0
alpha_rarefaction_5005_9.txt	5005	9	289.090909091	176.0	425.0	273.75	487.8	336.045454545	1203.52777778	1266.0862069	1577.40740741	333.428571429	808.154929577	237.043478261	406.583333333	228.368421053	192.866666667	323.12	133.875	200.545454545	358.526315789	261.136363636	500.04	152.954545455	239.1875	365.25	242.176470588	139.25	197.071428571
alpha_rarefaction_6004_0.txt	6004	0	308.928571429	196.25	393.55	341.894736842	665.097560976	457.833333333	1210.66666667	1607.64566929	1633.04761905	218.666666667	788.908045977	282.791666667	350.4	340.6875	212.65	386.75	177.055555556	258.4	295.576923077	352.8	446.621621622	198.2	164.619047619	274.055555556	219.12	165.0	165.84
alpha_rarefaction_6004_1.txt	6004	1	285.142857143	228.0	384.565217391	314.05	574.382978723	555.2	1410.25862069	1525.1015625	1662.94	187.083333333	790.636363636	294.235294118	308.555555556	376.75	274.928571429	406.869565217	190.333333333	306.090909091	229.71875	281.391304348	530.428571429	224.714285714	248.0	350.954545455	342.0	195.25	460.0
alpha_rarefaction_6004_2.txt	6004	2	198.157894737	327.545454545	461.166666667	319.15	605.893617021	295.714285714	1294.51968504	1591.23529412	1739.90540541	200.8	829.643835616	337.136363636	347.0	229.076923077	257.142857143	378.25	217.076923077	338.857142857	324.75	306.038461538	727.181818182	266.055555556	232.153846154	346.666666667	233.55	176.588235294	162.875
alpha_rarefaction_6004_3.txt	6004	3	283.235294118	190.833333333	400.5	275.375	581.026315789	319.652173913	1472.87912088	1563.42068966	1574.21052632	250.6	804.238636364	322.142857143	308.789473684	395.625	251.153846154	411.0	223.0	305.25	251.0	306.142857143	577.833333333	292.647058824	182.4375	375.588235294	250.473684211	212.666666667	175.44
alpha_rarefaction_6004_4.txt	6004	4	250.166666667	213.0	301.5	282.045454545	749.5	447.0	1355.15254237	1602.11111111	1571.0877193	190.882352941	724.5	319.047619048	665.0	371.0	188.125	384.176470588	241.0	158.789473684	305.166666667	300.476190476	449.527777778	259.9375	161.473684211	255.125	292.25	182.8	194.75
alpha_rarefaction_6004_5.txt	6004	5	286.235294118	375.2	347.964285714	426.789473684	473.25	322.888888889	1322.90082645	1470.02173913	1503.375	258.0	751.894736842	301.05	308.136363636	275.0	248.555555556	396.230769231	204.052631579	353.6	254.25	255.0	573.451612903	294.789473684	135.125	266.045454545	253.714285714	158.25	228.166666667
alpha_rarefaction_6004_6.txt	6004	6	259.714285714	244.666666667	302.517241379	341.5	635.525	352.130434783	1455.21	1550.75	1575.40490798	361.6	772.963414634	463.375	339.058823529	507.8	428.5	445.344827586	132.375	165.769230769	238.954545455	290.034482759	461.0	286.217391304	321.272727273	298.0	376.0	214.0	198.55
alpha_rarefaction_6004_7.txt	6004	7	326.5	259.214285714	289.956521739	342.333333333	550.82	421.076923077	1399.89908257	1525.04545455	1564.79640719	216.272727273	786.441860465	512.066666667	387.4	244.8	248.142857143	335.677419355	198.352941176	198.4	246.181818182	306.142857143	534.666666667	239.111111111	157.636363636	273.375	338.333333333	180.0	187.565217391
alpha_rarefaction_6004_8.txt	6004	8	234.0625	231.0	283.714285714	324.44	508.5	440.0	1323.63636364	1430.52112676	1502.16	239.5	815.72972973	269.037037037	524.0	297.15	212.636363636	355.689655172	161.038461538	226.0	325.473684211	310.217391304	623.344827586	298.647058824	198.666666667	346.789473684	334.769230769	301.25	213.5
alpha_rarefaction_6004_9.txt	6004	9	305.6875	226.588235294	322.75	251.541666667	431.275862069	445.666666667	1469.44339623	1533.4789916	1605.8525641	296.833333333	775.814814815	367.636363636	232.588235294	257.956521739	252.5	409.576923077	202.4	201.230769231	293.2	361.666666667	548.162162162	258.5	210.055555556	274.714285714	312.526315789	139.588235294	206.9375
alpha_rarefaction_7003_0.txt	7003	0	293.454545455	289.0	410.291666667	449.0	574.142857143	397.4375	1440.39130435	1593.65734266	1479.04265403	301.333333333	794.759615385	379.714285714	260.166666667	363.04	404.0	374.243902439	258.8	250.375	370.5	369.954545455	588.0	261.615384615	204.65	223.625	375.4	293.0	191.565217391
alpha_rarefaction_7003_1.txt	7003	1	219.6	270.928571429	371.416666667	333.115384615	753.571428571	435.730769231	1602.53398058	1606.59036145	1530.94117647	226.333333333	859.978947368	371.25	341.8	437.666666667	243.0	456.0	178.894736842	227.3	254.130434783	288.5	545.097560976	281.052631579	234.352941176	272.0	267.125	134.0	187.64
alpha_rarefaction_7003_2.txt	7003	2	413.526315789	221.25	299.037037037	350.136363636	799.025641026	408.5	1466.4488189	1536.26785714	1530.08064516	217.071428571	831.842696629	332.12	380.555555556	348.3	221.888888889	525.538461538	237.0	299.928571429	253.37037037	296.096774194	494.634146341	319.368421053	168.619047619	240.28125	302.875	309.1	208.526315789
alpha_rarefaction_7003_3.txt	7003	3	365.142857143	195.5	391.5	298.0	658.06	448.538461538	1555.95934959	1638.08917197	1544.14141414	303.6	826.2	280.0	430.0	390.647058824	238.285714286	475.6	205.285714286	292.090909091	274.956521739	459.55	464.826086957	311.047619048	283.8125	283.0	439.4	424.0	164.0
alpha_rarefaction_7003_4.txt	7003	4	252.5	291.4375	314.833333333	387.12	646.779661017	371.0	1431.888	1679.73943662	1419.88	231.666666667	824.20212766	384.24	372.8125	344.833333333	223.916666667	507.875	180.217391304	434.909090909	283.103448276	304.857142857	478.813953488	339.681818182	204.647058824	226.516129032	338.476190476	284.3	220.75
alpha_rarefaction_7003_5.txt	7003	5	401.666666667	280.571428571	352.473684211	419.157894737	684.127659574	394.588235294	1302.59292035	1541.61073826	1544.16580311	183.4	865.32183908	282.84	322.0	500.571428571	241.730769231	355.636363636	225.9375	193.954545455	274.4	391.0	565.075	248.7	240.75	282.15	361.789473684	221.153846154	206.526315789
alpha_rarefaction_7003_6.txt	7003	6	279.166666667	225.588235294	292.777777778	375.434782609	623.411764706	353.6	1577.83333333	1535.0	1561.03092784	303.6	776.282828283	322.433333333	350.055555556	272.052631579	238.9	490.4	193.291666667	227.352941176	401.55	313.291666667	645.416666667	289.875	186.5	234.870967742	239.0	207.75	245.772727273
alpha_rarefaction_7003_7.txt	7003	7	267.884615385	346.363636364	382.4	326.136363636	628.0	548.476190476	1396.98529412	1608.73376623	1567.38613861	168.5	801.333333333	360.041666667	319.6875	362.9	246.894736842	405.230769231	226.526315789	494.111111111	350.0	356.24	566.0	267.0	193.5	353.866666667	310.555555556	162.058823529	233.166666667
alpha_rarefaction_7003_8.txt	7003	8	336.5	258.571428571	350.130434783	264.454545455	532.957446809	533.15	1431.928	1542.01935484	1572.88888889	340.428571429	804.161290323	282.12	353.105263158	289.64	203.55	500.875	327.25	177.555555556	323.2	352.043478261	537.428571429	284.0	180.5	349.954545455	277.333333333	172.4375	177.807692308
alpha_rarefaction_7003_9.txt	7003	9	344.6875	290.461538462	407.454545455	355.0	654.456521739	440.64	1394.40740741	1395.82352941	1686.38596491	243.125	744.705882353	271.565217391	423.066666667	278.0	235.55	342.27027027	161.37037037	251.0	262.714285714	322.875	601.25	284.555555556	294.25	290.565217391	261.136363636	200.25	169.105263158
alpha_rarefaction_8002_0.txt	8002	0	255.111111111	262.05	411.956521739	394.625	701.886792453	640.526315789	1647.33333333	1580.15151515	1683.27272727	279.0	832.350877193	365.130434783	268.535714286	431.0	254.24137931	460.243243243	248.352941176	318.153846154	425.5	443.0	712.454545455	295.681818182	258.142857143	316.538461538	297.2	263.666666667	212.260869565
alpha_rarefaction_8002_1.txt	8002	1	310.789473684	299.047619048	366.115384615	349.043478261	529.654545455	363.794117647	1448.10638298	1731.88461538	1729.94736842	202.25	865.417475728	281.0	426.8	417.789473684	250.3	459.166666667	184.625	302.5	318.724137931	335.483870968	530.903846154	284.2	261.0	378.0	367.714285714	198.117647059	220.5
alpha_rarefaction_8002_2.txt	8002	2	369.5	298.25	406.903225806	392.0	629.610169492	508.6	1502.56756757	1536.38461538	1604.24878049	261.909090909	854.198113208	364.5625	393.75	423.526315789	237.037037037	554.571428571	242.1875	288.461538462	348.037037037	370.260869565	631.133333333	329.136363636	206.526315789	365.038461538	295.44	399.111111111	327.571428571
alpha_rarefaction_8002_3.txt	8002	3	326.894736842	316.5625	363.04	367.333333333	669.5	522.785714286	1376.91304348	1618.02890173	1506.66981132	238.615384615	736.0	358.384615385	383.0	446.176470588	309.875	400.0	254.473684211	318.769230769	421.142857143	295.034482759	502.083333333	236.28125	249.619047619	333.368421053	280.206896552	285.769230769	217.75
alpha_rarefaction_8002_4.txt	8002	4	299.333333333	257.789473684	458.368421053	331.965517241	787.0	439.730769231	1580.66153846	1568.36666667	1610.74626866	256.571428571	953.571428571	596.894736842	464.214285714	329.12	412.0	424.4	204.772727273	258.75	353.454545455	412.384615385	569.717391304	253.5	298.2	261.428571429	322.5	171.176470588	261.0
alpha_rarefaction_8002_5.txt	8002	5	360.272727273	263.176470588	324.5	459.894736842	718.517241379	462.517241379	1434.13125	1572.80434783	1604.8	237.714285714	856.43697479	452.5	356.384615385	304.25	312.526315789	470.527777778	280.625	342.076923077	273.24	622.058823529	582.5	240.615384615	218.5	242.533333333	293.37037037	273.4	263.4
alpha_rarefaction_8002_6.txt	8002	6	361.272727273	281.0	345.7	375.954545455	662.8	461.260869565	1528.60714286	1779.77710843	1662.64397906	226.1875	743.086206897	260.088235294	417.375	473.058823529	328.0	466.8	267.789473684	471.142857143	350.785714286	289.625	670.384615385	332.136363636	203.5	293.2	309.875	337.909090909	279.791666667
alpha_rarefaction_8002_7.txt	8002	7	354.714285714	246.5	325.193548387	373.0	714.2	450.75	1498.96992481	1649.05988024	1803.60427807	224.0	813.288	309.875	504.4	435.555555556	336.571428571	460.0	200.136363636	295.555555556	330.875	446.115384615	557.571428571	391.052631579	225.636363636	470.954545455	344.0	254.0	242.260869565
alpha_rarefaction_8002_8.txt	8002	8	286.956521739	242.473684211	359.105263158	561.882352941	694.4375	453.538461538	1560.99295775	1694.92307692	1766.8125	402.25	763.653846154	309.5	345.25	299.615384615	305.117647059	516.129032258	261.8	223.9	297.8	296.37037037	731.5	247.652173913	215.666666667	308.038461538	280.5	181.0	189.294117647
alpha_rarefaction_8002_9.txt	8002	9	324.84	255.789473684	512.052631579	384.25	741.97826087	505.772727273	1482.46153846	1696.91082803	1604.28037383	190.4375	773.315789474	268.774193548	441.2	379.038461538	263.5	534.375	193.107142857	399.428571429	320.913043478	357.774193548	601.818181818	294.615384615	257.24	408.157894737	298.285714286	186.055555556	274.055555556
alpha_rarefaction_9001_0.txt	9001	0	315.125	393.0	440.12	343.130434783	792.936170213	402.972972973	1525.57142857	1562.77725118	1548.06912442	275.714285714	912.378378378	347.303030303	429.772727273	376.217391304	270.789473684	515.083333333	241.285714286	256.05	329.096774194	388.896551724	506.596491228	316.888888889	216.5	412.5	305.454545455	275.461538462	211.375
alpha_rarefaction_9001_1.txt	9001	1	319.538461538	261.055555556	433.034482759	412.0	656.844827586	437.2	1539.67283951	1656.61666667	1676.51351351	217.117647059	871.47008547	500.434782609	441.0	332.0	285.111111111	544.166666667	192.0	224.555555556	300.533333333	382.34375	704.775	376.12	317.882352941	292.363636364	303.714285714	226.153846154	225.285714286
alpha_rarefaction_9001_2.txt	9001	2	319.888888889	266.0	454.5	311.714285714	626.722222222	527.913043478	1534.82142857	1673.03076923	1653.68	272.4	930.259615385	357.130434783	331.625	334.444444444	246.689655172	441.0	268.105263158	363.8125	335.53125	456.652173913	632.895833333	338.037037037	239.130434783	283.44	360.384615385	203.235294118	228.8
alpha_rarefaction_9001_3.txt	9001	3	334.037037037	331.2	360.636363636	318.303030303	665.684210526	515.884615385	1493.01829268	1759.41717791	1555.02459016	276.714285714	992.41	285.90625	358.75	376.833333333	307.047619048	513.071428571	191.636363636	317.066666667	313.59375	420.0	628.1875	390.833333333	267.956521739	405.772727273	269.0	207.066666667	267.956521739
alpha_rarefaction_9001_4.txt	9001	4	281.84	399.9375	443.0	389.870967742	817.833333333	419.027777778	1560.29787234	1761.4611399	1732.06060606	277.333333333	853.614173228	341.677419355	535.647058824	429.0	320.875	506.166666667	186.038461538	269.375	307.884615385	660.3125	759.558823529	320.44	311.3	353.0	322.037037037	227.333333333	260.142857143
alpha_rarefaction_9001_5.txt	9001	5	319.260869565	257.916666667	507.0	388.935483871	606.5	510.857142857	1570.36423841	1592.88043478	1654.71875	256.545454545	843.366336634	496.4	338.25	340.041666667	209.217391304	484.763157895	251.0	331.058823529	332.047619048	374.384615385	565.381818182	318.37037037	196.476190476	276.243243243	328.24137931	186.047619048	285.956521739
alpha_rarefaction_9001_6.txt	9001	6	411.956521739	276.636363636	359.441860465	338.322580645	830.054545455	362.15625	1583.50641026	1658.86363636	1679.56756757	230.555555556	788.166666667	359.8	451.166666667	429.0	307.647058824	421.243902439	246.0	193.5	342.903225806	324.035714286	602.411764706	365.4375	168.25	351.137931034	364.333333333	322.5625	233.12
alpha_rarefaction_9001_7.txt	9001	7	289.15625	254.0	337.8125	380.115384615	693.482758621	470.5	1370.30952381	1656.42857143	1631.12658228	315.0	921.776785714	381.0	415.285714286	253.25	301.954545455	385.666666667	204.0	252.545454545	333.6875	375.666666667	627.608695652	372.12	195.772727273	410.157894737	367.04	228.2	268.75
alpha_rarefaction_9001_8.txt	9001	8	309.875	262.571428571	416.677419355	364.137931034	606.471698113	498.75	1379.3125	1620.18181818	1640.33980583	453.666666667	924.542056075	381.387096774	518.0	290.034482759	236.137931034	478.108108108	160.964285714	339.333333333	271.857142857	403.037037037	659.4375	334.4	233.588235294	332.730769231	305.884615385	261.714285714	251.035714286
alpha_rarefaction_9001_9.txt	9001	9	396.8	269.5	395.4	338.0	661.310344828	518.033333333	1458.94011976	1839.16167665	1692.22173913	288.5	882.951456311	411.875	387.565217391	369.636363636	338.588235294	450.5	232.884615385	404.428571429	383.25	466.5	694.108108108	266.344827586	187.357142857	257.529411765	312.291666667	200.230769231	214.37037037
alpha_rarefaction_10000_0.txt	10000	0	347.4	284.0	372.823529412	465.047619048	835.538461538	415.774193548	1426.44385027	1731.21052632	1705.22171946	481.142857143	900.675	429.0	406.833333333	381.25	318.5	419.466666667	213.333333333	363.0	322.0	420.206896552	618.454545455	255.0	241.9	362.043478261	318.181818182	320.461538462	244.552631579
alpha_rarefaction_10000_1.txt	10000	1	344.620689655	202.1875	434.875	483.84	758.692307692	653.043478261	1482.39884393	1617.67317073	1763.79912664	198.285714286	910.380952381	360.636363636	521.333333333	378.535714286	275.2	574.774193548	213.75	334.333333333	359.4	437.807692308	632.489795918	422.730769231	258.04	326.444444444	342.043478261	335.0	249.0
alpha_rarefaction_10000_2.txt	10000	2	298.103448276	360.0	466.5	348.6875	672.808823529	418.035714286	1489.78034682	1842.0	1781.39748954	218.9375	889.663934426	445.12	442.2	304.59375	256.04	681.0	248.25	265.3	436.25	310.15625	574.607142857	243.275862069	274.333333333	337.0	318.6	235.8	341.894736842
alpha_rarefaction_10000_3.txt	10000	3	321.464285714	276.052631579	447.333333333	401.757575758	764.684210526	464.571428571	1586.20441989	1681.52857143	1759.27312775	304.526315789	866.2	395.724137931	412.44	423.181818182	362.043478261	518.184210526	189.483870968	291.2	346.689655172	392.083333333	604.355932203	287.0	284.272727273	286.794117647	351.25	215.541666667	262.714285714
alpha_rarefaction_10000_4.txt	10000	4	316.785714286	348.833333333	449.1875	414.0	787.12	494.551724138	1595.5	1687.75	1651.13100437	229.473684211	895.346456693	352.161290323	534.833333333	362.5625	342.055555556	470.630434783	253.714285714	243.058823529	335.193548387	316.571428571	628.132075472	324.047619048	235.076923077	324.322580645	385.352941176	313.2	289.476190476
alpha_rarefaction_10000_5.txt	10000	5	382.111111111	335.714285714	540.538461538	372.964285714	717.537313433	430.71875	1578.89473684	1718.64	1657.45041322	308.714285714	903.0625	396.217391304	424.076923077	342.527777778	264.615384615	460.021276596	261.181818182	261.666666667	328.5	386.5	659.022222222	271.777777778	205.652173913	320.785714286	341.84	200.260869565	230.4
alpha_rarefaction_10000_6.txt	10000	6	384.5	306.05	418.0	360.275862069	772.637931034	608.322580645	1428.83957219	1742.41361257	1737.47058824	302.117647059	822.079365079	477.714285714	360.576923077	350.625	337.130434783	550.166666667	259.0	279.333333333	343.37037037	492.785714286	753.4	348.1	258.8	363.0	330.464285714	208.5	215.652173913
alpha_rarefaction_10000_7.txt	10000	7	569.055555556	329.066666667	478.551724138	326.533333333	739.517241379	452.617647059	1548.08333333	1569.47511312	1734.31196581	197.428571429	859.07751938	320.59375	622.555555556	486.130434783	281.5625	460.651162791	213.115384615	373.25	306.823529412	454.535714286	561.607142857	373.625	261.4	334.41025641	390.217391304	212.285714286	266.5
alpha_rarefaction_10000_8.txt	10000	8	380.045454545	295.235294118	370.081081081	358.588235294	673.105263158	533.785714286	1476.55688623	1751.83886256	1633.15966387	276.4	857.168	361.7	490.454545455	450.607142857	346.136363636	548.857142857	219.285714286	346.875	420.230769231	353.357142857	580.245283019	355.777777778	198.2	360.363636364	363.12	262.0	267.206896552
alpha_rarefaction_10000_9.txt	10000	9	355.384615385	260.714285714	475.043478261	486.0	755.130434783	507.171428571	1487.59195402	1731.67597765	1701.92760181	200.833333333	854.0	474.545454545	336.142857143	409.529411765	294.0	598.024390244	237.5	554.6	312.823529412	375.583333333	684.222222222	273.833333333	366.5	598.833333333	307.565217391	218.0	228.230769231