	sequences per sample	iteration	176	155	168	177	166	172	147	148	146	173	156	170	157	175	161	167	160	178	171	153	165	150	163	151	158	152	162
alpha_rarefaction_10_0.txt	10	0	0.18531	0.37146	0.15687	0.22609	1.27772	0.36469	2.23231	2.01974	1.90995	0.22047	1.43556	0.0122	0.09747	0.20643	0.18307	0.15687	0.21241	0.18048	0.36722	0.14988	0.77115	0.17096	0.14988	0.14988	0.36469	0.14988	0.14988
alpha_rarefaction_10_1.txt	10	1	0.16835	0.15687	0.6518	0.2358	0.15687	0.38672	1.78462	2.70583	2.49577	0.15687	1.49707	0.36469	0.36469	0.0122	0.36409	0.2587	0.76385	0.15687	0.40374	0.17608	0.15687	0.1594	0.37379	0.14988	0.63499	0.14988	0.14735
alpha_rarefaction_10_2.txt	10	2	0.14725	0.14735	0.32548	0.23092	0.71153	0.1594	2.25135	2.23828	2.17324	0.36469	1.62397	0.18029	0.15687	0.15687	0.14735	0.5907	0.39658	0.22263	0.36469	0.33827	0.18048	0.33827	0.14988	0.33996	0.3783	0.14988	0.14735
alpha_rarefaction_10_3.txt	10	3	0.15687	0.43365	0.15687	1.11776	0.30626	0.15687	2.12234	2.81158	2.31616	0.20351	1.56941	0.57054	0.61032	0.15687	0.17608	0.6326	0.17096	0.15687	0.15687	0.14988	0.82901	0.1594	0.1594	0.34176	0.83093	0.15687	0.15687
alpha_rarefaction_10_4.txt	10	4	0.19473	0.15687	0.39603	0.18649	0.1594	0.35251	2.17322	2.09681	2.19257	0.22047	1.8758	0.38811	0.38811	0.18048	0.14735	0.18048	0.14988	0.15687	0.43874	0.60626	0.58942	0.14988	0.34526	0.23345	0.72529	0.14988	0.14735
alpha_rarefaction_10_5.txt	10	5	0.15687	0.15687	0.15687	1.11182	0.81742	0.73756	1.28326	1.44062	2.33489	0.18048	1.45477	0.18307	0.36722	0.15687	0.14735	0.57476	0.3202	0.26558	0.43874	0.57606	0.19196	0.28537	0.14735	0.15687	0.38609	0.14988	0.14988
alpha_rarefaction_10_6.txt	10	6	0.38025	0.16435	0.21492	0.18048	1.03322	0.3883	1.98504	2.01578	2.33019	0.18048	1.07674	0.43358	0.32578	0.15687	0.14735	0.18307	0.24787	0.04076	0.88627	0.33723	0.46338	0.48599	0.14735	0.1594	0.46947	0.14735	0.14735
alpha_rarefaction_10_7.txt	10	7	0.0122	0.3819	0.15687	0.18048	0.62149	0.52248	2.20002	2.25692	2.43003	0.37218	1.17058	0.15687	0.36722	0.18048	0.15687	0.15687	0.15687	0.0122	0.0122	0.38088	0.18048	0.15687	0.14988	0.65891	0.82696	0.14735	0.14735
alpha_rarefaction_10_8.txt	10	8	0.15687	0.14735	0.67107	0.25936	0.55161	0.18048	2.05134	2.30913	2.23916	0.18029	0.84588	0.15687	0.92081	0.36621	0.45829	0.15687	0.65805	0.15687	0.3475	0.1594	0.36132	0.1594	0.34704	0.24413	0.66482	0.14735	0.3577
alpha_rarefaction_10_9.txt	10	9	0.1594	0.15687	0.28061	0.25829	0.65978	0.36469	1.93279	2.09391	2.24897	0.24858	1.32916	0.3883	0.21359	0.18048	0.38131	0.26134	0.18647	0.15687	0.41172	0.32302	0.6424	0.31522	0.15687	0.14988	0.36722	0.14735	0.14735
alpha_rarefaction_1009_0.txt	1009	0	4.21101	3.00457	5.69147	3.59624	7.26136	5.04237	16.35975	16.95125	18.91574	2.00131	11.70405	4.51128	2.78616	3.09664	2.99649	3.28773	3.08915	2.26587	3.7924	5.56755	5.26077	3.4905	1.92548	4.2103	3.14904	1.48103	2.49389
alpha_rarefaction_1009_1.txt	1009	1	3.14445	3.35266	4.46431	3.79867	8.53287	5.76391	15.29841	16.50458	17.90281	2.0047	10.80563	3.82164	3.32436	4.32631	3.06732	4.93253	2.51992	2.49708	3.53151	4.94313	6.22681	3.29302	3.1661	3.74479	3.46257	1.78111	3.5924
alpha_rarefaction_1009_2.txt	1009	2	3.81883	1.8666	4.43948	1.85134	7.26117	3.99745	15.41367	16.18128	18.73303	1.94991	12.70908	4.7935	3.16038	4.35959	3.5045	4.89587	3.88371	2.7821	3.73583	4.44194	5.87348	2.77282	3.6201	3.45714	3.57795	2.18288	3.52633
alpha_rarefaction_1009_3.txt	1009	3	4.07946	2.55914	3.77684	2.73075	7.79959	4.93449	15.44163	16.85773	17.98753	1.70443	11.44025	3.51953	3.22607	2.80882	3.25005	4.16503	2.6736	2.1975	4.57322	4.04747	5.41802	3.3381	3.95236	5.2257	3.02564	2.15841	2.41673
alpha_rarefaction_1009_4.txt	1009	4	2.33533	1.30654	5.17283	2.98439	7.75656	5.54262	14.86772	17.3717	16.9429	3.10908	10.61899	4.49687	3.57344	3.3592	3.00178	5.30211	3.40474	2.18689	3.71842	4.05554	5.93919	3.29604	3.16533	3.77739	3.21187	2.01924	2.82251
alpha_rarefaction_1009_5.txt	1009	5	4.4914	2.50752	4.53884	3.30715	8.48976	6.13571	14.75818	17.39652	17.93537	2.53709	11.23517	5.17218	3.36378	3.36115	2.38436	5.1908	2.73069	2.5828	3.53408	4.66629	5.84862	2.13619	3.47998	3.65544	3.60912	1.98499	3.26657
alpha_rarefaction_1009_6.txt	1009	6	2.37284	2.27036	3.3937	3.72279	7.94941	4.03269	14.40314	18.6734	19.23154	2.52518	12.14826	3.42308	3.01463	3.95713	3.09483	4.73465	3.84579	1.9921	4.02633	4.86537	4.8254	3.21823	2.81788	2.87792	3.08056	1.8078	2.44871
alpha_rarefaction_1009_7.txt	1009	7	3.01772	1.8979	4.18124	2.96488	9.07731	3.9033	15.25631	16.74669	16.70885	2.24072	12.29526	3.40855	2.60271	3.94675	4.45876	6.11883	2.79376	2.42567	2.8408	4.54846	7.15659	3.71019	4.55186	3.89085	3.06343	2.19596	2.75894
alpha_rarefaction_1009_8.txt	1009	8	3.18783	3.79726	3.57249	2.61583	8.91375	4.89717	14.94437	17.8294	17.58978	2.56982	11.50346	4.23324	2.05478	3.27776	3.43891	4.59596	3.15553	2.25478	3.67154	5.32102	6.83003	2.68426	4.04709	3.65438	3.40659	1.81016	3.21467
alpha_rarefaction_1009_9.txt	1009	9	4.16171	3.18513	3.51089	3.63208	7.97308	4.45344	15.03128	16.65168	17.03115	2.82186	11.69447	4.87164	2.56696	3.24181	4.22243	4.07008	4.27878	2.51125	4.01514	4.34664	6.19146	3.13048	4.57492	4.60004	2.71098	2.50013	3.42707
alpha_rarefaction_2008_0.txt	2008	0	3.93569	3.54261	5.08323	4.80322	10.07194	7.19175	20.22021	22.4642	23.13461	3.37661	15.8053	6.16993	4.03773	3.85058	4.64796	7.42412	3.0278	2.89961	4.69883	5.39411	8.66446	4.46939	4.3712	6.68896	4.57239	3.37279	5.51024
alpha_rarefaction_2008_1.txt	2008	1	3.60961	4.11394	5.30111	4.9469	10.41532	7.83123	20.15949	23.26338	23.28663	3.66309	14.61988	6.03459	4.73702	5.36635	3.66471	6.59683	5.09541	2.95096	4.91514	6.07888	7.79033	5.23013	4.99803	6.5781	3.8853	2.19301	4.04776
alpha_rarefaction_2008_2.txt	2008	2	5.36798	3.32167	5.63848	5.25925	11.7223	7.17062	21.34808	23.30717	23.93808	2.75335	14.79678	6.1987	3.4556	4.60871	5.06518	6.65872	4.19746	3.03087	4.88875	6.40534	7.9407	4.25265	4.62341	6.29277	5.28551	2.81693	4.11773
alpha_rarefaction_2008_3.txt	2008	3	5.62051	3.9704	5.80866	4.18439	10.80906	6.8436	20.13362	22.44877	23.85408	3.66828	15.43749	5.09043	3.53514	4.75794	5.38582	5.67476	4.00394	3.06689	5.33591	5.51362	7.00603	5.11978	6.10825	6.17967	4.83943	3.88799	2.97525
alpha_rarefaction_2008_4.txt	2008	4	5.76241	4.70902	6.62534	4.90251	10.804	6.46348	20.73165	22.37564	23.8856	3.44129	14.78465	5.10187	5.04847	6.52905	5.88107	7.5259	3.3632	3.61545	5.03017	6.10934	7.69327	5.53542	4.97164	5.69156	3.37442	3.96186	4.41206
alpha_rarefaction_2008_5.txt	2008	5	5.98533	3.23333	6.40064	4.35991	11.11187	6.21387	19.94675	22.40609	25.66894	2.81154	16.60224	6.10132	4.50881	6.01741	5.15081	5.92117	3.86291	3.52514	3.83711	5.68481	8.83833	3.95237	5.16652	6.1519	4.54028	3.86631	4.13198
alpha_rarefaction_2008_6.txt	2008	6	5.42687	2.848	5.70159	4.31073	11.26136	6.67427	20.19726	21.48015	23.75361	3.63622	14.70544	5.83606	3.77151	5.17866	4.87311	6.47188	4.14653	3.47798	6.5821	7.0165	7.96401	5.88691	4.1712	4.37966	4.0401	2.20111	4.58527
alpha_rarefaction_2008_7.txt	2008	7	5.93094	3.66865	5.75108	3.5891	10.76859	7.7298	18.42543	23.27707	25.17086	2.66059	15.08835	4.87344	4.75625	3.73085	4.62682	6.37784	4.45808	3.61515	3.64914	6.59849	8.20805	5.43647	6.07743	6.24568	4.12209	3.6753	4.37055
alpha_rarefaction_2008_8.txt	2008	8	4.96338	3.40699	5.43545	4.95988	10.8884	6.59514	21.27845	22.3152	24.09589	2.46129	15.73597	5.31698	4.41471	4.91078	5.08011	8.52812	3.74361	3.35733	5.85706	5.95789	8.46532	4.84054	4.28345	6.8247	5.11557	3.39986	4.37095
alpha_rarefaction_2008_9.txt	2008	9	5.27876	3.14745	6.62189	4.38294	10.02595	6.36219	19.59136	22.7242	24.29826	2.76904	16.12676	6.66762	4.94162	5.1818	4.77277	6.85614	4.57048	3.0223	5.27988	6.31163	8.25923	5.54308	4.72145	5.86845	4.81011	3.13256	5.33115
alpha_rarefaction_3007_0.txt	3007	0	5.04411	4.83624	8.4334	6.03369	12.18895	8.67665	23.29108	26.3114	27.1704	3.12307	17.44275	7.84313	4.78257	6.35612	5.2093	8.52316	4.736	4.67638	6.71822	8.8392	9.60923	6.65683	7.01376	7.84108	6.0358	2.84584	5.90558
alpha_rarefaction_3007_1.txt	3007	1	6.17139	5.00747	5.91969	6.43453	12.75354	8.63844	23.34968	26.94515	28.35788	3.22855	17.26026	6.62015	4.46037	6.82786	6.48814	7.52458	5.15316	3.83942	5.83536	8.06585	9.35956	5.83779	5.78723	7.65347	5.438	5.0055	5.58281
alpha_rarefaction_3007_2.txt	3007	2	5.45991	5.62921	7.3478	6.33088	11.90192	7.0823	24.64317	26.11193	29.22395	4.2643	18.01853	6.93293	4.91812	6.37189	6.20551	7.63824	5.27241	4.33464	6.48044	6.84731	10.1438	6.05315	6.56786	7.87551	5.22246	3.9343	4.81084
alpha_rarefaction_3007_3.txt	3007	3	5.12004	5.27305	6.93737	6.76231	13.11654	6.95755	24.52072	27.12486	27.90654	3.45398	17.37999	6.85673	5.30229	6.51646	4.91895	8.29774	4.35865	4.91258	6.64141	7.72306	10.12831	6.73228	5.74779	6.4937	5.86357	5.11345	4.97649
alpha_rarefaction_3007_4.txt	3007	4	6.048	3.52735	7.47674	7.22482	12.58711	8.64652	22.95984	26.33915	29.24774	3.13175	17.64973	8.00721	5.42985	7.44238	6.2181	8.99454	5.169	4.09121	5.09424	8.15878	10.58189	5.68506	6.6928	7.19939	6.29074	4.14787	4.95509
alpha_rarefaction_3007_5.txt	3007	5	6.56951	4.79943	8.3069	5.06337	12.78939	7.70627	22.70883	27.43343	27.81116	3.60677	18.2656	7.38798	4.33381	5.4598	6.27051	8.47917	4.17947	4.94878	6.49751	7.80287	9.52738	6.91061	6.69736	6.7198	5.6964	4.8384	5.46545
alpha_rarefaction_3007_6.txt	3007	6	6.53398	3.91	8.08656	5.60673	11.66518	8.40642	23.28151	25.31619	29.37735	3.77958	16.33568	6.7709	5.27895	6.94933	5.45698	6.86583	4.40719	5.01587	6.6754	7.43707	9.30152	6.97027	5.66883	5.21728	6.03945	4.34016	5.99072
alpha_rarefaction_3007_7.txt	3007	7	6.77197	3.6666	6.56978	6.22732	12.86535	6.81926	25.00939	26.73765	27.2272	3.2437	16.80163	8.07602	5.69523	7.70282	4.60473	6.94766	4.44649	4.32589	5.359	8.23348	10.27475	5.38151	6.20688	6.47405	5.13933	4.65785	6.09183
alpha_rarefaction_3007_8.txt	3007	8	6.88766	4.18647	8.03617	5.71194	12.93275	7.69459	23.69676	27.42542	28.6316	4.39791	16.20618	7.94713	6.40394	6.66357	5.93047	8.25629	4.94984	3.58196	5.96167	7.81914	8.95061	6.63583	6.19601	7.3453	5.69418	4.05722	4.85015
alpha_rarefaction_3007_9.txt	3007	9	6.33388	4.84704	9.67798	4.58807	13.04676	7.3582	24.89384	26.45524	28.17387	4.20926	17.85809	7.18255	6.03184	6.25632	6.06194	7.70284	4.34663	3.70743	5.70597	8.03637	9.92769	6.39749	5.74195	6.68267	4.9272	3.88127	5.28032
alpha_rarefaction_4006_0.txt	4006	0	6.62762	5.16567	7.87413	6.72059	13.75975	9.5231	26.58816	29.74329	31.62647	4.20488	18.35589	7.79432	5.57012	6.0594	6.60181	10.53721	5.67539	4.39213	7.4678	8.70325	11.2046	8.39287	6.69159	7.77405	5.88792	5.0469	5.76876
alpha_rarefaction_4006_1.txt	4006	1	7.15984	5.5262	8.47972	7.60166	13.94002	9.60211	27.66493	30.28571	30.97773	4.25588	19.29816	8.95349	6.86428	7.2132	6.32623	8.93697	6.21402	4.86234	6.84406	9.18522	11.02369	7.14698	5.34577	8.44486	6.32169	5.67398	5.96223
alpha_rarefaction_4006_2.txt	4006	2	7.5352	4.15311	7.33869	8.10886	14.52263	9.36651	25.8471	30.38139	31.09641	4.49068	19.07731	8.21585	6.56578	7.0652	7.138	9.3636	5.01985	5.03521	6.858	7.88976	10.76462	6.68909	6.93816	7.75481	7.01795	4.47727	4.83904
alpha_rarefaction_4006_3.txt	4006	3	6.6784	4.45638	7.17074	7.53946	13.99717	8.99745	26.49132	29.42414	31.74717	4.56122	18.89972	8.07989	6.8249	5.9379	6.06866	8.78121	6.18662	4.94206	5.77442	8.07629	11.18662	8.05823	6.29331	7.20127	5.86348	4.252	5.84671
alpha_rarefaction_4006_4.txt	4006	4	6.74003	4.73154	7.78078	6.49508	14.12125	8.77108	25.72807	31.04491	31.26195	4.11948	19.57424	7.51842	6.35661	7.28704	5.97031	9.74342	5.23522	5.93048	7.03223	8.01106	10.64477	6.6864	6.55204	7.89769	6.07249	4.01746	5.20081
alpha_rarefaction_4006_5.txt	4006	5	7.34093	5.56543	8.01535	7.58881	13.69572	8.36238	27.28172	29.22269	30.56398	4.07045	20.65379	8.91039	6.65181	6.50259	5.63446	8.71064	5.61697	5.23408	6.83037	8.29572	9.8713	6.45662	6.27411	6.95019	7.52685	4.08698	6.33256
alpha_rarefaction_4006_6.txt	4006	6	7.08183	5.02233	7.94076	7.42382	13.39097	9.00473	26.23828	29.97677	31.99916	4.05701	19.96242	8.32643	5.54853	6.6149	6.61202	9.38132	4.92846	4.92674	7.97898	9.82362	10.96806	8.42615	6.93297	8.95605	6.62451	5.21502	5.81091
alpha_rarefaction_4006_7.txt	4006	7	7.50177	5.22296	7.17351	7.41076	13.16499	9.26028	26.43358	29.69718	30.81444	3.57064	19.89376	8.64075	5.91579	6.23431	7.2607	10.54915	5.46339	6.25342	6.23255	8.00566	9.89506	6.76887	5.68305	7.90186	6.98122	5.54923	5.98577
alpha_rarefaction_4006_8.txt	4006	8	7.14823	4.81168	8.38176	5.8344	13.65759	9.77546	25.72203	29.72215	30.99257	5.15955	18.15311	8.37251	6.28778	8.38095	5.53453	8.73132	5.26862	4.28015	7.35888	9.86885	11.48231	6.58398	6.18178	7.11988	6.54815	4.07272	6.33192
alpha_rarefaction_4006_9.txt	4006	9	6.80297	4.92116	8.04819	5.79836	14.52102	8.98075	26.35877	29.07295	31.18805	5.04198	19.83485	7.87307	5.85834	7.50998	6.29727	9.05446	5.38064	4.98086	7.16535	8.40832	10.79065	7.9975	8.3591	7.72615	5.98527	4.35723	6.03446
alpha_rarefaction_5005_0.txt	5005	0	7.64332	5.80645	9.14711	8.26271	16.01251	9.23122	28.84785	32.09626	33.63537	4.19987	22.13716	8.5808	6.03829	8.05303	6.49239	10.1857	5.63369	5.7036	7.83336	8.17905	11.65177	7.67222	7.04304	9.13203	6.93939	4.93825	6.54849
alpha_rarefaction_5005_1.txt	5005	1	7.30155	6.32923	10.33713	7.62027	15.2782	9.61164	28.32169	31.44701	35.0559	4.86137	20.27154	10.17319	7.03841	7.69749	6.70293	10.67418	6.57136	4.9369	8.08672	10.20039	12.08235	7.57137	6.90971	9.15371	6.59124	5.51892	6.84624
alpha_rarefaction_5005_2.txt	5005	2	7.24378	5.5825	8.03921	8.14521	15.70079	9.78683	28.03016	31.5292	34.20255	4.88804	20.65487	9.4272	6.71014	7.83475	6.87022	9.3433	6.62231	5.20506	7.77273	9.12151	12.28276	8.76359	7.54915	9.68513	6.88554	5.10604	6.23609
alpha_rarefaction_5005_3.txt	5005	3	6.31721	6.15516	8.92457	7.8085	14.39666	9.73864	28.57746	32.14393	34.07122	4.38856	19.60966	8.83679	7.53055	9.15517	8.06818	9.36958	5.73482	4.86726	7.08489	9.58435	11.88324	8.59598	8.49261	8.50414	7.79975	5.67084	6.35191
alpha_rarefaction_5005_4.txt	5005	4	8.40012	6.39179	9.40522	7.12327	14.72844	10.14205	27.82925	32.33306	35.64338	5.14057	21.0161	8.76463	6.45746	7.39074	7.13228	9.91344	6.3259	7.47007	7.33175	10.44079	10.61248	7.75976	7.38195	7.93236	6.42376	5.32232	5.70059
alpha_rarefaction_5005_5.txt	5005	5	7.64971	5.97574	9.81109	8.20838	15.28596	10.54879	28.26045	32.65145	34.25899	4.31129	20.95582	9.47773	6.85118	7.7999	7.06956	10.54888	6.40759	7.24616	7.60222	10.6796	12.26116	7.06036	7.67544	8.68514	7.06311	5.74657	6.86189
alpha_rarefaction_5005_6.txt	5005	6	6.86849	5.06462	9.33235	9.05923	14.93232	9.51959	28.08011	32.46618	32.6833	5.19126	21.27563	8.80039	6.63944	8.64447	6.58049	9.60445	6.57017	6.15004	8.62486	8.97125	11.58159	9.08447	6.76343	8.36037	7.0841	5.56536	6.23451
alpha_rarefaction_5005_7.txt	5005	7	6.91177	6.15748	9.427	8.0969	14.63128	9.04884	29.46998	32.8094	34.38807	4.63618	20.85947	8.59736	6.90666	7.97982	7.47271	9.99047	5.69648	5.83175	7.341	10.15623	11.00173	8.42978	8.12028	9.03793	6.80762	5.67525	5.34744
alpha_rarefaction_5005_8.txt	5005	8	8.06357	4.53115	9.09857	7.82008	14.45066	10.60876	29.72925	32.64131	33.90817	4.74605	20.94497	8.345	6.2123	9.13141	7.33377	10.21574	7.26865	6.19554	7.35435	9.69523	12.32185	7.6165	6.72026	7.80983	7.2758	3.81409	7.36486
alpha_rarefaction_5005_9.txt	5005	9	7.05897	4.40526	9.75803	7.60187	14.45306	11.18082	28.86651	31.82122	33.49713	4.90214	20.88592	9.91912	6.26537	6.92738	6.86438	10.07315	5.82434	5.54972	8.49241	8.6205	12.2671	8.11516	7.12894	7.75823	6.7014	6.78137	5.94283
alpha_rarefaction_6004_0.txt	6004	0	7.87987	6.69675	10.32654	8.06749	15.29564	10.48771	30.59679	35.01832	36.39665	4.88793	21.41187	9.39	7.51572	7.329	7.78424	10.55164	5.93263	6.53228	8.43238	9.37228	12.27086	7.68293	8.64105	8.87763	6.64374	6.58136	8.01246
alpha_rarefaction_6004_1.txt	6004	1	8.39596	5.99476	10.44651	9.21567	16.68441	10.72785	31.14328	34.97518	34.5708	4.71418	23.98481	9.19319	6.47642	8.1879	6.58127	11.90906	6.91274	6.8304	8.76428	10.89671	12.73791	9.52078	8.26167	8.79561	7.78729	5.67064	7.34851
alpha_rarefaction_6004_2.txt	6004	2	6.97307	7.13277	9.77494	7.6706	16.21741	10.28646	31.50581	34.57512	35.9013	5.14467	21.67923	8.96168	7.7423	8.08654	6.58109	11.10922	6.98748	6.93929	8.3687	10.12496	12.65268	9.06533	7.74922	9.5378	7.64053	5.23137	7.32567
alpha_rarefaction_6004_3.txt	6004	3	8.30946	6.52211	9.03938	7.17843	16.21332	11.00393	30.51072	33.86762	37.2331	4.67715	22.89101	10.34866	7.41382	8.60343	7.42773	10.29077	6.28079	6.38805	8.68679	10.49922	13.04199	8.9819	7.12252	8.23951	7.19691	6.43149	8.09339
alpha_rarefaction_6004_4.txt	6004	4	9.25389	6.53987	9.96475	7.92723	15.80616	10.58813	31.83912	35.9871	35.97157	5.60439	23.41938	8.91794	8.39135	8.60031	7.62773	10.70208	6.12427	5.91099	8.13775	10.21503	12.2637	8.41705	6.67158	9.95756	6.80344	5.75606	7.52357
alpha_rarefaction_6004_5.txt	6004	5	8.54495	6.9223	9.98501	8.80814	15.84199	12.26179	31.28879	34.77632	36.0538	5.3633	23.35543	10.4656	7.39927	9.26665	8.45314	10.49813	6.98099	7.02612	7.69331	10.51781	12.27506	8.03766	8.085	8.91601	6.87778	6.60847	6.21263
alpha_rarefaction_6004_6.txt	6004	6	7.94741	5.77747	10.2686	8.3967	16.01979	11.30565	30.20644	34.95695	35.63508	5.94667	21.83414	8.86083	7.44497	7.92004	7.56626	9.69847	7.1908	6.12234	7.97601	11.04463	12.42277	9.60788	7.77534	8.34127	6.58972	6.97054	7.65227
alpha_rarefaction_6004_7.txt	6004	7	7.55554	7.28035	10.30419	9.2577	15.98368	10.18534	30.15735	35.58283	36.07156	4.23341	22.45395	9.27579	7.59671	9.20837	7.74062	10.09091	6.16629	6.36286	8.28872	9.10229	13.48356	9.23099	8.19669	9.63898	8.12807	6.69775	6.66533
alpha_rarefaction_6004_8.txt	6004	8	8.54768	5.99324	10.16259	8.09559	16.85435	11.26276	31.59281	34.11699	36.36083	5.02955	23.32416	9.44385	7.67681	7.82766	8.36194	10.55886	6.21075	7.68456	9.00604	10.86038	13.32246	7.80484	8.57979	8.6942	7.89694	5.38848	8.44345
alpha_rarefaction_6004_9.txt	6004	9	7.66184	6.40946	9.19985	7.87977	15.86673	10.52344	30.97877	33.66518	35.88131	4.48147	22.59662	9.71886	7.71758	8.72126	7.63839	11.00573	7.37078	7.37981	9.58197	10.1984	12.53312	8.24939	8.27764	10.31044	7.39205	5.04085	6.83335
alpha_rarefaction_7003_0.txt	7003	0	8.83455	7.20986	9.47932	7.87708	17.48245	11.33678	32.39497	36.39526	39.38085	6.26397	23.69093	10.52119	8.13308	9.86138	9.32642	11.42297	6.69281	6.97115	8.53655	10.91735	13.43205	9.84118	8.56901	10.12112	8.31213	6.50116	7.36667
alpha_rarefaction_7003_1.txt	7003	1	8.29734	5.35775	10.28367	8.22826	16.30535	10.63271	32.54221	36.24257	38.47559	5.27582	24.14776	9.56432	7.20893	9.5246	8.0574	10.40437	6.80316	7.3258	9.12965	11.43104	13.30597	9.84382	8.93872	9.81642	8.23981	7.55619	7.62988
alpha_rarefaction_7003_2.txt	7003	2	8.16602	6.53285	9.39755	8.66584	17.4927	11.26036	33.41757	36.86422	37.77681	6.11931	24.44009	10.38291	9.66	8.41438	8.12917	11.44723	6.30201	6.28012	8.78332	12.1269	13.1013	10.10355	8.09154	8.74692	7.61017	6.79316	6.9682
alpha_rarefaction_7003_3.txt	7003	3	8.0238	7.2371	11.11139	9.58647	15.76567	11.59619	31.62453	37.5771	37.65015	5.30398	23.33046	9.99236	8.08396	8.82334	7.81057	12.23657	6.87716	6.12692	9.0322	10.70924	13.00967	9.82562	8.14002	9.64906	7.82081	7.09653	7.33604
alpha_rarefaction_7003_4.txt	7003	4	8.63467	6.97994	10.93272	7.75646	17.68445	12.28076	32.07184	38.17571	39.04182	6.13566	22.18387	9.81255	8.84716	9.79951	7.67264	10.77497	6.95333	7.21532	8.91755	10.27677	13.22298	9.54591	8.11664	10.07772	8.18337	6.06541	7.19548
alpha_rarefaction_7003_5.txt	7003	5	9.08674	7.87485	10.8333	8.66176	16.9922	10.97586	32.47655	35.72119	39.64051	5.24021	24.148	9.77729	9.09734	9.60481	8.72783	11.69889	6.74465	7.14662	8.67581	10.90177	14.08892	9.7018	8.26382	9.88045	8.48322	6.35686	7.65066
alpha_rarefaction_7003_6.txt	7003	6	8.11616	6.14592	10.53636	8.81265	16.49891	12.16095	33.35131	37.40503	38.25109	5.83745	23.8089	9.93363	8.44781	9.64167	8.94423	11.97448	7.38173	7.36049	8.76183	11.08443	12.8845	8.8484	8.3914	8.86261	8.35948	6.68875	7.98885
alpha_rarefaction_7003_7.txt	7003	7	9.16602	7.85999	10.90753	9.13561	16.79275	11.03471	32.42811	36.71752	38.49617	5.23693	24.16581	10.66407	7.46363	8.78025	6.99713	12.71494	6.83729	8.18355	8.74302	10.97987	13.80146	8.76083	7.58276	10.23022	7.51411	6.20059	8.34305
alpha_rarefaction_7003_8.txt	7003	8	8.54949	7.70159	10.01275	7.52454	17.60862	11.36301	33.07856	37.03772	37.72616	6.13823	23.12584	10.36571	8.29303	9.1843	8.13401	11.76774	6.17092	7.64387	7.56399	11.25303	14.16867	9.523	8.30677	9.88747	7.96966	6.9338	8.72169
alpha_rarefaction_7003_9.txt	7003	9	8.13691	7.83724	10.99588	8.77588	17.32146	11.03784	32.6753	36.58817	36.84357	5.84641	23.60836	9.80005	7.28883	8.60388	9.59913	11.31441	7.54408	6.99092	9.38768	10.89583	13.62842	9.67582	9.3304	9.95451	8.32778	5.99062	7.73455
alpha_rarefaction_8002_0.txt	8002	0	9.41328	7.51449	11.61186	9.9365	17.28564	12.36895	35.46661	39.72622	40.99199	5.41996	23.88884	11.47239	8.70069	10.18279	9.24349	11.97202	7.61963	8.15277	9.44976	11.24575	14.71533	9.55535	9.92697	10.1873	8.59908	7.06664	7.86308
alpha_rarefaction_8002_1.txt	8002	1	8.76998	6.8442	10.71859	9.70924	17.12451	13.66453	35.61895	38.03476	40.54609	5.8406	24.7197	10.63245	9.95851	9.26121	8.0043	12.6608	7.38045	8.27914	8.67736	9.6458	13.94663	10.37826	9.1568	11.23575	8.8236	6.64865	8.21105
alpha_rarefaction_8002_2.txt	8002	2	8.04865	7.27711	10.38133	9.82057	18.55928	11.17161	34.32108	39.12177	40.17837	5.1513	24.55427	11.06437	7.63684	9.0044	8.86963	12.81843	7.38351	6.97143	8.81628	11.31818	13.23373	11.00362	9.17871	10.28601	8.47389	8.5697	8.50633
alpha_rarefaction_8002_3.txt	8002	3	10.1738	7.82584	10.96414	9.62334	17.02347	11.75429	35.2497	38.48295	39.82753	7.15959	26.08139	10.98108	9.32755	9.79399	8.92074	13.03527	7.3404	6.70465	9.10854	11.84121	13.27847	9.0643	9.93643	9.74112	9.04392	7.02026	7.88934
alpha_rarefaction_8002_4.txt	8002	4	9.58223	6.73866	11.29078	8.96547	16.8833	11.72452	34.42622	37.83451	40.79769	5.53739	25.26778	11.46921	8.713	9.38478	8.51764	12.09279	7.1558	8.0981	9.73141	11.21155	13.32378	9.8943	9.17863	9.98128	7.86251	7.14535	8.69599
alpha_rarefaction_8002_5.txt	8002	5	9.12877	6.68515	10.82376	10.99005	18.46094	11.92584	34.6301	38.96159	40.24457	5.81763	24.42356	10.31484	9.02051	9.08922	9.07975	11.34814	6.65942	7.41313	8.73205	12.82206	13.74243	9.74124	9.42345	10.98327	7.77338	7.83964	7.94221
alpha_rarefaction_8002_6.txt	8002	6	8.64784	6.98746	10.48416	8.92947	17.92425	12.21752	34.28435	37.86621	40.10243	5.51202	25.00556	11.54469	9.60195	10.27007	8.23067	12.64503	6.84526	7.12661	9.71882	11.305	13.35967	10.09511	7.58189	9.90711	9.72297	7.98864	7.52436
alpha_rarefaction_8002_7.txt	8002	7	8.31431	7.98243	11.06612	10.15704	18.97771	12.43834	34.98058	38.27019	40.82236	5.3487	23.5991	10.57996	8.87213	9.59217	7.61027	12.59162	7.37058	6.85048	9.72696	10.57404	14.45976	9.90713	7.95296	10.42017	8.67028	7.26567	7.79848
alpha_rarefaction_8002_8.txt	8002	8	9.31169	6.73968	10.93974	9.03102	17.44123	12.23535	35.51528	38.89024	39.51225	6.86428	25.54224	11.99603	8.28563	10.10991	8.04248	11.82745	7.29391	7.93193	9.2844	12.14526	13.75988	9.61162	8.03639	10.286	7.83638	7.32488	8.36917
alpha_rarefaction_8002_9.txt	8002	9	9.27964	7.77819	11.7753	9.28395	17.43397	12.60886	33.03836	37.82695	40.53312	6.04038	24.47856	10.21341	8.92034	8.96366	9.15456	13.28095	5.889	6.78983	9.95023	11.24988	14.30177	8.9106	8.8904	11.51824	7.95448	7.34408	8.64173
alpha_rarefaction_9001_0.txt	9001	0	10.5038	7.24918	11.5999	9.26702	16.96704	12.36817	35.93893	39.60062	41.21784	5.59671	25.3835	11.78698	8.4786	9.56337	9.44301	12.07137	8.14701	7.02704	9.37315	11.20613	14.29477	11.08123	9.0086	10.60631	9.04659	8.0351	7.81959
alpha_rarefaction_9001_1.txt	9001	1	10.28392	6.95622	11.33119	9.94566	18.64175	12.72574	35.03455	39.48746	41.1752	6.00956	26.11546	10.44087	9.73004	10.02511	9.74644	12.35652	8.08968	7.44056	9.87587	11.83664	14.30468	10.51547	8.63219	10.4534	8.18083	7.31307	8.1075
alpha_rarefaction_9001_2.txt	9001	2	9.03858	8.00055	11.47809	9.1665	18.82581	13.44928	35.99504	40.28104	41.24568	6.97136	26.48792	12.49682	8.95108	10.47641	8.20944	11.73298	7.94846	8.49847	9.53152	11.80141	14.73702	10.99076	9.79284	10.86653	8.67031	7.14541	8.65476
alpha_rarefaction_9001_3.txt	9001	3	9.09586	8.18488	11.7437	10.65065	18.57155	12.85908	35.47598	40.69312	40.86109	6.67022	25.32115	10.18238	9.01153	9.47587	9.32406	11.47189	8.46221	8.41674	8.81853	11.62479	15.49397	10.98416	9.60441	10.31756	9.23389	8.16493	8.19162
alpha_rarefaction_9001_4.txt	9001	4	9.2821	7.75251	12.33422	10.71886	16.48673	13.56315	36.05841	39.91652	42.5102	5.93043	26.82529	11.18097	10.01406	10.9546	9.90034	12.77856	7.72161	8.1705	9.95	11.93997	13.92168	10.33134	9.15952	11.63786	7.84228	8.29329	9.17727
alpha_rarefaction_9001_5.txt	9001	5	9.74008	7.55533	11.24792	10.71352	18.64904	12.14144	35.76636	38.84293	41.68916	6.36411	25.05946	9.8313	8.51057	9.95646	8.81963	12.51444	7.14622	6.54909	8.98164	11.69248	14.94683	10.71925	9.31469	10.62779	8.87925	6.86591	8.53399
alpha_rarefaction_9001_6.txt	9001	6	9.5264	9.50154	11.05664	11.15622	19.04379	11.8285	35.73622	40.50504	40.87567	5.84484	26.41122	10.16116	7.82299	10.68046	8.69817	12.05982	7.20037	7.83812	9.57435	11.97292	14.40599	10.123	9.0098	11.04823	9.51211	7.77436	9.23236
alpha_rarefaction_9001_7.txt	9001	7	8.71604	8.55869	10.4496	8.97986	18.2758	13.03218	35.90047	39.14713	41.6465	6.859	25.81849	10.25916	10.78464	10.6298	9.08492	12.12603	7.9736	7.21037	10.01366	12.51624	14.96098	11.31959	8.50968	11.03718	9.07247	7.76879	8.12149
alpha_rarefaction_9001_8.txt	9001	8	9.89428	8.32097	11.67652	10.9205	17.83352	12.73831	35.82056	38.58227	41.09683	5.54048	24.86928	10.69112	8.66755	9.15655	9.9815	11.95615	8.01293	7.32002	9.55954	11.82944	14.82169	10.32767	9.71298	10.5923	8.85351	7.90959	7.22552
alpha_rarefaction_9001_9.txt	9001	9	9.33773	8.24247	12.22972	10.56933	18.62752	12.12586	36.17636	39.81759	40.95246	5.65943	26.30658	9.92024	8.0912	10.57705	8.96217	12.93588	8.19072	7.70404	9.19283	12.56814	14.13556	10.00814	8.11939	10.7149	8.47834	8.5145	8.33108
alpha_rarefaction_10000_0.txt	10000	0	8.93055	8.54562	11.67444	9.15591	18.73464	13.95062	37.43286	42.06623	43.55403	5.68104	26.23038	11.30289	10.81683	10.86412	9.61246	14.01065	7.59602	8.37386	10.43087	12.41718	13.964	10.35385	9.38134	10.69381	8.92655	7.53825	8.78459
alpha_rarefaction_10000_1.txt	10000	1	9.12166	6.70631	11.88384	10.59035	20.31756	14.3816	36.95268	40.90708	42.80886	6.39794	27.20095	12.1151	9.5357	11.38799	10.11871	13.10802	8.48643	7.3214	10.22354	12.33977	14.95225	9.68678	10.1267	11.29385	9.53704	8.61927	9.70528
alpha_rarefaction_10000_2.txt	10000	2	9.89302	7.99364	11.46986	10.39132	19.26687	13.44704	37.99332	40.41298	42.63745	6.45203	27.16298	11.9572	9.10495	10.22019	10.27167	12.46842	6.50762	7.30909	10.13201	11.39227	15.79712	10.20445	9.39391	11.50202	9.47429	7.11758	8.01996
alpha_rarefaction_10000_3.txt	10000	3	9.94935	8.21248	12.0593	11.37619	18.2895	13.09515	37.86556	40.7516	42.31496	7.39004	26.844	11.96272	9.29394	10.79957	9.23543	13.49486	8.3689	8.54409	10.64485	10.78991	15.5759	10.25407	9.76331	9.98552	9.16611	6.97897	8.22146
alpha_rarefaction_10000_4.txt	10000	4	9.35076	8.785	11.3281	10.50399	18.84584	14.26375	38.06074	42.01308	42.90694	5.99248	26.15782	12.10999	9.68029	9.2861	8.40323	12.53804	7.51348	7.06253	10.60448	12.01324	16.2475	11.26788	9.23381	11.22674	9.06462	7.83734	8.03856
alpha_rarefaction_10000_5.txt	10000	5	10.30557	7.67225	12.33828	11.04163	19.43142	12.85232	36.40704	40.78506	43.26183	6.48772	25.98493	11.56051	9.25875	10.80942	9.23157	12.14178	7.99134	7.77023	10.15482	11.1924	15.15424	10.53512	9.42257	10.63475	9.01888	8.92051	9.55763
alpha_rarefaction_10000_6.txt	10000	6	10.05288	8.41316	12.02999	9.48457	20.34819	13.38437	37.50851	41.81136	42.33256	6.34557	26.47809	12.18243	10.30423	11.06551	10.17705	13.70236	8.05045	8.14661	9.81016	11.91195	13.85054	10.09762	9.2045	10.69032	9.36585	7.65027	9.32288
alpha_rarefaction_10000_7.txt	10000	7	10.01942	7.04476	12.328	9.97538	19.3494	13.39157	36.5275	41.44677	41.99362	6.37219	28.03874	12.01144	9.02146	10.70447	8.49075	12.96353	7.14793	7.34711	9.95513	11.60036	15.30564	10.7483	7.75643	10.92061	9.30619	6.98408	8.15718
alpha_rarefaction_10000_8.txt	10000	8	10.3659	6.8475	11.55182	10.73297	18.91964	12.91652	37.10831	40.8995	43.43701	6.06232	25.87925	11.9601	10.51794	10.52443	10.00468	12.72917	6.81109	8.40142	9.90709	12.102	15.37903	10.34688	9.51574	10.83311	9.80738	7.54503	9.08199
alpha_rarefaction_10000_9.txt	10000	9	10.13203	8.63248	11.90481	9.55563	18.81046	13.22046	36.24706	39.78708	42.66319	6.6133	25.09216	11.66013	10.23778	10.60603	9.0098	13.45508	7.34078	8.07954	9.26168	12.70946	14.7874	10.87304	9.59718	10.87669	8.80919	8.20452	9.29121