	sequences per sample	iteration	565	527	530	552	556	542	575	547	532	540	571	581	580	535	536	531	557	562	537	560	555	577	541	570	576	561	582	545	550	551	572	521	520	525	522	566	546	526	567
alpha_rarefaction_10_0.txt	10	0	23.0	9.0	7.0	9.0	4.0	29.0	11.0	23.0	12.0	3.0	6.5	7.0	6.5	29.0	7.0	16.0	4.0	22.0	7.0	16.0	5.33333333333	5.0	22.0	11.0	9.0	4.5	12.0	23.0	9.0	7.0	6.5	2.0	2.0	8.5	1.0	5.5	8.5	22.0	9.0
alpha_rarefaction_10_1.txt	10	1	29.0	29.0	7.0	7.0	3.0	4.5	22.0	13.0	6.5	4.5	4.0	4.5	13.0	9.0	7.0	5.33333333333	4.5	23.0	16.0	5.5	7.0	9.0	22.0	16.0	5.0	5.0	13.0	12.0	4.0	2.0	12.0	4.0	4.0	9.0	2.0	29.0	6.5	55.0	5.5
alpha_rarefaction_10_2.txt	10	2	9.0	55.0	8.0	6.5	7.0	4.5	12.0	8.5	7.0	11.0	7.0	9.0	12.0	16.0	3.0	7.0	22.0	12.0	22.0	9.0	4.0	12.0	11.0	9.0	23.0	7.0	5.5	13.0	11.0	6.5	16.0	1.0	1.0	29.0	11.0	8.5	12.0	13.0	23.0
alpha_rarefaction_10_3.txt	10	3	22.0	13.0	6.5	11.0	4.5	11.0	5.0	12.0	16.0	16.0	11.0	7.0	9.0	12.0	7.0	7.0	4.5	12.0	11.0	12.0	11.0	29.0	9.0	29.0	6.5	11.0	9.0	29.0	4.5	11.0	12.0	2.0	2.0	23.0	2.0	9.0	8.5	29.0	12.0
alpha_rarefaction_10_4.txt	10	4	6.5	23.0	4.5	4.0	16.0	16.0	5.33333333333	55.0	11.0	9.0	16.0	4.5	23.0	2.0	6.5	6.5	5.5	6.5	29.0	13.0	16.0	9.0	29.0	4.5	3.0	22.0	7.0	13.0	6.5	4.5	6.5	2.0	2.0	22.0	1.0	13.0	7.0	13.0	8.5
alpha_rarefaction_10_5.txt	10	5	16.0	23.0	16.0	4.0	11.0	6.5	22.0	22.0	16.0	7.0	22.0	5.33333333333	12.0	16.0	3.0	9.0	5.0	13.0	3.0	8.5	16.0	3.0	11.0	11.0	5.0	4.0	12.0	13.0	11.0	16.0	11.0	2.0	2.0	55.0	2.0	12.0	13.0	23.0	29.0
alpha_rarefaction_10_6.txt	10	6	7.0	13.0	22.0	11.0	7.0	4.5	3.0	12.0	29.0	7.0	16.0	12.0	8.5	3.0	2.0	13.0	7.0	12.0	7.0	5.33333333333	7.0	11.0	3.0	7.0	4.0	12.0	7.0	29.0	7.0	11.0	6.5	2.0	2.0	6.5	2.0	29.0	7.0	55.0	5.33333333333
alpha_rarefaction_10_7.txt	10	7	16.0	8.5	7.0	9.0	4.5	7.0	3.0	22.0	12.0	7.0	6.5	9.0	12.0	11.0	4.5	23.0	6.5	16.0	11.0	5.33333333333	11.0	9.0	11.0	22.0	8.5	4.5	23.0	23.0	16.0	12.0	7.0	2.0	1.0	8.5	4.0	23.0	12.0	13.0	6.5
alpha_rarefaction_10_8.txt	10	8	12.0	23.0	5.0	11.0	16.0	22.0	6.5	16.0	7.0	11.0	22.0	7.0	13.0	6.5	11.0	12.0	7.0	7.0	4.0	6.5	4.5	16.0	3.0	9.0	12.0	6.5	9.0	5.33333333333	4.0	4.5	23.0	1.0	4.0	12.0	7.0	9.0	23.0	29.0	8.5
alpha_rarefaction_10_9.txt	10	9	23.0	23.0	7.0	4.5	22.0	4.0	5.0	7.0	22.0	11.0	7.0	7.0	8.5	4.0	4.0	7.0	7.0	9.0	11.0	12.0	4.5	9.0	29.0	5.33333333333	6.5	7.0	4.0	12.0	22.0	6.5	11.0	1.0	1.0	12.0	7.0	22.0	12.0	23.0	23.0
alpha_rarefaction_1009_0.txt	1009	0	143.117647059	217.55	135.235294118	168.5	159.833333333	184.4	132.0	248.2	226.125	188.0	110.142857143	148.75	85.7142857143	137.583333333	171.0	157.0	275.0	226.8	188.0	158.75	89.0	158.153846154	198.0	129.272727273	209.666666667	103.833333333	113.4	242.066666667	95.0	127.333333333	136.0	125.909090909	164.230769231	225.0	159.769230769	249.375	213.0	215.047619048	137.076923077
alpha_rarefaction_1009_1.txt	1009	1	213.647058824	361.4	187.0	87.0769230769	125.928571429	154.111111111	166.153846154	348.111111111	261.909090909	193.25	184.625	109.615384615	142.125	165.1	167.111111111	137.15	152.333333333	150.0	140.789473684	162.5	130.125	181.625	163.1	147.75	124.0	181.272727273	141.0	310.714285714	112.375	133.111111111	180.0	241.0	171.545454545	211.0	114.3125	152.875	392.0	236.555555556	275.0
alpha_rarefaction_1009_2.txt	1009	2	159.714285714	244.954545455	205.111111111	133.6	202.25	145.571428571	112.090909091	208.0	155.571428571	139.0	117.625	177.428571429	154.111111111	149.066666667	169.5	190.111111111	123.272727273	130.214285714	181.461538462	175.153846154	116.583333333	112.4	150.5	207.5	240.0	130.4	145.3	294.111111111	125.076923077	114.0	144.909090909	160.769230769	148.153846154	287.0	198.375	167.5	217.9375	256.652173913	165.769230769
alpha_rarefaction_1009_3.txt	1009	3	243.090909091	381.076923077	163.0	121.0	172.857142857	186.076923077	124.5	279.75	154.5	182.0	96.3	104.2	100.461538462	140.076923077	113.071428571	169.5	129.0	219.666666667	189.545454545	127.4	89.5	104.0625	133.583333333	136.6	100.769230769	136.235294118	160.875	294.75	127.928571429	107.333333333	216.142857143	134.894736842	143.055555556	398.071428571	114.866666667	186.125	165.571428571	441.230769231	171.214285714
alpha_rarefaction_1009_4.txt	1009	4	220.071428571	277.9375	187.333333333	73.25	118.583333333	189.428571429	104.555555556	317.5	186.0	180.5	136.0	128.647058824	238.428571429	155.769230769	158.928571429	183.090909091	78.0	150.066666667	185.0	131.571428571	114.0	181.0	160.153846154	99.0714285714	83.0769230769	184.5	108.6	240.066666667	155.666666667	96.4615384615	173.0	129.5	165.4	299.555555556	163.0	185.461538462	279.1	234.107142857	137.833333333
alpha_rarefaction_1009_5.txt	1009	5	138.666666667	233.5	148.105263158	134.428571429	130.583333333	194.909090909	127.076923077	324.615384615	125.0	151.6875	154.25	117.0	108.153846154	172.0	172.6	119.615384615	153.5	152.0	194.909090909	255.0	83.5454545455	149.111111111	145.375	149.0	103.333333333	108.0625	139.6	191.8	134.545454545	92.1	151.75	281.625	156.769230769	390.75	138.882352941	168.176470588	197.545454545	353.833333333	154.875
alpha_rarefaction_1009_6.txt	1009	6	132.866666667	247.066666667	183.0	154.0	164.142857143	166.615384615	126.1	200.714285714	135.75	168.214285714	146.909090909	117.583333333	151.375	137.571428571	114.5	170.833333333	105.5	280.428571429	142.6	168.214285714	76.75	167.142857143	183.714285714	206.375	143.333333333	161.833333333	101.833333333	244.615384615	163.142857143	143.142857143	168.142857143	129.882352941	172.4	297.0	167.0	246.583333333	234.894736842	193.869565217	201.0
alpha_rarefaction_1009_7.txt	1009	7	197.428571429	426.545454545	207.0	98.875	145.0	179.090909091	117.75	313.333333333	196.5	225.090909091	141.428571429	119.0	135.0	164.090909091	151.111111111	157.6875	89.0	167.615384615	132.0	161.833333333	125.428571429	152.25	212.75	159.0	181.272727273	213.0	101.625	194.125	155.928571429	121.125	170.111111111	161.5	229.142857143	268.058823529	147.0	138.4	338.5	321.235294118	179.875
alpha_rarefaction_1009_8.txt	1009	8	173.058823529	326.066666667	177.090909091	128.0	112.0	333.428571429	115.0	190.157894737	154.5	112.714285714	140.111111111	142.75	153.666666667	223.090909091	253.6	182.0	176.857142857	139.666666667	203.0	134.272727273	113.6	169.3	164.5	232.1	125.090909091	131.1	133.0	177.789473684	125.272727273	114.0	101.230769231	181.0	134.769230769	232.137931034	183.25	237.1	194.956521739	331.083333333	156.0
alpha_rarefaction_1009_9.txt	1009	9	216.833333333	234.55	270.111111111	104.4	118.571428571	185.666666667	132.333333333	202.666666667	202.5	175.875	114.615384615	127.5	118.75	162.615384615	119.583333333	172.625	89.5454545455	153.0	220.75	174.111111111	102.5	184.111111111	113.090909091	212.666666667	132.545454545	165.625	123.5	276.176470588	79.4615384615	120.272727273	122.461538462	184.8	166.0	328.5625	205.5	188.0	261.5	252.0	318.25
alpha_rarefaction_2008_0.txt	2008	0	320.875	362.0	244.772727273	169.153846154	198.55	261.461538462	311.0	371.037037037	218.0	169.8	185.153846154	206.25	164.333333333	198.476190476	159.8	300.571428571	221.769230769	222.545454545	215.652173913	221.65	225.6	263.545454545	195.772727273	236.8	209.071428571	166.368421053	132.461538462	501.0	180.153846154	224.125	157.05	194.55	234.833333333	381.384615385	180.157894737	198.875	326.166666667	363.1	273.142857143
alpha_rarefaction_2008_1.txt	2008	1	201.0	341.2	205.4375	165.090909091	175.045454545	232.235294118	204.75	278.965517241	228.625	312.0	162.0	281.0	159.0	292.076923077	280.0	383.6	145.111111111	256.153846154	213.5	229.9375	159.0	256.666666667	196.052631579	336.142857143	222.333333333	259.272727273	201.882352941	256.870967742	207.25	187.272727273	187.461538462	213.142857143	273.666666667	346.085714286	295.571428571	239.75	303.25	345.085714286	163.043478261
alpha_rarefaction_2008_2.txt	2008	2	398.333333333	471.260869565	227.65	227.428571429	202.0	218.65625	281.333333333	324.676470588	225.65	225.5	204.0	269.111111111	173.153846154	307.769230769	185.875	246.0625	109.333333333	187.391304348	222.0	249.833333333	150.230769231	168.0	276.052631579	216.666666667	181.153846154	196.0	141.84	255.8	172.4	156.909090909	194.071428571	233.2	271.0	351.888888889	197.12	269.461538462	316.454545455	310.034482759	259.176470588
alpha_rarefaction_2008_3.txt	2008	3	231.130434783	350.464285714	221.833333333	177.083333333	176.5	220.315789474	194.0	286.0	247.428571429	186.5	192.052631579	275.1	211.75	194.391304348	188.058823529	345.5	179.083333333	199.772727273	279.928571429	236.25	113.75	196.4375	152.24	175.625	167.833333333	182.058823529	179.3	327.5	204.8	187.272727273	223.230769231	205.047619048	219.076923077	369.0	290.4375	229.647058824	347.045454545	345.2	280.076923077
alpha_rarefaction_2008_4.txt	2008	4	296.75	408.956521739	183.105263158	187.0	182.5	223.65	198.714285714	378.555555556	440.333333333	198.956521739	175.058823529	185.5	180.5	227.0	214.833333333	348.0	164.769230769	321.0	458.909090909	286.352941176	172.25	217.117647059	221.230769231	184.083333333	201.0	195.176470588	205.25	347.730769231	163.769230769	171.153846154	249.75	171.214285714	163.12	343.24137931	193.882352941	211.882352941	294.375	399.181818182	203.5
alpha_rarefaction_2008_5.txt	2008	5	271.714285714	342.464285714	291.666666667	131.3125	211.4	201.5	258.375	291.375	284.9375	211.25	178.565217391	187.461538462	177.090909091	214.75	201.0	280.0	149.5	314.833333333	178.652173913	213.5	178.25	319.0	272.0	222.272727273	217.545454545	204.083333333	260.75	333.322580645	151.473684211	256.0	176.5	268.714285714	261.9375	361.636363636	198.25	228.9375	245.884615385	480.357142857	173.125
alpha_rarefaction_2008_6.txt	2008	6	265.619047619	311.96875	279.214285714	160.0	173.153846154	304.4	205.083333333	403.25	231.0	201.0	183.555555556	156.714285714	332.0	206.882352941	291.75	252.75	153.875	223.666666667	273.315789474	217.25	161.473684211	145.043478261	194.0	220.2	181.5625	261.0	259.75	404.545454545	201.875	243.1	241.352941176	187.791666667	300.875	365.037037037	267.75	185.666666667	296.588235294	373.964285714	243.476190476
alpha_rarefaction_2008_7.txt	2008	7	283.0	335.941176471	216.333333333	213.0	196.0	266.0	199.272727273	311.576923077	396.333333333	259.772727273	224.375	323.0	189.769230769	183.55	196.0	257.25	159.272727273	186.666666667	297.555555556	262.8	160.25	167.6875	218.071428571	292.0	140.5	163.076923077	158.5	305.714285714	202.1	177.25	215.75	181.956521739	206.636363636	368.333333333	316.066666667	265.1875	315.565217391	383.285714286	318.571428571
alpha_rarefaction_2008_8.txt	2008	8	212.375	280.088235294	274.375	132.583333333	148.285714286	246.333333333	270.0	304.714285714	210.454545455	277.625	212.235294118	230.333333333	202.4	268.583333333	219.647058824	187.576923077	128.055555556	151.0	182.619047619	232.142857143	156.714285714	206.666666667	208.055555556	225.769230769	191.0	316.5	248.5	311.344827586	173.214285714	165.769230769	283.909090909	240.333333333	230.0	287.451612903	158.8	206.565217391	341.285714286	503.8	199.391304348
alpha_rarefaction_2008_9.txt	2008	9	210.666666667	304.7	180.3	151.5	169.066666667	222.666666667	161.041666667	305.076923077	238.043478261	240.333333333	239.0	349.125	223.333333333	212.55	242.75	220.052631579	173.153846154	220.666666667	277.157894737	297.75	165.153846154	201.882352941	286.714285714	177.571428571	208.0	220.647058824	156.05	332.965517241	166.333333333	159.571428571	193.5	196.2	225.714285714	317.714285714	203.545454545	206.8	256.541666667	398.25	194.25
alpha_rarefaction_3007_0.txt	3007	0	292.0	397.666666667	247.625	189.555555556	225.65	269.333333333	228.9375	350.193548387	259.555555556	206.807692308	375.428571429	239.541666667	189.666666667	228.875	172.588235294	272.8	232.375	313.235294118	354.5	255.5	137.05	286.0	196.576923077	214.75	215.235294118	217.235294118	271.157894737	413.24137931	217.8	272.909090909	221.666666667	243.533333333	266.375	391.682926829	355.875	333.789473684	359.130434783	532.454545455	291.565217391
alpha_rarefaction_3007_1.txt	3007	1	333.0	404.323529412	276.4	248.0	232.884615385	319.05	274.5	357.2	243.125	255.181818182	297.076923077	225.0	259.833333333	239.75	235.307692308	280.8	214.047619048	243.4	308.2	320.05	186.5	345.0	340.5	197.052631579	319.333333333	244.5	206.0	328.837837838	202.866666667	193.5	252.166666667	253.772727273	206.03030303	460.076923077	256.037037037	382.5	372.0	543.689655172	248.6
alpha_rarefaction_3007_2.txt	3007	2	331.8	374.181818182	311.230769231	185.5625	209.64	257.714285714	268.0	488.166666667	331.066666667	257.04	303.5	182.526315789	228.434782609	286.0	257.105263158	274.222222222	254.75	189.625	315.25	250.4	196.4	282.333333333	204.0	330.214285714	284.1	277.05	210.083333333	357.684210526	175.5625	288.909090909	249.066666667	243.387096774	254.222222222	396.620689655	250.538461538	258.037037037	408.833333333	424.695652174	254.0
alpha_rarefaction_3007_3.txt	3007	3	277.0	465.166666667	239.047619048	192.25	266.789473684	378.3	185.055555556	327.837837838	275.222222222	244.545454545	290.3125	264.666666667	242.55	224.047619048	282.866666667	549.0	174.333333333	194.875	320.647058824	278.12	182.0	236.25	276.916666667	204.666666667	214.75	199.37037037	284.4	358.6875	194.25	201.0	195.12	279.0	261.451612903	443.538461538	259.772727273	257.884615385	448.555555556	342.170731707	204.303030303
alpha_rarefaction_3007_4.txt	3007	4	288.24	363.976744186	228.652173913	159.235294118	209.5	354.333333333	168.130434783	415.75	365.0	297.869565217	198.035714286	375.833333333	270.583333333	318.526315789	176.416666667	345.043478261	174.055555556	236.12	318.875	245.043478261	187.153846154	241.882352941	257.541666667	295.882352941	264.0	264.5	234.0	367.529411765	208.25	200.230769231	270.217391304	248.0	263.136363636	369.567567568	318.235294118	253.545454545	431.55	440.885714286	258.777777778
alpha_rarefaction_3007_5.txt	3007	5	352.0	435.027777778	303.166666667	177.2	264.8	275.75	265.0625	449.555555556	336.260869565	324.15	249.0	230.105263158	229.65	244.473684211	204.25	308.235294118	261.5	264.333333333	327.652173913	274.333333333	239.428571429	243.772727273	213.0	313.125	173.588235294	260.75	241.090909091	373.25	179.153846154	141.047619048	206.772727273	237.896551724	194.869565217	500.888888889	210.444444444	283.142857143	317.416666667	400.777777778	310.25
alpha_rarefaction_3007_6.txt	3007	6	333.875	390.227272727	310.333333333	208.75	207.791666667	288.714285714	317.647058824	431.035714286	345.142857143	225.2	214.142857143	252.153846154	198.058823529	258.333333333	288.714285714	341.0	159.12	319.2	298.375	205.1875	168.894736842	268.789473684	340.476190476	242.894736842	225.9375	240.105263158	186.5625	361.56097561	173.714285714	199.230769231	198.8	217.076923077	273.5	408.0	236.076923077	267.0	364.303030303	495.03125	312.956521739
alpha_rarefaction_3007_7.txt	3007	7	263.181818182	388.941176471	338.5	211.0	267.8	267.615384615	211.0	397.5625	324.652173913	245.6	247.555555556	233.5	271.571428571	309.8125	227.526315789	331.066666667	234.55	247.0	286.142857143	282.142857143	199.352941176	319.153846154	265.652173913	276.0	189.875	233.5	202.5	390.689655172	200.4	193.4	237.545454545	224.666666667	200.032258065	368.418604651	256.454545455	274.8	429.0	484.2	242.884615385
alpha_rarefaction_3007_8.txt	3007	8	312.035714286	459.1	209.206896552	175.5	269.0	576.6	250.0	341.894736842	281.217391304	313.052631579	194.391304348	290.333333333	276.5	447.5	202.0	217.2	214.0	342.769230769	331.0	300.055555556	158.235294118	251.954545455	231.444444444	291.0	162.75	277.714285714	212.0	414.935483871	239.769230769	246.8	249.0	190.441176471	264.24	359.53125	274.391304348	259.3	345.0	396.875	311.476190476
alpha_rarefaction_3007_9.txt	3007	9	371.275862069	472.103448276	239.5	229.272727273	304.4375	275.789473684	372.909090909	420.84375	265.954545455	233.44	270.0	202.55	249.153846154	263.25	237.882352941	358.272727273	227.647058824	238.444444444	346.894736842	249.620689655	163.055555556	263.772727273	366.875	311.4375	292.333333333	253.153846154	240.0	391.5	200.461538462	190.083333333	269.526315789	291.75	366.125	403.387096774	225.033333333	247.620689655	450.954545455	574.714285714	258.5
alpha_rarefaction_4006_0.txt	4006	0	333.0	435.318181818	290.545454545	213.833333333	273.916666667	349.416666667	243.055555556	467.483870968	322.5	351.142857143	280.4	255.333333333	243.5	287.055555556	296.714285714	280.035714286	220.888888889	286.5	279.972972973	260.090909091	224.9375	289.730769231	430.625	355.473684211	241.105263158	271.434782609	177.0	371.222222222	237.055555556	226.636363636	290.391304348	237.277777778	271.0	489.058823529	289.84	429.9375	390.527777778	513.763157895	297.615384615
alpha_rarefaction_4006_1.txt	4006	1	371.027027027	634.184210526	286.913043478	228.0	289.333333333	364.8	255.352941176	438.6	319.272727273	392.652173913	253.857142857	231.125	263.894736842	243.444444444	200.486486486	366.6	248.0625	372.473684211	429.55	307.535714286	254.615384615	382.619047619	316.05	346.333333333	221.142857143	283.142857143	324.714285714	358.634146341	196.105263158	315.5	245.857142857	207.558139535	394.0	410.578947368	353.4	282.0	408.033333333	481.727272727	308.5
alpha_rarefaction_4006_2.txt	4006	2	318.090909091	563.0	296.535714286	173.588235294	338.473684211	364.4	253.636363636	427.757575758	323.8	281.25	303.3	308.047619048	237.12	322.875	328.875	314.076923077	212.217391304	327.5	327.2	264.363636364	214.157894737	361.333333333	290.565217391	325.235294118	299.0	429.090909091	287.75	393.609756098	249.428571429	269.0	272.035714286	252.285714286	261.181818182	578.823529412	311.291666667	267.533333333	360.5	421.732142857	260.620689655
alpha_rarefaction_4006_3.txt	4006	3	339.5	522.777777778	279.0	204.65	204.535714286	326.142857143	296.0	479.848484848	308.884615385	289.055555556	247.0	280.055555556	263.625	345.44	383.4	371.043478261	235.260869565	328.666666667	366.807692308	362.136363636	198.176470588	346.384615385	265.0	353.894736842	267.166666667	302.15	325.714285714	469.75	210.071428571	156.076923077	275.035714286	217.736842105	321.833333333	524.170731707	306.0	277.965517241	390.0	446.117647059	284.37037037
alpha_rarefaction_4006_4.txt	4006	4	310.363636364	516.527777778	449.789473684	276.230769231	274.75	354.0	379.866666667	414.363636364	329.25	262.666666667	317.454545455	242.0	451.2	234.551724138	344.894736842	430.055555556	268.136363636	318.25	428.476190476	318.857142857	200.44	349.368421053	303.956521739	253.772727273	328.153846154	265.894736842	199.034482759	385.902439024	284.058823529	203.65	282.142857143	320.5	240.083333333	510.8	309.615384615	269.870967742	400.75	484.488372093	279.7
alpha_rarefaction_4006_5.txt	4006	5	334.5	430.56	349.260869565	234.055555556	281.142857143	339.15	414.75	414.666666667	355.0	278.0	261.555555556	174.774193548	260.260869565	330.166666667	262.0	303.6	211.142857143	276.965517241	418.8	306.5	200.555555556	286.157894737	307.391304348	430.0	251.166666667	314.8125	379.0	432.222222222	274.0	283.076923077	294.884615385	248.0625	271.0	457.22	372.434782609	352.37037037	445.757575758	469.319148936	275.260869565
alpha_rarefaction_4006_6.txt	4006	6	309.333333333	422.5	287.12	296.333333333	336.105263158	424.055555556	219.666666667	558.785714286	316.44	373.043478261	246.576923077	289.4	280.772727273	386.619047619	256.555555556	388.285714286	340.083333333	266.12	433.956521739	343.3	264.5	267.538461538	332.217391304	428.0	245.25	294.5	238.884615385	370.125	210.5	278.176470588	216.724137931	224.157894737	226.028571429	455.133333333	299.714285714	281.24137931	416.25	577.166666667	270.285714286
alpha_rarefaction_4006_7.txt	4006	7	306.375	591.617647059	322.75	197.875	275.24	339.037037037	304.15	375.916666667	313.076923077	317.0	432.235294118	327.153846154	256.9	387.555555556	330.434782609	278.0	228.5	354.045454545	407.333333333	276.37037037	200.352941176	264.615384615	293.5	292.714285714	286.052631579	315.555555556	331.0	420.025641026	221.217391304	176.25	329.125	278.451612903	243.416666667	529.076923077	345.25	321.230769231	383.1	567.085714286	281.896551724
alpha_rarefaction_4006_8.txt	4006	8	273.023809524	511.325	358.476190476	256.071428571	267.0	301.677419355	278.217391304	537.24	356.75	339.037037037	274.714285714	258.75	246.137931034	278.857142857	292.045454545	381.681818182	227.666666667	279.857142857	423.476190476	379.833333333	158.24	322.05	267.551724138	320.117647059	211.454545455	264.368421053	198.136363636	372.130434783	271.0625	274.0	257.777777778	282.903225806	265.035714286	607.724137931	323.166666667	367.0	377.27027027	616.527777778	273.896551724
alpha_rarefaction_4006_9.txt	4006	9	428.111111111	526.6	309.307692308	241.0	246.033333333	363.4	248.0	502.2	346.2	239.0	326.526315789	259.333333333	222.965517241	332.05	287.956521739	275.777777778	280.157894737	300.5	410.0	422.0	219.25	288.24	249.6	300.05	228.3125	224.181818182	199.555555556	424.083333333	257.043478261	291.588235294	276.0625	272.5	278.757575758	482.75	292.607142857	291.037037037	388.341463415	528.170731707	294.517241379
alpha_rarefaction_5005_0.txt	5005	0	411.441176471	546.018867925	331.0	279.058823529	268.294117647	288.783783784	283.166666667	435.0	383.129032258	380.8	386.3	272.434782609	347.882352941	368.894736842	313.555555556	460.2	244.037037037	381.043478261	397.5	404.285714286	335.615384615	352.285714286	672.909090909	275.434782609	242.545454545	408.0	291.714285714	427.046511628	232.652173913	279.058823529	379.681818182	215.065217391	267.4375	515.365384615	383.0	335.117647059	423.782608696	602.416666667	308.0
alpha_rarefaction_5005_1.txt	5005	1	327.222222222	544.306122449	334.517241379	270.789473684	264.5	429.714285714	255.6	472.483870968	368.12	320.884615385	305.666666667	250.625	353.666666667	431.391304348	251.6	416.794117647	283.166666667	438.647058824	548.217391304	410.416666667	214.913043478	364.041666667	350.115384615	277.34375	245.043478261	335.5	316.142857143	459.666666667	269.0	222.954545455	276.04	277.0	265.023255814	502.651162791	396.357142857	367.285714286	455.523809524	605.323529412	274.275862069
alpha_rarefaction_5005_2.txt	5005	2	344.487179487	526.0	344.0	245.476190476	267.25	428.65	262.037037037	436.651162791	413.619047619	306.363636364	328.12	298.636363636	292.125	300.103448276	305.37037037	280.023255814	312.0	398.913043478	388.272727273	279.941176471	223.333333333	324.64	306.90625	305.05	275.789473684	369.058823529	237.615384615	480.675675676	257.714285714	323.125	357.25	231.9	284.153846154	493.630434783	325.5	352.588235294	437.285714286	565.788461538	309.5
alpha_rarefaction_5005_3.txt	5005	3	349.325	490.894736842	380.272727273	322.833333333	310.576923077	379.1	228.666666667	479.483870968	439.206896552	334.037037037	268.555555556	243.260869565	272.538461538	410.875	298.5	340.5	318.0	305.0	647.75	344.0	282.230769231	344.464285714	290.184210526	298.37037037	367.909090909	282.75	299.0	466.222222222	272.652173913	212.333333333	320.565217391	250.651162791	241.52	650.486486486	345.0	328.956521739	515.763157895	553.782608696	273.464285714
alpha_rarefaction_5005_4.txt	5005	4	375.451612903	439.75	325.034482759	226.3125	264.107142857	382.117647059	292.0	537.5	433.84	285.088235294	240.903225806	289.037037037	340.136363636	501.25	381.142857143	363.7	300.055555556	317.307692308	385.137931034	400.636363636	231.2	383.285714286	303.0	394.176470588	243.75	328.0	204.576923077	509.03125	248.0	241.043478261	355.25	303.15625	279.527777778	640.0	287.181818182	340.028571429	546.666666667	554.47826087	351.037037037
alpha_rarefaction_5005_5.txt	5005	5	467.115384615	463.555555556	305.714285714	233.647058824	320.6	305.5	366.476190476	460.027777778	352.724137931	323.076923077	283.12	380.058823529	237.142857143	293.433333333	345.75	297.7	262.352941176	306.206896552	431.384615385	292.0	208.714285714	377.833333333	311.84	333.0	254.25	391.526315789	284.217391304	516.813953488	344.285714286	282.05	336.272727273	242.333333333	306.0	536.058823529	355.25	389.137931034	594.607142857	501.625	317.277777778
alpha_rarefaction_5005_6.txt	5005	6	357.171428571	512.840909091	326.777777778	253.0	315.956521739	331.052631579	339.928571429	457.447368421	351.724137931	341.5	325.647058824	288.375	300.5	326.032258065	344.5	371.0	250.25	299.363636364	404.272727273	348.64	342.588235294	486.0	383.357142857	283.0	257.772727273	300.6	320.117647059	469.885714286	268.176470588	330.714285714	284.5	291.0	274.184210526	476.358490566	277.736842105	273.153846154	406.022222222	585.085714286	303.5625
alpha_rarefaction_5005_7.txt	5005	7	380.588235294	644.947368421	364.25	272.333333333	388.789473684	334.6	218.75	425.3125	355.0	327.323529412	351.130434783	260.352941176	288.161290323	286.5	369.260869565	374.444444444	225.888888889	312.869565217	428.517241379	310.5	227.526315789	443.789473684	316.076923077	376.434782609	325.15	335.64	301.714285714	388.0	234.315789474	212.517241379	276.615384615	297.026315789	282.636363636	524.5	339.483870968	365.888888889	543.405405405	520.063829787	297.125
alpha_rarefaction_5005_8.txt	5005	8	449.076923077	528.357142857	268.516129032	228.5	298.75	343.666666667	334.789473684	475.625	365.666666667	285.0	319.25	283.545454545	272.541666667	286.7	293.545454545	348.64	331.0	361.384615385	364.625	318.6	243.882352941	334.5	277.870967742	301.12	253.0	315.391304348	252.076923077	387.8	274.25	278.125	312.44	331.676470588	308.222222222	545.571428571	356.7	393.0	420.0	606.30952381	305.344827586
alpha_rarefaction_5005_9.txt	5005	9	340.333333333	602.512195122	247.263157895	219.954545455	284.136363636	357.551724138	251.0	514.333333333	329.714285714	249.181818182	383.789473684	326.05	300.6	342.652173913	370.384615385	360.2	258.772727273	292.774193548	335.12	362.433333333	198.714285714	385.555555556	244.125	304.25	260.04	475.076923077	331.3	437.318181818	303.3	253.076923077	323.681818182	287.451612903	270.736842105	491.388888889	358.137931034	359.888888889	547.303030303	504.266666667	318.903225806
alpha_rarefaction_6004_0.txt	6004	0	356.659574468	637.666666667	319.277777778	264.894736842	312.111111111	380.028571429	309.7	404.105263158	378.730769231	323.15625	353.538461538	282.0	257.848484848	274.0	340.551724138	365.483870968	301.12	383.24	378.052631579	445.034482759	353.368421053	409.724137931	407.913043478	386.0	288.607142857	393.714285714	338.0	521.303030303	293.217391304	249.033333333	337.6	330.263157895	326.837837838	555.934782609	334.5	365.322580645	379.01754386	578.678571429	341.636363636
alpha_rarefaction_6004_1.txt	6004	1	373.926829268	594.32	391.848484848	233.4	299.037037037	348.6	337.5	506.097560976	377.303030303	388.620689655	313.034482759	245.75	352.888888889	322.090909091	318.576923077	397.964285714	271.541666667	428.0	473.375	477.2	306.05	415.035714286	457.791666667	409.4	278.625	341.032258065	227.416666667	443.525	278.25	280.4	340.217391304	277.340909091	270.323529412	612.133333333	356.730769231	333.0	499.066666667	570.637931034	400.384615385
alpha_rarefaction_6004_2.txt	6004	2	432.75	544.125	367.875	276.333333333	352.0	381.588235294	306.794117647	531.923076923	475.076923077	460.791666667	373.041666667	460.588235294	258.6	347.5	331.6	395.657894737	306.391304348	432.6	491.8	327.026315789	260.615384615	362.689655172	361.0	317.032258065	295.956521739	275.5	278.434782609	497.727272727	310.391304348	245.444444444	335.941176471	303.21875	332.459459459	614.769230769	334.071428571	384.5	493.306122449	533.0	372.8
alpha_rarefaction_6004_3.txt	6004	3	396.285714286	509.519230769	365.7	281.0	306.363636364	415.833333333	392.125	520.923076923	371.433333333	403.230769231	405.157894737	381.041666667	254.888888889	408.636363636	372.666666667	483.434782609	264.368421053	365.96875	336.027777778	390.043478261	257.5	474.444444444	391.428571429	357.333333333	245.545454545	297.037037037	253.6	507.636363636	360.5	348.588235294	355.551724138	307.75	348.833333333	533.5	344.888888889	434.636363636	482.022222222	595.558139535	351.59375
alpha_rarefaction_6004_4.txt	6004	4	439.052631579	566.25	349.333333333	355.0	332.117647059	478.538461538	310.636363636	579.263157895	468.384615385	348.785714286	314.533333333	246.689655172	302.344827586	326.558823529	418.166666667	408.081081081	256.772727273	346.181818182	404.666666667	302.184210526	263.0	365.903225806	397.666666667	365.136363636	293.5	397.619047619	332.526315789	449.222222222	283.037037037	214.2	408.25	277.456521739	297.837837838	645.025	309.571428571	415.535714286	458.170212766	528.245283019	349.5
alpha_rarefaction_6004_5.txt	6004	5	442.129032258	607.256410256	391.620689655	271.333333333	296.029411765	346.090909091	321.2	397.88372093	404.516129032	359.322580645	338.666666667	307.12	300.675675676	318.884615385	349.44	418.363636364	229.0	321.0	665.352941176	439.869565217	228.954545455	383.0	306.0	355.730769231	325.12	391.142857143	248.689655172	480.765957447	366.333333333	254.541666667	313.441176471	274.15	263.078947368	722.303030303	307.0	326.166666667	467.146341463	574.631578947	335.96875
alpha_rarefaction_6004_6.txt	6004	6	404.076923077	725.4	340.027777778	237.5	322.096774194	377.625	341.965517241	518.916666667	447.5	346.517241379	454.055555556	301.111111111	328.05	328.5	352.7	402.558823529	429.066666667	346.0	341.75	325.193548387	228.5	414.0	355.551724138	284.136363636	284.772727273	394.789473684	286.037037037	431.518518519	239.652173913	270.538461538	380.055555556	251.534883721	300.340909091	565.170212766	300.0	311.097560976	530.47826087	684.136363636	346.323529412
alpha_rarefaction_6004_7.txt	6004	7	395.4	593.0	413.038461538	300.166666667	379.681818182	387.333333333	322.555555556	510.219512195	376.677419355	332.034482759	320.272727273	332.5	307.956521739	335.344827586	406.875	348.642857143	214.44	316.621621622	449.034482759	369.236842105	299.0	451.772727273	396.230769231	279.24137931	284.724137931	292.9375	351.75	437.518518519	303.0	314.666666667	316.222222222	317.135135135	245.857142857	601.162790698	370.375	346.117647059	504.046511628	630.117647059	397.384615385
alpha_rarefaction_6004_8.txt	6004	8	468.1	480.508196721	368.236842105	317.0	265.0	434.6	257.71875	555.170731707	413.0	351.5	278.777777778	276.857142857	299.4	311.677419355	270.387096774	355.6	275.714285714	326.848484848	364.5	410.387096774	296.352941176	498.043478261	356.285714286	411.166666667	328.875	448.954545455	236.181818182	447.046511628	246.125	279.25	344.037037037	304.052631579	321.675675676	569.022222222	327.459459459	345.941176471	491.348837209	602.468085106	255.790697674
alpha_rarefaction_6004_9.txt	6004	9	370.5	603.607142857	406.038461538	268.833333333	341.05	445.333333333	327.681818182	496.127659574	313.837837838	389.1	332.291666667	268.434782609	334.913043478	375.045454545	362.84	504.0	247.84	368.236842105	448.476190476	412.416666667	289.5	313.034482759	452.565217391	305.222222222	277.260869565	368.84	314.576923077	474.666666667	254.647058824	262.368421053	401.55	286.0	304.675675676	512.3	319.533333333	339.333333333	500.775	577.018181818	314.5
alpha_rarefaction_7003_0.txt	7003	0	361.170212766	648.25	431.2	296.956521739	315.487179487	423.076923077	276.941176471	503.529411765	359.108108108	382.896551724	413.037037037	320.37037037	302.5625	393.0	317.322580645	408.117647059	405.0	374.7	389.097560976	455.677419355	313.0	458.64	361.428571429	353.756756757	395.913043478	341.615384615	288.517241379	574.523809524	252.84	352.285714286	415.416666667	277.170212766	341.108108108	650.638297872	313.625	376.25	472.75	643.981132075	408.90625
alpha_rarefaction_7003_1.txt	7003	1	339.021276596	675.139534884	414.365853659	268.7	334.837837838	395.090909091	382.0	544.0	412.275862069	481.75	330.476190476	301.0	328.37037037	386.1	423.451612903	437.28125	305.375	348.8	373.133333333	445.757575758	255.625	385.0	396.964285714	380.964285714	392.9	344.833333333	356.066666667	604.857142857	341.652173913	350.0	430.545454545	311.857142857	283.466666667	662.153846154	291.0	410.5	557.756756757	668.893617021	331.25
alpha_rarefaction_7003_2.txt	7003	2	430.0	627.468085106	510.625	291.75	328.636363636	538.333333333	331.64	595.263157895	432.724137931	399.5625	381.041666667	304.0	345.5	428.121212121	354.0	378.738095238	288.714285714	398.5625	476.090909091	391.085714286	272.035714286	308.692307692	375.75	362.8125	315.956521739	397.04	308.0	487.157894737	296.4	269.130434783	403.0	297.571428571	307.0	579.170212766	438.0	389.538461538	480.826086957	688.0	335.625
alpha_rarefaction_7003_3.txt	7003	3	426.163265306	690.957446809	404.0	288.1875	289.375	416.916666667	347.24137931	542.0	419.75	299.394736842	407.0	303.277777778	366.285714286	396.533333333	400.125	410.428571429	349.047619048	332.487179487	615.0	332.6	351.571428571	398.041666667	411.823529412	373.774193548	375.137931034	346.181818182	307.034482759	580.153846154	408.565217391	265.12	351.5	259.611111111	294.217391304	536.444444444	326.825	375.142857143	456.7	652.631578947	384.857142857
alpha_rarefaction_7003_4.txt	7003	4	375.553191489	448.083333333	421.038461538	288.4	249.4	422.181818182	299.5625	586.081081081	396.162162162	397.137931034	276.238095238	393.526315789	439.136363636	328.5	393.777777778	432.405405405	309.375	405.387096774	449.4375	391.085714286	319.25	367.27027027	458.75	438.956521739	341.0	318.034482759	354.260869565	503.512195122	352.5	319.777777778	335.103448276	269.263157895	302.0	466.1	363.875	388.588235294	608.416666667	606.018181818	318.636363636
alpha_rarefaction_7003_5.txt	7003	5	453.447368421	656.566037736	426.28125	325.454545455	347.5	427.75	316.026315789	502.519230769	350.078947368	429.121212121	312.885714286	292.5	391.384615385	318.833333333	431.875	371.916666667	384.0	388.941176471	464.40625	507.193548387	229.24137931	431.875	365.193548387	363.12	264.5	365.0	278.551724138	560.825	267.0	308.956521739	365.115384615	301.071428571	295.25	669.375	341.181818182	349.871794872	462.92	614.01754386	358.078947368
alpha_rarefaction_7003_6.txt	7003	6	476.428571429	542.037735849	439.035714286	432.5	345.096774194	415.117647059	280.5	664.916666667	387.8125	418.757575758	343.6	355.045454545	307.428571429	303.783783784	429.391304348	426.181818182	285.538461538	288.256410256	521.0	312.068181818	228.444444444	435.7	390.7	371.451612903	308.5	345.64	395.142857143	546.0	346.464285714	296.6	363.677419355	280.375	314.363636364	591.054545455	337.783783784	375.772727273	510.06	600.175438596	343.277777778
alpha_rarefaction_7003_7.txt	7003	7	526.076923077	563.220338983	362.486486486	243.896551724	331.8125	369.372093023	450.25	637.0	410.285714286	362.090909091	370.84	309.375	371.043478261	400.323529412	355.24137931	482.032258065	358.6	337.243243243	497.617647059	413.896551724	310.588235294	389.516129032	450.12	340.428571429	341.2	295.0	275.04	513.022222222	278.260869565	309.375	424.037037037	274.142857143	287.142857143	602.113207547	423.84375	370.9	486.595744681	749.020833333	365.6
alpha_rarefaction_7003_8.txt	7003	8	424.0	570.381818182	403.848484848	251.5	325.193548387	408.162162162	405.157894737	540.775	367.634146341	347.459459459	405.37037037	296.4	410.142857143	328.441176471	364.416666667	446.236842105	281.857142857	306.486486486	646.333333333	338.4	308.3125	338.6	354.263157895	376.785714286	297.714285714	367.416666667	370.0	539.923076923	310.869565217	256.5	320.103448276	294.022727273	294.068181818	656.538461538	364.677419355	340.208333333	454.738095238	559.590909091	370.529411765
alpha_rarefaction_7003_9.txt	7003	9	413.630434783	556.161290323	449.44	280.652173913	298.525	412.033333333	339.333333333	686.75	347.027777778	340.4	404.115384615	315.090909091	356.136363636	355.107142857	344.325	364.487179487	309.045454545	380.84	500.038461538	372.777777778	360.894736842	387.526315789	359.193548387	436.291666667	392.125	376.25	393.125	502.642857143	372.058823529	296.6	403.115384615	274.865384615	296.222222222	600.125	339.695652174	386.0	516.222222222	616.181818182	343.6
alpha_rarefaction_8002_0.txt	8002	0	448.977272727	745.75	421.8	314.391304348	360.53125	529.756756757	378.4	580.557692308	393.738095238	356.170731707	433.933333333	360.028571429	407.954545455	421.025641026	445.5	503.303030303	373.25	363.552631579	591.0	426.117647059	287.4	518.037037037	333.135135135	381.028571429	377.272727273	337.571428571	309.037037037	491.559322034	357.260869565	297.0	387.620689655	272.625	329.113207547	553.655737705	330.456521739	358.790697674	587.8	659.254237288	390.483870968
alpha_rarefaction_8002_1.txt	8002	1	556.857142857	655.163265306	403.153846154	370.0	298.571428571	519.03030303	370.275862069	544.915254237	592.714285714	527.275862069	489.285714286	338.032258065	381.15625	362.692307692	362.285714286	437.857142857	255.617647059	309.023255814	483.941176471	436.756756757	407.272727273	520.275862069	454.0	402.363636364	496.0	375.303030303	339.181818182	616.157894737	300.714285714	351.857142857	327.6	299.058823529	295.818181818	685.87755102	334.317073171	395.923076923	648.0	559.213333333	344.076923077
alpha_rarefaction_8002_2.txt	8002	2	488.243243243	623.037735849	363.634146341	257.0	337.848484848	434.75	413.75	555.018518519	393.6875	429.441176471	413.37037037	351.322580645	549.882352941	387.527777778	511.954545455	542.903225806	406.12	384.45	507.303030303	434.75	427.071428571	385.666666667	449.428571429	332.103448276	313.5	391.90625	264.774193548	535.12244898	402.619047619	391.619047619	361.724137931	297.1	280.701754386	689.882352941	355.192307692	335.06	519.769230769	695.015384615	341.333333333
alpha_rarefaction_8002_3.txt	8002	3	436.769230769	675.5625	475.322580645	290.913043478	328.416666667	421.733333333	407.37037037	669.636363636	437.441176471	363.0	421.965517241	383.0	349.0	346.837837838	355.0	461.027777778	249.5	403.153846154	471.625	422.0	249.375	462.0	392.15625	383.676470588	359.115384615	369.41025641	279.275862069	588.734693878	375.4	287.7	387.785714286	333.157894737	293.857142857	669.772727273	340.790697674	407.80952381	550.956521739	579.844827586	369.108108108
alpha_rarefaction_8002_4.txt	8002	4	630.307692308	617.052631579	430.405405405	314.714285714	316.25	430.5	283.757575758	579.058823529	423.666666667	395.451612903	449.677419355	292.0	375.888888889	437.774193548	344.028571429	465.066666667	321.375	424.757575758	460.5	379.142857143	262.12	384.763157895	345.571428571	428.0	287.724137931	514.75	353.5	614.125	326.714285714	283.035714286	336.837837838	269.06	296.277777778	586.303571429	330.113207547	360.238095238	530.5	646.238095238	365.071428571
alpha_rarefaction_8002_5.txt	8002	5	416.8	606.470588235	419.428571429	331.315789474	340.303030303	457.416666667	318.794117647	676.227272727	470.0	381.25	432.636363636	384.964285714	364.833333333	552.730769231	404.04	564.5	363.84	395.717948718	485.571428571	423.657894737	279.625	413.551724138	375.5	407.34375	299.125	391.620689655	291.0	559.634146341	310.884615385	396.038461538	383.384615385	265.153846154	319.418181818	679.163265306	380.4	351.5	500.529411765	655.482142857	399.333333333
alpha_rarefaction_8002_6.txt	8002	6	437.146341463	593.666666667	505.032258065	292.217391304	321.076923077	412.081081081	366.115384615	572.170731707	451.47826087	464.807692308	357.5	292.724137931	339.103448276	494.0	426.516129032	429.575	326.103448276	498.0	513.193548387	522.483870968	306.9375	433.0	377.428571429	333.857142857	412.5	315.588235294	270.583333333	548.518518519	423.0	464.588235294	326.5	301.517241379	283.352941176	544.615384615	345.97826087	382.571428571	666.428571429	582.761904762	397.666666667
alpha_rarefaction_8002_7.txt	8002	7	412.0	622.758064516	408.0	291.217391304	324.75	399.609756098	448.807692308	661.024390244	356.275	416.689655172	332.96875	439.052631579	318.0	400.571428571	369.5	512.7	296.12	396.666666667	414.027027027	525.275862069	296.956521739	387.0	372.529411765	407.25	295.2	377.444444444	325.25	511.06	347.193548387	298.0	405.689655172	281.725490196	336.56097561	646.02173913	461.363636364	368.666666667	630.352941176	657.846153846	403.085714286
alpha_rarefaction_8002_8.txt	8002	8	401.352941176	681.434782609	460.125	304.5	310.394736842	480.777777778	345.7	531.245283019	370.090909091	456.161290323	381.333333333	286.25	360.107142857	421.25	468.916666667	461.903225806	455.65	395.4	424.34375	388.357142857	290.105263158	377.625	373.372093023	387.21875	388.0	433.0	280.294117647	552.283018868	428.833333333	330.615384615	486.0	273.428571429	282.672413793	658.444444444	359.188679245	330.396226415	531.5	704.185185185	401.162162162
alpha_rarefaction_8002_9.txt	8002	9	359.5	593.578125	425.916666667	301.12	333.117647059	447.486486486	410.75	575.558139535	410.2	487.135135135	350.794117647	313.277777778	427.038461538	344.441860465	472.206896552	553.037037037	318.607142857	468.666666667	508.607142857	449.037037037	341.047619048	390.0	360.5	349.794117647	325.636363636	311.2	455.954545455	765.161290323	321.44	387.04	428.037037037	285.117647059	296.6	633.181818182	377.527777778	363.12195122	560.195652174	693.109090909	360.027777778
alpha_rarefaction_9001_0.txt	9001	0	418.133333333	736.773584906	509.026315789	303.0	313.068181818	556.037037037	437.0	667.153846154	451.567567568	491.076923077	402.090909091	286.285714286	366.2	471.0	532.5	470.5	303.181818182	366.659574468	464.571428571	616.75	287.0	553.785714286	422.857142857	338.0	348.7	452.222222222	480.5	580.765957447	411.045454545	311.884615385	447.0	287.78125	304.631578947	615.652173913	376.372093023	394.833333333	619.097560976	679.671641791	376.558139535
alpha_rarefaction_9001_1.txt	9001	1	612.724137931	665.238095238	559.6	256.230769231	307.216216216	507.028571429	371.8125	555.826086957	488.675675676	446.833333333	523.444444444	316.65	393.620689655	565.785714286	368.447368421	530.03125	361.538461538	353.731707317	496.45	389.666666667	334.05	467.294117647	393.529411765	370.15	416.0	470.384615385	397.935483871	499.052631579	363.043478261	304.666666667	400.027027027	306.56	336.341463415	784.2	396.666666667	428.6	616.458333333	637.904761905	447.75
alpha_rarefaction_9001_2.txt	9001	2	453.936170213	582.151515152	431.578947368	285.0	318.65	610.344827586	379.903225806	505.084745763	438.857142857	517.888888889	388.454545455	410.935483871	362.5	406.0	417.0	445.348837209	345.833333333	364.263157895	468.875	409.630434783	330.454545455	393.384615385	439.75	460.294117647	292.529411765	372.692307692	274.416666667	483.75	469.0	307.243243243	401.794117647	314.078431373	282.305084746	660.175438596	394.357142857	409.0	571.056603774	612.041666667	326.319148936
alpha_rarefaction_9001_3.txt	9001	3	405.833333333	624.38028169	556.033333333	361.588235294	346.275	432.5	410.363636364	723.127659574	424.285714286	348.022727273	404.516129032	358.5	343.8125	450.333333333	446.71875	645.176470588	296.6	390.028571429	466.875	421.512195122	287.7	333.5	430.78125	423.894736842	395.041666667	433.625	312.483870968	611.553191489	353.2	373.785714286	503.130434783	272.666666667	292.25862069	769.306122449	366.882352941	368.071428571	491.266666667	644.590163934	334.915254237
alpha_rarefaction_9001_4.txt	9001	4	465.659574468	592.838235294	590.037037037	320.954545455	316.692307692	423.575	371.8125	757.622222222	576.441176471	490.941176471	357.0	344.0	322.428571429	487.46875	464.1	597.162162162	336.037037037	398.527777778	624.222222222	456.666666667	332.25	406.022222222	389.028571429	356.676470588	309.341463415	363.731707317	408.896551724	575.47826087	412.625	356.37037037	375.8125	289.263157895	340.466666667	591.397058824	362.625	385.882352941	519.807692308	636.388888889	405.677419355
alpha_rarefaction_9001_5.txt	9001	5	426.52173913	690.098360656	402.625	354.5	330.046511628	478.75	412.222222222	547.56	383.486486486	364.117647059	449.677419355	427.107142857	393.7	402.081081081	487.517241379	549.567567568	416.25	475.675675676	488.294117647	476.885714286	314.44	390.27027027	450.6	322.692307692	318.375	413.34375	348.5	514.631578947	318.5	423.115384615	319.609756098	316.208333333	307.58490566	700.095238095	384.666666667	421.75	610.142857143	630.04	423.323529412
alpha_rarefaction_9001_6.txt	9001	6	401.882352941	672.75862069	399.0	291.111111111	382.0	453.256410256	458.047619048	740.4	517.384615385	489.941176471	379.96875	337.117647059	370.2	541.171428571	371.6875	431.0	333.6	456.666666667	553.405405405	415.0	360.05	458.243243243	474.243243243	359.5	364.12	406.21875	332.956521739	638.914893617	372.25	287.181818182	436.4375	285.017857143	289.666666667	750.32	377.818181818	337.12244898	629.25	667.681818182	366.019230769
alpha_rarefaction_9001_7.txt	9001	7	437.0	688.0	465.222222222	309.0	355.53125	422.886363636	329.558823529	684.1875	467.451612903	404.5	388.7	346.5	366.107142857	428.2	428.181818182	384.886363636	299.916666667	486.357142857	437.651162791	379.294117647	380.333333333	410.558823529	368.325	304.357142857	359.166666667	379.7	276.025	537.818181818	350.965517241	234.0	448.206896552	298.962264151	278.0	683.548387097	391.8	356.923076923	557.615384615	694.161764706	392.916666667
alpha_rarefaction_9001_8.txt	9001	8	415.307692308	736.666666667	472.034482759	363.214285714	330.0	475.894736842	328.275	660.024390244	515.441176471	491.617647059	446.0	379.666666667	350.263157895	491.823529412	461.2	492.46875	428.0	444.5	424.638297872	434.657894737	301.344827586	380.405405405	435.25	359.947368421	406.0	794.0	295.216216216	609.75	335.032258065	274.5	414.666666667	267.068965517	257.142857143	638.225806452	361.375	386.318181818	564.765957447	631.333333333	352.456521739
alpha_rarefaction_9001_9.txt	9001	9	488.552631579	665.0	411.357142857	347.130434783	315.666666667	522.487179487	419.2	700.448979592	464.486486486	423.558823529	359.216216216	293.088235294	359.588235294	384.0	436.588235294	485.0	292.7	406.256410256	498.6	416.526315789	305.956521739	427.256410256	491.103448276	399.34375	419.12	518.6	341.75	484.0	473.047619048	353.5	385.5	324.12244898	325.42	666.741935484	340.5	326.078431373	594.736842105	720.132075472	374.75
alpha_rarefaction_10000_0.txt	10000	0	466.222222222	652.943661972	690.0	440.117647059	352.731707317	484.636363636	326.95	641.037735849	484.692307692	375.97826087	447.333333333	360.724137931	379.142857143	438.234042553	446.451612903	502.15	362.260869565	392.023809524	723.677419355	381.12195122	339.615384615	451.146341463	495.090909091	365.125	342.0	401.583333333	440.875	589.557692308	365.857142857	283.5	393.162162162	298.872727273	305.1	668.5	486.078947368	412.666666667	665.255319149	646.966666667	355.046511628
alpha_rarefaction_10000_1.txt	10000	1	481.108695652	671.029850746	433.046511628	254.125	362.263157895	452.8	444.107142857	621.255319149	493.894736842	512.454545455	386.405405405	341.571428571	377.03030303	463.0	444.5	583.935483871	409.038461538	406.676470588	602.071428571	429.777777778	318.0	450.571428571	495.6	438.038461538	356.53125	392.588235294	395.533333333	597.0	371.7	333.103448276	490.333333333	277.9375	306.918032787	750.701754386	396.352941176	397.282608696	677.06	744.430769231	382.170731707
alpha_rarefaction_10000_2.txt	10000	2	485.826086957	711.567567568	460.5	296.142857143	332.477272727	494.727272727	378.677419355	795.733333333	443.166666667	444.525	487.323529412	395.527777778	350.317073171	442.642857143	523.888888889	491.52173913	343.6875	556.875	528.527777778	417.2	318.37037037	482.46875	433.0	395.571428571	387.666666667	401.90625	343.0	603.109090909	364.965517241	415.181818182	414.117647059	291.559322034	282.018518519	741.564516129	338.568965517	442.0	534.551724138	674.95890411	416.609756098
alpha_rarefaction_10000_3.txt	10000	3	536.833333333	661.588235294	442.525	255.0	377.775	657.103448276	417.78125	595.8	594.25	420.875	440.121212121	315.451612903	377.775	456.774193548	404.027027027	469.957446809	342.344827586	383.022222222	578.0	486.692307692	415.5	423.27027027	506.303030303	380.875	301.181818182	432.965517241	480.545454545	602.47826087	355.965517241	323.076923077	457.71875	295.660377358	338.411764706	731.153846154	390.625	421.382978723	676.833333333	667.635135135	376.857142857
alpha_rarefaction_10000_4.txt	10000	4	476.395833333	763.333333333	362.782608696	414.157894737	310.294117647	462.222222222	426.5	623.685185185	382.238095238	627.111111111	451.181818182	485.303030303	366.096774194	362.204081633	417.578947368	497.357142857	402.041666667	413.384615385	515.384615385	405.1875	335.217391304	434.894736842	476.875	395.527777778	379.529411765	373.0	347.64	704.1875	307.757575758	363.085714286	522.0	318.782608696	279.385964912	778.5	391.666666667	418.382978723	632.886363636	670.203125	360.625
alpha_rarefaction_10000_5.txt	10000	5	556.333333333	692.254237288	533.75	379.454545455	327.222222222	540.4	468.0	633.0	395.318181818	427.25	403.666666667	343.459459459	395.052631579	462.161290323	448.717948718	550.03030303	425.0	465.486486486	485.319148936	412.52173913	317.576923077	399.2	509.285714286	445.0	342.487179487	409.666666667	386.7	655.8	306.517241379	448.8	463.2	310.448979592	303.936170213	674.846153846	352.491803279	387.659574468	596.275862069	698.780821918	415.527777778
alpha_rarefaction_10000_6.txt	10000	6	509.488372093	617.126760563	473.2	338.454545455	335.636363636	560.454545455	533.454545455	671.153846154	489.833333333	439.75	440.28125	364.0	355.078947368	484.294117647	344.825	625.774193548	398.275862069	450.384615385	564.41025641	444.028571429	329.0	434.136363636	421.428571429	337.228571429	266.083333333	384.27027027	324.903225806	621.5	308.692307692	374.275862069	441.176470588	294.958333333	321.942307692	719.590163934	418.875	408.976744186	578.019607843	689.044117647	414.5
alpha_rarefaction_10000_7.txt	10000	7	477.857142857	615.178082192	415.609756098	327.230769231	339.578947368	453.136363636	363.107142857	661.678571429	374.790697674	484.692307692	458.684210526	370.0	330.333333333	424.8	465.294117647	497.777777778	382.137931034	419.941176471	525.441176471	492.941176471	333.142857143	373.56	474.088235294	447.0	387.125	393.676470588	354.7	626.192307692	365.551724138	376.125	442.933333333	288.448275862	306.20754717	725.0	417.0	373.3125	533.109090909	647.038961039	375.068181818
alpha_rarefaction_10000_8.txt	10000	8	541.5	641.279411765	465.783783784	350.0	367.9	503.0	422.757575758	623.365384615	427.590909091	475.459459459	430.285714286	317.477272727	366.794117647	395.926829268	457.2	492.885714286	350.03030303	470.885714286	580.609756098	443.738095238	291.857142857	463.692307692	408.657894737	463.692307692	293.947368421	400.941176471	401.0	786.642857143	337.303030303	362.433333333	401.848484848	316.307692308	286.310344828	682.430769231	395.87755102	400.666666667	534.766666667	651.966666667	407.56097561
alpha_rarefaction_10000_9.txt	10000	9	484.645833333	626.342105263	480.32	398.3	349.871794872	524.763157895	390.454545455	559.0	409.02173913	491.875	427.028571429	356.277777778	453.206896552	499.675675676	432.571428571	584.157894737	345.333333333	377.0	619.075	459.5	280.757575758	396.8	411.590909091	464.791666667	376.303030303	383.8125	356.785714286	606.645833333	353.517241379	387.0	387.738095238	272.092307692	285.448275862	706.966666667	392.386363636	406.784313725	625.914893617	603.833333333	379.871794872