	sequences per sample	iteration	565	527	530	552	556	542	575	547	532	540	571	581	580	535	536	531	557	562	537	560	555	577	541	570	576	561	582	545	550	551	572	521	520	525	522	566	546	526	567
alpha_rarefaction_10_0.txt	10	0	9.0	6.0	4.0	6.0	3.0	8.0	5.0	9.0	7.0	3.0	5.0	6.0	5.0	8.0	4.0	6.0	4.0	7.0	4.0	6.0	5.0	4.0	7.0	5.0	6.0	4.0	7.0	9.0	6.0	4.0	5.0	2.0	2.0	7.0	1.0	5.0	7.0	7.0	6.0
alpha_rarefaction_10_1.txt	10	1	8.0	8.0	4.0	4.0	3.0	4.0	7.0	8.0	5.0	4.0	3.0	4.0	8.0	6.0	4.0	5.0	4.0	9.0	6.0	5.0	4.0	6.0	7.0	6.0	5.0	4.0	8.0	7.0	3.0	2.0	7.0	3.0	3.0	6.0	2.0	8.0	5.0	10.0	5.0
alpha_rarefaction_10_2.txt	10	2	6.0	10.0	5.0	5.0	4.0	4.0	7.0	7.0	4.0	5.0	4.0	6.0	7.0	6.0	3.0	4.0	7.0	7.0	7.0	6.0	3.0	6.0	5.0	6.0	9.0	4.0	5.0	8.0	5.0	5.0	6.0	1.0	1.0	8.0	5.0	7.0	7.0	8.0	9.0
alpha_rarefaction_10_3.txt	10	3	7.0	8.0	5.0	5.0	4.0	5.0	5.0	7.0	6.0	6.0	5.0	6.0	6.0	7.0	4.0	4.0	4.0	7.0	5.0	7.0	5.0	8.0	6.0	8.0	5.0	5.0	6.0	8.0	4.0	5.0	6.0	2.0	2.0	9.0	2.0	6.0	7.0	8.0	7.0
alpha_rarefaction_10_4.txt	10	4	5.0	9.0	4.0	3.0	6.0	6.0	5.0	10.0	5.0	6.0	6.0	4.0	9.0	2.0	5.0	5.0	5.0	5.0	8.0	8.0	6.0	6.0	8.0	4.0	3.0	7.0	6.0	8.0	5.0	4.0	5.0	2.0	2.0	7.0	1.0	8.0	6.0	8.0	7.0
alpha_rarefaction_10_5.txt	10	5	6.0	9.0	6.0	3.0	5.0	5.0	7.0	7.0	6.0	4.0	7.0	5.0	7.0	6.0	3.0	6.0	4.0	8.0	3.0	7.0	6.0	3.0	5.0	5.0	4.0	3.0	7.0	8.0	5.0	6.0	5.0	2.0	2.0	10.0	2.0	7.0	8.0	9.0	8.0
alpha_rarefaction_10_6.txt	10	6	6.0	8.0	7.0	5.0	4.0	4.0	3.0	7.0	8.0	4.0	6.0	7.0	7.0	3.0	2.0	8.0	4.0	7.0	4.0	5.0	6.0	5.0	3.0	4.0	4.0	7.0	6.0	8.0	4.0	5.0	5.0	2.0	2.0	5.0	2.0	8.0	6.0	10.0	5.0
alpha_rarefaction_10_7.txt	10	7	6.0	7.0	4.0	6.0	4.0	6.0	3.0	7.0	7.0	4.0	5.0	6.0	7.0	5.0	4.0	9.0	5.0	6.0	5.0	5.0	5.0	6.0	5.0	7.0	7.0	4.0	9.0	9.0	6.0	7.0	6.0	2.0	1.0	7.0	3.0	9.0	7.0	8.0	5.0
alpha_rarefaction_10_8.txt	10	8	7.0	9.0	5.0	5.0	6.0	7.0	5.0	6.0	4.0	5.0	7.0	4.0	8.0	5.0	5.0	7.0	4.0	4.0	3.0	5.0	4.0	6.0	3.0	6.0	7.0	5.0	6.0	5.0	3.0	4.0	9.0	1.0	3.0	6.0	4.0	6.0	9.0	8.0	7.0
alpha_rarefaction_10_9.txt	10	9	9.0	9.0	6.0	4.0	7.0	3.0	4.0	6.0	7.0	5.0	4.0	6.0	7.0	3.0	3.0	6.0	4.0	6.0	5.0	7.0	4.0	6.0	8.0	5.0	5.0	4.0	4.0	7.0	7.0	5.0	5.0	1.0	1.0	7.0	4.0	7.0	7.0	9.0	9.0
alpha_rarefaction_1009_0.txt	1009	0	90.0	123.0	87.0	66.0	81.0	96.0	66.0	118.0	91.0	90.0	60.0	77.0	66.0	79.0	81.0	91.0	70.0	89.0	90.0	87.0	60.0	82.0	83.0	72.0	73.0	70.0	76.0	116.0	66.0	65.0	73.0	62.0	70.0	121.0	73.0	90.0	107.0	125.0	83.0
alpha_rarefaction_1009_1.txt	1009	1	106.0	140.0	89.0	58.0	73.0	76.0	83.0	117.0	101.0	97.0	77.0	69.0	72.0	79.0	76.0	92.0	70.0	76.0	91.0	92.0	60.0	74.0	77.0	76.0	66.0	83.0	71.0	123.0	73.0	67.0	81.0	76.0	69.0	127.0	68.0	91.0	113.0	121.0	87.0
alpha_rarefaction_1009_2.txt	1009	2	89.0	132.0	85.0	67.0	83.0	87.0	67.0	109.0	88.0	76.0	76.0	66.0	76.0	86.0	72.0	85.0	66.0	80.0	91.0	92.0	67.0	75.0	86.0	85.0	75.0	81.0	75.0	104.0	71.0	69.0	74.0	74.0	72.0	133.0	69.0	94.0	111.0	136.0	93.0
alpha_rarefaction_1009_3.txt	1009	3	98.0	138.0	81.0	59.0	67.0	88.0	72.0	117.0	90.0	71.0	76.0	69.0	67.0	77.0	73.0	96.0	66.0	89.0	87.0	83.0	58.0	75.0	75.0	70.0	65.0	88.0	73.0	116.0	75.0	66.0	81.0	78.0	75.0	137.0	68.0	100.0	98.0	140.0	94.0
alpha_rarefaction_1009_4.txt	1009	4	102.0	127.0	87.0	54.0	69.0	78.0	77.0	122.0	87.0	93.0	79.0	78.0	84.0	83.0	85.0	89.0	57.0	87.0	86.0	84.0	56.0	82.0	84.0	68.0	60.0	81.0	68.0	114.0	69.0	63.0	83.0	68.0	77.0	137.0	73.0	95.0	108.0	135.0	90.0
alpha_rarefaction_1009_5.txt	1009	5	84.0	125.0	96.0	59.0	72.0	88.0	73.0	128.0	83.0	87.0	79.0	69.0	70.0	82.0	78.0	79.0	60.0	78.0	88.0	87.0	54.0	71.0	71.0	75.0	62.0	73.0	73.0	112.0	74.0	57.0	73.0	75.0	70.0	134.0	78.0	99.0	95.0	146.0	93.0
alpha_rarefaction_1009_6.txt	1009	6	86.0	121.0	84.0	64.0	69.0	87.0	70.0	106.0	87.0	91.0	76.0	68.0	77.0	79.0	72.0	92.0	62.0	91.0	76.0	91.0	53.0	72.0	89.0	77.0	75.0	83.0	68.0	113.0	68.0	63.0	73.0	69.0	77.0	143.0	73.0	104.0	122.0	122.0	86.0
alpha_rarefaction_1009_7.txt	1009	7	99.0	132.0	78.0	55.0	58.0	85.0	71.0	110.0	93.0	95.0	66.0	71.0	83.0	82.0	73.0	93.0	64.0	88.0	75.0	83.0	59.0	69.0	89.0	69.0	83.0	84.0	61.0	108.0	82.0	63.0	79.0	74.0	68.0	126.0	65.0	89.0	100.0	140.0	97.0
alpha_rarefaction_1009_8.txt	1009	8	101.0	131.0	83.0	62.0	68.0	89.0	67.0	112.0	93.0	75.0	74.0	64.0	71.0	93.0	73.0	88.0	71.0	85.0	88.0	77.0	64.0	79.0	82.0	89.0	71.0	75.0	67.0	108.0	68.0	66.0	70.0	66.0	62.0	144.0	77.0	94.0	118.0	124.0	90.0
alpha_rarefaction_1009_9.txt	1009	9	102.0	124.0	99.0	67.0	71.0	97.0	70.0	114.0	92.0	93.0	74.0	72.0	68.0	83.0	70.0	80.0	60.0	87.0	97.0	83.0	59.0	79.0	68.0	76.0	72.0	73.0	71.0	130.0	60.0	63.0	74.0	72.0	72.0	136.0	78.0	94.0	109.0	141.0	97.0
alpha_rarefaction_2008_0.txt	2008	0	138.0	197.0	135.0	93.0	113.0	116.0	116.0	184.0	119.0	111.0	102.0	100.0	96.0	117.0	101.0	133.0	99.0	128.0	128.0	124.0	93.0	108.0	118.0	99.0	103.0	107.0	84.0	171.0	97.0	89.0	103.0	109.0	112.0	191.0	102.0	116.0	163.0	188.0	141.0
alpha_rarefaction_2008_1.txt	2008	1	125.0	186.0	116.0	83.0	110.0	121.0	105.0	170.0	118.0	146.0	106.0	104.0	104.0	122.0	115.0	128.0	79.0	120.0	125.0	123.0	90.0	118.0	115.0	100.0	97.0	109.0	108.0	160.0	89.0	89.0	97.0	111.0	108.0	196.0	113.0	116.0	158.0	195.0	120.0
alpha_rarefaction_2008_2.txt	2008	2	135.0	201.0	130.0	86.0	118.0	141.0	104.0	182.0	128.0	128.0	102.0	98.0	97.0	122.0	103.0	124.0	80.0	118.0	129.0	127.0	84.0	102.0	130.0	115.0	98.0	102.0	104.0	170.0	94.0	86.0	103.0	103.0	106.0	183.0	119.0	124.0	158.0	175.0	133.0
alpha_rarefaction_2008_3.txt	2008	3	135.0	191.0	107.0	87.0	109.0	124.0	100.0	163.0	121.0	113.0	111.0	104.0	112.0	120.0	107.0	143.0	89.0	122.0	122.0	129.0	75.0	107.0	109.0	83.0	89.0	110.0	89.0	168.0	92.0	89.0	109.0	106.0	118.0	179.0	117.0	122.0	165.0	190.0	125.0
alpha_rarefaction_2008_4.txt	2008	4	137.0	185.0	116.0	88.0	103.0	126.0	104.0	161.0	132.0	122.0	103.0	98.0	98.0	113.0	100.0	139.0	92.0	126.0	142.0	136.0	86.0	113.0	107.0	94.0	99.0	111.0	99.0	176.0	91.0	95.0	112.0	108.0	108.0	186.0	100.0	118.0	156.0	204.0	121.0
alpha_rarefaction_2008_5.txt	2008	5	136.0	183.0	126.0	85.0	105.0	119.0	99.0	163.0	134.0	115.0	114.0	97.0	95.0	115.0	99.0	134.0	88.0	125.0	121.0	122.0	92.0	118.0	126.0	97.0	97.0	102.0	95.0	180.0	97.0	102.0	103.0	106.0	111.0	193.0	102.0	122.0	153.0	208.0	120.0
alpha_rarefaction_2008_6.txt	2008	6	137.0	184.0	126.0	82.0	97.0	134.0	103.0	180.0	127.0	125.0	107.0	103.0	112.0	113.0	113.0	132.0	92.0	122.0	135.0	121.0	97.0	102.0	118.0	110.0	105.0	107.0	94.0	175.0	89.0	100.0	119.0	109.0	118.0	189.0	105.0	112.0	142.0	190.0	135.0
alpha_rarefaction_2008_7.txt	2008	7	150.0	199.0	118.0	84.0	109.0	122.0	101.0	171.0	128.0	137.0	110.0	106.0	103.0	112.0	112.0	133.0	81.0	113.0	135.0	135.0	85.0	103.0	112.0	109.0	88.0	100.0	94.0	169.0	94.0	91.0	116.0	105.0	115.0	185.0	121.0	127.0	164.0	192.0	136.0
alpha_rarefaction_2008_8.txt	2008	8	131.0	180.0	132.0	83.0	99.0	128.0	105.0	158.0	130.0	131.0	115.0	102.0	107.0	111.0	112.0	124.0	89.0	106.0	117.0	130.0	86.0	104.0	113.0	103.0	93.0	121.0	100.0	167.0	96.0	93.0	112.0	110.0	108.0	175.0	100.0	127.0	159.0	193.0	125.0
alpha_rarefaction_2008_9.txt	2008	9	122.0	180.0	114.0	87.0	97.0	121.0	110.0	171.0	139.0	112.0	106.0	105.0	98.0	118.0	105.0	130.0	90.0	119.0	135.0	138.0	89.0	108.0	124.0	97.0	93.0	113.0	102.0	179.0	101.0	92.0	111.0	113.0	114.0	181.0	109.0	136.0	153.0	192.0	120.0
alpha_rarefaction_3007_0.txt	3007	0	173.0	225.0	147.0	113.0	128.0	151.0	122.0	200.0	154.0	141.0	144.0	136.0	116.0	149.0	109.0	145.0	118.0	150.0	157.0	149.0	100.0	140.0	133.0	115.0	118.0	120.0	129.0	214.0	105.0	112.0	135.0	146.0	138.0	229.0	138.0	159.0	185.0	224.0	161.0
alpha_rarefaction_3007_1.txt	3007	1	167.0	228.0	145.0	108.0	140.0	153.0	122.0	202.0	151.0	139.0	127.0	115.0	137.0	142.0	137.0	153.0	124.0	144.0	162.0	154.0	99.0	132.0	143.0	116.0	116.0	136.0	119.0	203.0	111.0	114.0	133.0	131.0	137.0	221.0	139.0	160.0	213.0	241.0	152.0
alpha_rarefaction_3007_2.txt	3007	2	168.0	215.0	164.0	109.0	129.0	146.0	125.0	202.0	151.0	149.0	131.0	110.0	138.0	153.0	130.0	163.0	117.0	130.0	151.0	151.0	108.0	143.0	128.0	132.0	113.0	142.0	108.0	214.0	108.0	117.0	123.0	144.0	143.0	219.0	138.0	158.0	209.0	248.0	152.0
alpha_rarefaction_3007_3.txt	3007	3	169.0	253.0	140.0	118.0	136.0	169.0	117.0	202.0	164.0	150.0	135.0	126.0	132.0	134.0	131.0	161.0	109.0	133.0	153.0	158.0	104.0	129.0	155.0	116.0	115.0	136.0	128.0	204.0	120.0	114.0	129.0	136.0	149.0	248.0	137.0	154.0	210.0	219.0	147.0
alpha_rarefaction_3007_4.txt	3007	4	165.0	222.0	141.0	101.0	127.0	156.0	117.0	217.0	146.0	157.0	139.0	132.0	128.0	148.0	119.0	167.0	114.0	145.0	163.0	146.0	104.0	127.0	145.0	137.0	126.0	125.0	120.0	210.0	112.0	106.0	143.0	137.0	137.0	222.0	137.0	150.0	189.0	230.0	156.0
alpha_rarefaction_3007_5.txt	3007	5	166.0	230.0	149.0	102.0	137.0	157.0	131.0	211.0	166.0	154.0	127.0	124.0	132.0	135.0	128.0	145.0	114.0	146.0	165.0	156.0	113.0	134.0	141.0	135.0	110.0	140.0	111.0	200.0	103.0	102.0	129.0	137.0	123.0	232.0	131.0	151.0	196.0	225.0	165.0
alpha_rarefaction_3007_6.txt	3007	6	167.0	236.0	152.0	109.0	129.0	153.0	141.0	213.0	167.0	142.0	127.0	116.0	117.0	140.0	126.0	167.0	114.0	144.0	160.0	148.0	107.0	138.0	154.0	130.0	119.0	134.0	110.0	218.0	103.0	105.0	128.0	144.0	137.0	234.0	135.0	156.0	202.0	245.0	165.0
alpha_rarefaction_3007_7.txt	3007	7	147.0	219.0	154.0	96.0	140.0	158.0	124.0	217.0	162.0	149.0	132.0	125.0	123.0	141.0	128.0	151.0	124.0	142.0	154.0	150.0	112.0	128.0	145.0	134.0	121.0	136.0	115.0	206.0	112.0	105.0	134.0	130.0	135.0	229.0	137.0	147.0	215.0	230.0	150.0
alpha_rarefaction_3007_8.txt	3007	8	169.0	229.0	144.0	102.0	131.0	158.0	128.0	209.0	154.0	155.0	125.0	132.0	129.0	155.0	126.0	150.0	121.0	135.0	170.0	150.0	100.0	139.0	142.0	126.0	111.0	142.0	125.0	218.0	117.0	109.0	123.0	133.0	141.0	211.0	137.0	142.0	193.0	233.0	161.0
alpha_rarefaction_3007_9.txt	3007	9	183.0	230.0	139.0	104.0	131.0	145.0	134.0	216.0	153.0	145.0	132.0	117.0	122.0	139.0	123.0	168.0	120.0	149.0	159.0	159.0	103.0	141.0	149.0	138.0	115.0	126.0	118.0	219.0	110.0	100.0	135.0	143.0	143.0	217.0	135.0	157.0	198.0	242.0	152.0
alpha_rarefaction_4006_0.txt	4006	0	192.0	262.0	161.0	122.0	152.0	175.0	138.0	241.0	186.0	173.0	149.0	137.0	143.0	149.0	150.0	170.0	139.0	168.0	188.0	176.0	118.0	162.0	169.0	154.0	135.0	154.0	126.0	238.0	132.0	135.0	153.0	156.0	166.0	250.0	157.0	174.0	224.0	265.0	173.0
alpha_rarefaction_4006_1.txt	4006	1	209.0	291.0	163.0	114.0	150.0	169.0	133.0	238.0	172.0	186.0	160.0	139.0	144.0	154.0	146.0	188.0	126.0	171.0	187.0	177.0	123.0	170.0	162.0	148.0	134.0	151.0	137.0	233.0	129.0	138.0	152.0	153.0	159.0	247.0	171.0	174.0	219.0	270.0	181.0
alpha_rarefaction_4006_2.txt	4006	2	194.0	269.0	175.0	110.0	155.0	182.0	147.0	236.0	181.0	157.0	157.0	146.0	146.0	167.0	146.0	180.0	130.0	185.0	181.0	171.0	121.0	162.0	160.0	144.0	138.0	149.0	149.0	242.0	123.0	131.0	162.0	162.0	163.0	276.0	159.0	170.0	224.0	272.0	170.0
alpha_rarefaction_4006_3.txt	4006	3	194.0	264.0	165.0	122.0	137.0	168.0	153.0	245.0	178.0	151.0	142.0	142.0	148.0	178.0	151.0	181.0	142.0	177.0	184.0	176.0	114.0	171.0	174.0	157.0	133.0	152.0	138.0	251.0	119.0	118.0	165.0	156.0	173.0	280.0	168.0	169.0	222.0	274.0	176.0
alpha_rarefaction_4006_4.txt	4006	4	189.0	269.0	184.0	126.0	156.0	176.0	153.0	236.0	183.0	168.0	159.0	140.0	166.0	156.0	157.0	182.0	142.0	173.0	188.0	179.0	132.0	157.0	170.0	144.0	137.0	146.0	138.0	237.0	142.0	121.0	150.0	163.0	163.0	260.0	159.0	173.0	234.0	271.0	177.0
alpha_rarefaction_4006_5.txt	4006	5	185.0	268.0	179.0	129.0	149.0	169.0	130.0	233.0	177.0	167.0	146.0	132.0	146.0	159.0	151.0	174.0	124.0	168.0	186.0	164.0	115.0	144.0	163.0	157.0	132.0	146.0	142.0	230.0	136.0	128.0	164.0	159.0	166.0	279.0	170.0	187.0	233.0	274.0	161.0
alpha_rarefaction_4006_6.txt	4006	6	202.0	250.0	167.0	123.0	157.0	176.0	131.0	250.0	177.0	183.0	151.0	133.0	158.0	174.0	151.0	197.0	133.0	161.0	192.0	169.0	117.0	155.0	177.0	161.0	138.0	158.0	146.0	231.0	128.0	132.0	145.0	155.0	153.0	263.0	163.0	175.0	222.0	275.0	180.0
alpha_rarefaction_4006_7.txt	4006	7	184.0	276.0	174.0	115.0	152.0	184.0	154.0	230.0	179.0	163.0	164.0	136.0	143.0	170.0	164.0	164.0	120.0	172.0	181.0	168.0	113.0	155.0	169.0	146.0	140.0	153.0	141.0	240.0	139.0	121.0	151.0	166.0	160.0	276.0	172.0	174.0	208.0	277.0	181.0
alpha_rarefaction_4006_8.txt	4006	8	192.0	275.0	172.0	121.0	156.0	181.0	151.0	242.0	174.0	184.0	153.0	138.0	158.0	166.0	152.0	183.0	126.0	167.0	183.0	172.0	115.0	156.0	164.0	148.0	131.0	148.0	123.0	237.0	137.0	131.0	155.0	165.0	155.0	277.0	160.0	172.0	224.0	285.0	173.0
alpha_rarefaction_4006_9.txt	4006	9	202.0	272.0	172.0	123.0	156.0	181.0	146.0	248.0	191.0	168.0	156.0	141.0	149.0	166.0	154.0	173.0	138.0	164.0	182.0	173.0	113.0	165.0	162.0	146.0	125.0	141.0	123.0	242.0	149.0	137.0	142.0	165.0	168.0	264.0	159.0	174.0	234.0	270.0	180.0
alpha_rarefaction_5005_0.txt	5005	0	222.0	312.0	193.0	137.0	173.0	190.0	149.0	261.0	207.0	185.0	177.0	155.0	162.0	181.0	151.0	216.0	152.0	191.0	212.0	213.0	139.0	170.0	186.0	158.0	148.0	170.0	156.0	261.0	145.0	137.0	181.0	167.0	176.0	309.0	185.0	201.0	258.0	292.0	189.0
alpha_rarefaction_5005_1.txt	5005	1	215.0	307.0	187.0	140.0	158.0	194.0	159.0	246.0	197.0	190.0	187.0	150.0	160.0	194.0	168.0	224.0	149.0	187.0	222.0	200.0	130.0	178.0	182.0	171.0	146.0	176.0	158.0	258.0	158.0	137.0	168.0	175.0	182.0	286.0	190.0	201.0	262.0	294.0	176.0
alpha_rarefaction_5005_2.txt	5005	2	215.0	292.0	192.0	137.0	175.0	191.0	162.0	265.0	201.0	193.0	175.0	155.0	167.0	177.0	170.0	197.0	154.0	188.0	198.0	187.0	125.0	168.0	190.0	151.0	145.0	164.0	150.0	261.0	146.0	145.0	184.0	168.0	186.0	297.0	176.0	207.0	250.0	315.0	185.0
alpha_rarefaction_5005_3.txt	5005	3	218.0	277.0	190.0	133.0	170.0	204.0	154.0	253.0	221.0	189.0	163.0	150.0	160.0	192.0	156.0	191.0	156.0	189.0	222.0	178.0	132.0	185.0	194.0	163.0	142.0	164.0	153.0	277.0	152.0	140.0	169.0	179.0	183.0	311.0	180.0	181.0	267.0	301.0	177.0
alpha_rarefaction_5005_4.txt	5005	4	206.0	272.0	190.0	123.0	165.0	209.0	169.0	258.0	207.0	185.0	163.0	163.0	174.0	196.0	173.0	202.0	150.0	180.0	204.0	189.0	121.0	192.0	170.0	169.0	155.0	166.0	141.0	259.0	130.0	142.0	177.0	178.0	178.0	314.0	179.0	207.0	255.0	305.0	196.0
alpha_rarefaction_5005_5.txt	5005	5	215.0	301.0	170.0	126.0	178.0	198.0	180.0	255.0	202.0	189.0	163.0	160.0	150.0	180.0	163.0	202.0	140.0	186.0	205.0	190.0	130.0	170.0	179.0	163.0	147.0	176.0	157.0	284.0	162.0	147.0	174.0	179.0	177.0	314.0	177.0	208.0	257.0	296.0	201.0
alpha_rarefaction_5005_6.txt	5005	6	210.0	298.0	185.0	127.0	168.0	173.0	147.0	260.0	201.0	184.0	158.0	160.0	164.0	191.0	166.0	189.0	143.0	186.0	197.0	192.0	152.0	183.0	203.0	163.0	148.0	171.0	148.0	252.0	142.0	143.0	166.0	186.0	178.0	298.0	177.0	188.0	250.0	295.0	192.0
alpha_rarefaction_5005_7.txt	5005	7	220.0	306.0	186.0	142.0	178.0	192.0	145.0	269.0	194.0	196.0	177.0	138.0	173.0	168.0	171.0	202.0	144.0	172.0	218.0	186.0	128.0	178.0	182.0	174.0	155.0	179.0	155.0	269.0	138.0	143.0	167.0	182.0	182.0	307.0	183.0	197.0	269.0	301.0	172.0
alpha_rarefaction_5005_8.txt	5005	8	210.0	300.0	179.0	137.0	160.0	192.0	160.0	266.0	214.0	177.0	174.0	154.0	160.0	176.0	164.0	192.0	161.0	186.0	194.0	191.0	129.0	175.0	181.0	165.0	162.0	171.0	151.0	257.0	150.0	153.0	173.0	189.0	196.0	297.0	185.0	211.0	250.0	311.0	188.0
alpha_rarefaction_5005_9.txt	5005	9	211.0	300.0	180.0	134.0	158.0	197.0	149.0	256.0	193.0	176.0	173.0	160.0	171.0	180.0	180.0	205.0	149.0	183.0	182.0	204.0	128.0	191.0	182.0	159.0	152.0	167.0	157.0	264.0	157.0	152.0	169.0	175.0	179.0	306.0	184.0	198.0	265.0	313.0	201.0
alpha_rarefaction_6004_0.txt	6004	0	236.0	337.0	203.0	145.0	183.0	218.0	185.0	283.0	207.0	198.0	189.0	177.0	176.0	195.0	180.0	209.0	165.0	197.0	226.0	219.0	161.0	203.0	197.0	184.0	170.0	190.0	164.0	275.0	166.0	159.0	195.0	200.0	201.0	313.0	189.0	212.0	268.0	340.0	212.0
alpha_rarefaction_6004_1.txt	6004	1	233.0	327.0	220.0	127.0	182.0	210.0	180.0	292.0	215.0	211.0	187.0	157.0	191.0	198.0	178.0	214.0	159.0	214.0	219.0	215.0	152.0	197.0	208.0	191.0	163.0	197.0	166.0	268.0	154.0	149.0	185.0	200.0	182.0	333.0	185.0	219.0	289.0	343.0	210.0
alpha_rarefaction_6004_2.txt	6004	2	235.0	331.0	201.0	146.0	191.0	221.0	189.0	286.0	250.0	211.0	187.0	181.0	171.0	202.0	189.0	235.0	162.0	210.0	225.0	212.0	151.0	192.0	211.0	182.0	162.0	171.0	161.0	286.0	166.0	156.0	199.0	189.0	204.0	345.0	209.0	221.0	289.0	338.0	209.0
alpha_rarefaction_6004_3.txt	6004	3	225.0	317.0	204.0	137.0	185.0	216.0	190.0	289.0	213.0	209.0	180.0	183.0	168.0	197.0	193.0	218.0	148.0	205.0	212.0	200.0	151.0	210.0	217.0	189.0	151.0	180.0	157.0	299.0	158.0	158.0	195.0	194.0	200.0	332.0	183.0	229.0	284.0	318.0	215.0
alpha_rarefaction_6004_4.txt	6004	4	248.0	324.0	201.0	146.0	198.0	222.0	167.0	293.0	225.0	196.0	184.0	161.0	185.0	198.0	195.0	234.0	147.0	208.0	223.0	206.0	152.0	203.0	216.0	179.0	169.0	185.0	162.0	277.0	166.0	141.0	185.0	198.0	192.0	319.0	201.0	213.0	277.0	323.0	200.0
alpha_rarefaction_6004_5.txt	6004	5	238.0	313.0	214.0	141.0	186.0	205.0	175.0	261.0	225.0	206.0	187.0	171.0	190.0	188.0	182.0	230.0	162.0	192.0	224.0	207.0	143.0	189.0	183.0	184.0	172.0	183.0	163.0	294.0	168.0	151.0	193.0	187.0	182.0	332.0	190.0	213.0	272.0	343.0	208.0
alpha_rarefaction_6004_6.txt	6004	6	236.0	336.0	208.0	140.0	190.0	207.0	188.0	286.0	229.0	199.0	190.0	172.0	174.0	195.0	191.0	223.0	168.0	205.0	218.0	196.0	137.0	200.0	195.0	189.0	162.0	184.0	169.0	288.0	152.0	158.0	177.0	187.0	201.0	321.0	184.0	209.0	294.0	346.0	215.0
alpha_rarefaction_6004_7.txt	6004	7	240.0	328.0	211.0	146.0	181.0	204.0	184.0	283.0	217.0	197.0	173.0	173.0	174.0	191.0	188.0	226.0	146.0	201.0	223.0	220.0	149.0	194.0	202.0	173.0	173.0	184.0	182.0	294.0	157.0	149.0	184.0	199.0	185.0	320.0	203.0	212.0	281.0	335.0	207.0
alpha_rarefaction_6004_8.txt	6004	8	238.0	321.0	219.0	159.0	184.0	212.0	171.0	297.0	218.0	206.0	176.0	164.0	173.0	191.0	176.0	217.0	154.0	200.0	219.0	217.0	146.0	203.0	212.0	188.0	173.0	196.0	163.0	281.0	154.0	155.0	189.0	201.0	201.0	324.0	199.0	209.0	281.0	325.0	198.0
alpha_rarefaction_6004_9.txt	6004	9	238.0	341.0	204.0	146.0	175.0	223.0	173.0	295.0	208.0	214.0	180.0	151.0	176.0	193.0	188.0	219.0	154.0	219.0	208.0	202.0	147.0	187.0	206.0	173.0	163.0	194.0	174.0	292.0	147.0	146.0	183.0	199.0	194.0	331.0	189.0	210.0	278.0	334.0	207.0
alpha_rarefaction_7003_0.txt	7003	0	245.0	321.0	224.0	163.0	201.0	240.0	184.0	310.0	228.0	219.0	203.0	185.0	191.0	211.0	191.0	235.0	177.0	213.0	232.0	233.0	159.0	210.0	220.0	209.0	185.0	191.0	174.0	312.0	159.0	186.0	205.0	203.0	210.0	345.0	202.0	240.0	279.0	360.0	235.0
alpha_rarefaction_7003_1.txt	7003	1	242.0	345.0	246.0	166.0	209.0	220.0	188.0	312.0	224.0	231.0	180.0	182.0	193.0	211.0	212.0	236.0	167.0	213.0	235.0	233.0	155.0	195.0	213.0	197.0	179.0	196.0	161.0	328.0	179.0	172.0	201.0	210.0	206.0	366.0	204.0	241.0	291.0	356.0	220.0
alpha_rarefaction_7003_2.txt	7003	2	253.0	350.0	223.0	153.0	199.0	242.0	182.0	309.0	226.0	219.0	195.0	181.0	186.0	226.0	204.0	236.0	173.0	218.0	245.0	226.0	162.0	199.0	206.0	205.0	168.0	203.0	173.0	314.0	170.0	158.0	201.0	214.0	202.0	335.0	218.0	233.0	290.0	373.0	224.0
alpha_rarefaction_7003_3.txt	7003	3	268.0	352.0	236.0	150.0	198.0	238.0	190.0	307.0	253.0	212.0	212.0	187.0	200.0	218.0	198.0	236.0	175.0	218.0	267.0	213.0	148.0	200.0	229.0	201.0	194.0	208.0	181.0	305.0	189.0	160.0	209.0	204.0	211.0	347.0	208.0	235.0	289.0	370.0	222.0
alpha_rarefaction_7003_4.txt	7003	4	248.0	328.0	219.0	157.0	191.0	227.0	188.0	300.0	240.0	223.0	201.0	178.0	205.0	211.0	203.0	249.0	171.0	219.0	241.0	226.0	155.0	214.0	218.0	197.0	180.0	192.0	184.0	299.0	174.0	178.0	197.0	211.0	211.0	322.0	214.0	228.0	298.0	363.0	213.0
alpha_rarefaction_7003_5.txt	7003	5	256.0	366.0	225.0	167.0	198.0	230.0	201.0	310.0	225.0	227.0	201.0	185.0	201.0	197.0	200.0	226.0	168.0	219.0	245.0	245.0	153.0	200.0	215.0	192.0	172.0	200.0	175.0	307.0	165.0	161.0	197.0	212.0	206.0	363.0	203.0	228.0	290.0	362.0	233.0
alpha_rarefaction_7003_6.txt	7003	6	255.0	334.0	221.0	180.0	198.0	229.0	176.0	316.0	230.0	227.0	205.0	173.0	203.0	205.0	201.0	231.0	173.0	201.0	255.0	219.0	149.0	221.0	219.0	202.0	172.0	189.0	187.0	312.0	187.0	167.0	204.0	206.0	201.0	351.0	204.0	242.0	307.0	357.0	227.0
alpha_rarefaction_7003_7.txt	7003	7	273.0	353.0	226.0	163.0	201.0	235.0	205.0	315.0	239.0	221.0	196.0	187.0	193.0	224.0	198.0	240.0	180.0	214.0	251.0	222.0	156.0	210.0	219.0	199.0	181.0	181.0	167.0	306.0	164.0	171.0	214.0	203.0	216.0	353.0	219.0	237.0	297.0	371.0	227.0
alpha_rarefaction_7003_8.txt	7003	8	254.0	342.0	232.0	151.0	196.0	231.0	180.0	301.0	242.0	219.0	207.0	170.0	193.0	208.0	190.0	252.0	169.0	210.0	265.0	222.0	153.0	196.0	224.0	200.0	162.0	193.0	188.0	294.0	170.0	164.0	197.0	209.0	211.0	357.0	205.0	235.0	279.0	362.0	222.0
alpha_rarefaction_7003_9.txt	7003	9	261.0	351.0	214.0	160.0	205.0	223.0	191.0	320.0	223.0	224.0	206.0	191.0	190.0	199.0	213.0	235.0	169.0	206.0	230.0	224.0	164.0	221.0	209.0	200.0	169.0	203.0	191.0	303.0	167.0	167.0	205.0	211.0	217.0	345.0	221.0	238.0	300.0	355.0	224.0
alpha_rarefaction_8002_0.txt	8002	0	270.0	382.0	241.0	170.0	212.0	263.0	196.0	339.0	251.0	233.0	223.0	207.0	205.0	241.0	227.0	257.0	195.0	228.0	262.0	240.0	156.0	231.0	220.0	219.0	187.0	210.0	183.0	329.0	187.0	177.0	210.0	219.0	230.0	358.0	225.0	239.0	326.0	377.0	234.0
alpha_rarefaction_8002_1.txt	8002	1	262.0	362.0	238.0	175.0	215.0	261.0	203.0	340.0	247.0	247.0	209.0	194.0	217.0	228.0	218.0	265.0	174.0	220.0	256.0	247.0	155.0	240.0	232.0	214.0	193.0	213.0	201.0	326.0	185.0	189.0	208.0	224.0	223.0	368.0	216.0	245.0	322.0	381.0	232.0
alpha_rarefaction_8002_2.txt	8002	2	272.0	352.0	233.0	155.0	211.0	243.0	216.0	334.0	239.0	240.0	215.0	198.0	210.0	230.0	214.0	264.0	196.0	240.0	261.0	237.0	166.0	240.0	242.0	194.0	186.0	218.0	180.0	325.0	190.0	179.0	211.0	224.0	221.0	381.0	242.0	240.0	319.0	407.0	234.0
alpha_rarefaction_8002_3.txt	8002	3	278.0	362.0	245.0	167.0	207.0	255.0	209.0	347.0	248.0	222.0	219.0	188.0	211.0	221.0	203.0	256.0	167.0	238.0	262.0	248.0	160.0	228.0	228.0	220.0	191.0	224.0	181.0	342.0	193.0	177.0	211.0	223.0	221.0	366.0	221.0	249.0	324.0	366.0	238.0
alpha_rarefaction_8002_4.txt	8002	4	272.0	368.0	247.0	168.0	205.0	242.0	188.0	342.0	242.0	226.0	227.0	187.0	207.0	230.0	211.0	270.0	183.0	233.0	254.0	239.0	157.0	227.0	218.0	210.0	176.0	215.0	175.0	331.0	190.0	173.0	211.0	209.0	227.0	362.0	231.0	240.0	316.0	379.0	240.0
alpha_rarefaction_8002_5.txt	8002	5	274.0	380.0	245.0	165.0	205.0	249.0	201.0	342.0	244.0	245.0	227.0	201.0	216.0	245.0	210.0	263.0	189.0	242.0	267.0	242.0	164.0	218.0	224.0	220.0	174.0	214.0	177.0	312.0	180.0	194.0	208.0	216.0	233.0	372.0	225.0	236.0	307.0	371.0	231.0
alpha_rarefaction_8002_6.txt	8002	6	263.0	371.0	251.0	165.0	209.0	238.0	198.0	314.0	272.0	230.0	200.0	181.0	201.0	244.0	226.0	257.0	188.0	243.0	251.0	252.0	156.0	208.0	236.0	194.0	185.0	203.0	185.0	336.0	192.0	185.0	209.0	234.0	215.0	361.0	225.0	245.0	321.0	368.0	246.0
alpha_rarefaction_8002_7.txt	8002	7	267.0	380.0	243.0	164.0	211.0	248.0	214.0	339.0	235.0	232.0	205.0	194.0	202.0	239.0	215.0	246.0	176.0	217.0	243.0	245.0	163.0	222.0	224.0	213.0	179.0	205.0	180.0	322.0	197.0	165.0	221.0	215.0	223.0	359.0	234.0	245.0	342.0	396.0	238.0
alpha_rarefaction_8002_8.txt	8002	8	266.0	358.0	237.0	162.0	205.0	255.0	200.0	326.0	246.0	241.0	213.0	185.0	204.0	227.0	236.0	243.0	193.0	240.0	237.0	243.0	163.0	225.0	239.0	210.0	178.0	219.0	185.0	330.0	186.0	180.0	225.0	217.0	224.0	370.0	244.0	237.0	317.0	389.0	245.0
alpha_rarefaction_8002_9.txt	8002	9	244.0	377.0	247.0	165.0	210.0	248.0	212.0	326.0	252.0	257.0	211.0	197.0	213.0	227.0	226.0	252.0	185.0	245.0	245.0	227.0	167.0	225.0	223.0	210.0	196.0	195.0	203.0	334.0	182.0	193.0	218.0	220.0	227.0	372.0	220.0	235.0	314.0	387.0	236.0
alpha_rarefaction_9001_0.txt	9001	0	275.0	398.0	271.0	180.0	220.0	255.0	219.0	371.0	265.0	266.0	227.0	196.0	211.0	241.0	230.0	271.0	195.0	246.0	268.0	251.0	173.0	245.0	250.0	218.0	203.0	222.0	208.0	343.0	195.0	181.0	229.0	232.0	239.0	395.0	242.0	263.0	328.0	406.0	252.0
alpha_rarefaction_9001_1.txt	9001	1	282.0	398.0	267.0	166.0	213.0	260.0	214.0	332.0	269.0	247.0	241.0	212.0	216.0	257.0	222.0	268.0	197.0	233.0	277.0	254.0	168.0	243.0	236.0	223.0	206.0	227.0	215.0	338.0	185.0	173.0	238.0	230.0	232.0	402.0	246.0	251.0	338.0	399.0	250.0
alpha_rarefaction_9001_2.txt	9001	2	281.0	387.0	253.0	171.0	214.0	270.0	217.0	333.0	266.0	249.0	223.0	214.0	203.0	224.0	232.0	268.0	197.0	234.0	272.0	257.0	172.0	234.0	248.0	236.0	190.0	230.0	191.0	327.0	204.0	199.0	235.0	232.0	234.0	390.0	241.0	261.0	340.0	403.0	243.0
alpha_rarefaction_9001_3.txt	9001	3	278.0	400.0	259.0	171.0	225.0	251.0	222.0	361.0	253.0	240.0	225.0	201.0	213.0	252.0	231.0	285.0	197.0	237.0	270.0	256.0	177.0	216.0	240.0	236.0	197.0	219.0	189.0	351.0	193.0	197.0	228.0	224.0	235.0	399.0	245.0	243.0	336.0	395.0	256.0
alpha_rarefaction_9001_4.txt	9001	4	290.0	389.0	260.0	170.0	214.0	251.0	214.0	367.0	282.0	263.0	216.0	206.0	208.0	253.0	234.0	287.0	191.0	241.0	269.0	255.0	186.0	250.0	236.0	214.0	205.0	228.0	217.0	339.0	198.0	191.0	218.0	231.0	237.0	390.0	240.0	264.0	330.0	400.0	246.0
alpha_rarefaction_9001_5.txt	9001	5	279.0	405.0	250.0	170.0	224.0	260.0	210.0	330.0	247.0	230.0	227.0	213.0	222.0	243.0	233.0	279.0	193.0	256.0	264.0	259.0	175.0	237.0	250.0	213.0	196.0	226.0	211.0	339.0	191.0	205.0	213.0	229.0	237.0	406.0	249.0	255.0	344.0	408.0	247.0
alpha_rarefaction_9001_6.txt	9001	6	280.0	395.0	240.0	177.0	223.0	264.0	203.0	351.0	275.0	262.0	219.0	203.0	215.0	275.0	217.0	261.0	191.0	255.0	279.0	250.0	173.0	242.0	258.0	202.0	193.0	229.0	185.0	358.0	194.0	189.0	228.0	230.0	237.0	395.0	234.0	246.0	353.0	407.0	259.0
alpha_rarefaction_9001_7.txt	9001	7	282.0	406.0	276.0	174.0	216.0	266.0	201.0	367.0	256.0	241.0	217.0	209.0	210.0	232.0	233.0	256.0	178.0	244.0	266.0	253.0	181.0	231.0	237.0	209.0	196.0	218.0	193.0	348.0	197.0	169.0	230.0	230.0	228.0	397.0	241.0	240.0	334.0	416.0	247.0
alpha_rarefaction_9001_8.txt	9001	8	278.0	408.0	246.0	165.0	216.0	262.0	219.0	338.0	265.0	260.0	236.0	200.0	220.0	249.0	235.0	258.0	193.0	241.0	265.0	253.0	184.0	230.0	241.0	219.0	208.0	235.0	201.0	342.0	200.0	182.0	242.0	223.0	220.0	387.0	241.0	255.0	327.0	398.0	247.0
alpha_rarefaction_9001_9.txt	9001	9	278.0	390.0	258.0	173.0	216.0	273.0	223.0	368.0	265.0	244.0	220.0	193.0	214.0	244.0	237.0	260.0	190.0	244.0	270.0	250.0	172.0	238.0	249.0	212.0	209.0	233.0	207.0	345.0	203.0	196.0	225.0	233.0	238.0	404.0	225.0	244.0	320.0	392.0	251.0
alpha_rarefaction_10000_0.txt	10000	0	294.0	408.0	273.0	183.0	232.0	276.0	220.0	370.0	273.0	255.0	249.0	210.0	239.0	268.0	235.0	286.0	192.0	257.0	303.0	253.0	189.0	256.0	264.0	226.0	204.0	232.0	209.0	363.0	203.0	179.0	237.0	237.0	247.0	400.0	262.0	267.0	356.0	399.0	249.0
alpha_rarefaction_10000_1.txt	10000	1	296.0	417.0	267.0	172.0	232.0	275.0	230.0	354.0	280.0	270.0	236.0	214.0	233.0	253.0	238.0	279.0	207.0	243.0	303.0	254.0	189.0	254.0	267.0	224.0	208.0	232.0	217.0	336.0	210.0	195.0	239.0	238.0	247.0	412.0	261.0	274.0	362.0	429.0	259.0
alpha_rarefaction_10000_2.txt	10000	2	295.0	429.0	273.0	171.0	231.0	283.0	219.0	384.0	276.0	269.0	252.0	229.0	232.0	264.0	246.0	289.0	210.0	270.0	281.0	259.0	183.0	248.0	259.0	234.0	208.0	228.0	205.0	366.0	211.0	220.0	241.0	238.0	232.0	427.0	248.0	277.0	347.0	429.0	265.0
alpha_rarefaction_10000_3.txt	10000	3	293.0	414.0	267.0	182.0	236.0	282.0	227.0	354.0	276.0	257.0	238.0	203.0	236.0	249.0	233.0	286.0	198.0	257.0	288.0	275.0	195.0	243.0	260.0	231.0	193.0	230.0	213.0	353.0	202.0	189.0	242.0	239.0	249.0	425.0	238.0	277.0	356.0	425.0	259.0
alpha_rarefaction_10000_4.txt	10000	4	299.0	434.0	253.0	189.0	230.0	273.0	238.0	367.0	262.0	277.0	242.0	239.0	219.0	255.0	239.0	282.0	204.0	254.0	280.0	271.0	180.0	247.0	250.0	229.0	222.0	226.0	198.0	376.0	197.0	213.0	232.0	243.0	232.0	430.0	246.0	274.0	351.0	410.0	249.0
alpha_rarefaction_10000_5.txt	10000	5	296.0	410.0	287.0	185.0	228.0	283.0	230.0	378.0	264.0	276.0	231.0	215.0	243.0	247.0	250.0	280.0	211.0	266.0	290.0	265.0	177.0	241.0	266.0	235.0	213.0	237.0	215.0	366.0	192.0	209.0	260.0	241.0	235.0	413.0	256.0	267.0	363.0	437.0	258.0
alpha_rarefaction_10000_6.txt	10000	6	296.0	410.0	270.0	180.0	232.0	274.0	225.0	375.0	278.0	272.0	239.0	214.0	230.0	260.0	226.0	289.0	210.0	258.0	293.0	260.0	171.0	258.0	247.0	215.0	189.0	231.0	207.0	371.0	206.0	207.0	245.0	234.0	250.0	419.0	255.0	267.0	344.0	425.0	272.0
alpha_rarefaction_10000_7.txt	10000	7	296.0	409.0	264.0	180.0	227.0	277.0	207.0	374.0	255.0	273.0	258.0	220.0	223.0	244.0	241.0	272.0	208.0	250.0	275.0	265.0	175.0	247.0	257.0	237.0	205.0	230.0	209.0	366.0	205.0	194.0	232.0	238.0	242.0	410.0	252.0	266.0	338.0	426.0	258.0
alpha_rarefaction_10000_8.txt	10000	8	318.0	407.0	263.0	180.0	234.0	272.0	231.0	360.0	276.0	266.0	243.0	216.0	227.0	255.0	231.0	275.0	206.0	260.0	297.0	268.0	179.0	252.0	248.0	252.0	200.0	231.0	203.0	377.0	202.0	204.0	230.0	241.0	241.0	412.0	255.0	265.0	351.0	404.0	264.0
alpha_rarefaction_10000_9.txt	10000	9	299.0	412.0	294.0	189.0	228.0	276.0	225.0	355.0	269.0	265.0	243.0	216.0	235.0	266.0	242.0	294.0	197.0	247.0	309.0	269.0	185.0	246.0	260.0	215.0	214.0	226.0	204.0	358.0	206.0	193.0	245.0	236.0	235.0	414.0	246.0	276.0	345.0	409.0	258.0