Eigvals	52
6.90668686672	3.679991035	2.90232350989	1.10412044985	0.922642275716	0.561151886259	0.519020602018	0.486549595042	0.472439432842	0.445248909078	0.325753738339	0.204914594719	0.138673810513	0.119577673692	0.108341764095	0.0930426765885	0.064349835327	0.0572036079992	0.0513865089115	0.0366990417237	0.0319279143627	0.0162105442854	0.0137059223953	0.0103599760611	0.00801156370625	0.00569281037078	0.00421933258984	0.00325031216507	0.00164287121949	0.0012784663511	0.000823988796143	0.000470443697105	0.000177451471733	4.80368679057e-05	8.78120673869e-06	0.0	0.0	0.0	0.0	0.0	0.0	0.0	0.0	0.0	0.0	0.0	0.0	0.0	0.0	0.0	0.0	0.0

Proportion explained	52
0.35789750808	0.190693402871	0.150395460497	0.0572144018174	0.0478103869047	0.0290783215776	0.0268951211614	0.0252125065148	0.0244813322213	0.0230723468588	0.0168802283134	0.0106184664564	0.0071859362059	0.00619639376478	0.00561416032591	0.00482137712896	0.00333454319752	0.00296423294571	0.00266279677119	0.00190170711881	0.00165447213825	0.000840013962748	0.000710226996805	0.000536843451511	0.000415151105243	0.000294995659278	0.000218641535196	0.000168427879649	8.51319202534e-05	6.62488295839e-05	4.2698263656e-05	2.43779152197e-05	9.19535527869e-06	2.48922177176e-06	4.55033226546e-07	0.0	0.0	0.0	0.0	0.0	0.0	0.0	0.0	0.0	0.0	0.0	0.0	0.0	0.0	0.0	0.0	0.0

Species	0	0

Site	52	52
1142	-0.0669143547516	0.419039109749	-0.316071653914	0.343442293101	-0.109598410386	-0.0190130484651	0.0404322147659	-0.0154974175435	0.0158035501849	-0.00762111159996	0.0133639428752	-0.0438416351264	0.0107426597422	-0.04067352457	0.0235411127715	-0.0972577148773	0.0941338673617	-0.0934097197041	-0.0142453532941	0.0382491345998	0.00811092476509	0.00927142832783	-0.00445342813844	-0.00844641270171	-0.00364096226534	-0.00450348966049	-0.000696101372593	-0.00336235439036	-0.00264634877573	-0.00158057793781	-0.00167528758247	-0.000368562881305	-0.00017845796874	-1.10678608405e-05	-6.80327400529e-05	-0.0	0.0	0.0	0.0	0.0	0.0	0.0	0.0	0.0	0.0	0.0	0.0	0.0	0.0	0.0	0.0	0.0
1140	-0.412088709673	-0.280126292111	0.0751304415559	0.0286504768926	-0.00111153295663	0.00426191426623	-0.0250944735254	0.0220732464491	0.0186990520617	-0.000461655765793	0.00345332718851	-0.0117015529991	-0.00684287411298	0.00604600292365	0.00716596628265	0.00573913330187	0.0193834971528	-0.00765066141414	-0.00194301706983	0.00237931751572	-0.0135253348079	0.00558893333459	-0.00453390519386	-0.00619601937054	0.000475390244902	-0.000348762857849	0.00220880237258	-0.00193955257527	-0.00276148076636	0.00576515948085	0.000682257706039	0.00322469235169	0.00698528816111	-0.0019916866984	-0.00120525016275	-0.0	0.0	0.0	0.0	0.0	0.0	0.0	0.0	0.0	0.0	0.0	0.0	0.0	0.0	0.0	0.0	0.0
1162	-0.0624322973999	0.476021413764	-0.281125750148	0.191532493986	-0.0957222150653	0.033565105272	0.0599814028527	-0.0421369735318	-0.0447835917513	0.00810311170484	-0.0194712508549	-0.044332035705	0.128040888788	0.0375292033677	-0.0317110133364	-0.0397518156959	-0.00161291619646	0.0227367348844	0.0427346281046	0.0227897275757	-0.0230978499785	-0.00519921654042	0.0118714790728	-0.00641395832897	0.00287832370779	0.00473663448869	-0.00380687533303	-0.00115847122937	0.000610643788426	0.00103856174808	0.000983859255715	-0.000611760155387	0.000369452236455	-5.29385115867e-05	8.15931983373e-05	-0.0	0.0	0.0	0.0	0.0	0.0	0.0	0.0	0.0	0.0	0.0	0.0	0.0	0.0	0.0	0.0	0.0
1145	-0.372464118537	-0.306717722837	0.145636274193	-0.00890584448917	-0.00839109493377	-0.0063383568066	0.010258729176	-0.0049772558538	-0.0279013535291	0.00997370718863	-0.0690351709577	0.0864935409369	0.00250537386073	-0.0222736851083	-0.000613484723866	-0.0125099088237	0.0283547008184	-0.0113315915919	0.0392815673537	0.00186612732384	0.0037283173039	0.0148969716212	0.0354804323516	0.0423870401803	0.00924047691223	0.0137869524126	-0.000884435899711	-0.00177583899898	-0.00108899565939	-0.00841506254557	0.0012191184904	-0.00090747923811	-0.000113567833116	-8.74663566342e-05	-5.51174080045e-05	-0.0	0.0	0.0	0.0	0.0	0.0	0.0	0.0	0.0	0.0	0.0	0.0	0.0	0.0	0.0	0.0	0.0
451	-0.33082935931	0.146817974248	-0.141078384668	-0.119204953841	-0.0810635249798	0.0559387389906	0.0176111531681	-0.0246046998692	-0.067785605203	-0.0151343593463	-0.057723158131	0.0271456500663	-0.0735923971675	0.0899140669735	0.0705663823938	-0.0487994151341	-0.0960706036185	0.0206129807034	-0.0546606943192	0.0510652558935	0.051235768341	0.015055143098	0.00596885646206	-0.00702038675039	0.0111660283563	-0.00855494240345	-0.00334705746451	-0.00230061850955	2.86566741662e-07	-0.000603361989456	0.00104078363742	8.51742103726e-05	-0.0002010462723	3.69973454391e-06	1.59280173051e-05	-0.0	0.0	0.0	0.0	0.0	0.0	0.0	0.0	0.0	0.0	0.0	0.0	0.0	0.0	0.0	0.0	0.0
761	-0.0693065828684	0.416637817759	-0.30657976378	0.287009972947	-0.0920530058648	-0.0342621219295	0.0236332726074	-0.00956890050898	0.0218375388887	0.00122455843812	0.017178766532	0.0278998538903	-0.101746622065	-0.0519539156618	-0.0261946282281	0.217609473909	-0.0590877793107	0.0175005981167	0.0200862251677	0.021530685145	-0.00122660621383	-0.00170861545548	0.00896067225456	-0.00797179922382	-0.00176080389108	0.00295854019065	0.000955072535274	-4.0753904125e-05	0.000556562713137	-1.05307244383e-05	-0.000524639948858	-0.000375908338085	-1.62044653958e-05	-7.79069892088e-06	-7.82984353263e-06	-0.0	0.0	0.0	0.0	0.0	0.0	0.0	0.0	0.0	0.0	0.0	0.0	0.0	0.0	0.0	0.0	0.0
449	0.145517585273	0.114080909119	0.126769241109	0.126379546647	0.353261299626	0.16961285422	0.145650398997	-0.0888026305189	0.176849340204	0.512284615218	0.102691331508	0.0223931724356	-0.00966598861065	0.0207162966335	0.0251483204809	-0.00549118934452	-0.00897709841656	-0.000228247553317	-0.00747246699647	-0.00281248592167	0.00172995432122	-5.32801301592e-05	-0.00070636451953	0.00178234480993	0.00100041469241	0.000608583890366	0.000676262222461	-0.000421373650389	-1.58985061728e-05	-0.000160672047679	0.000342497074007	-0.000188477262675	-4.58653231767e-05	1.97479310056e-05	1.61301460621e-05	-0.0	0.0	0.0	0.0	0.0	0.0	0.0	0.0	0.0	0.0	0.0	0.0	0.0	0.0	0.0	0.0	0.0
457	0.210885292116	0.0966882031556	0.196357761158	0.0721263146541	0.189775268182	-0.0407936090456	0.26012556744	-0.120323569256	0.47038573857	-0.304539948976	-0.10941356037	0.0418856489182	0.0132786900744	0.0142600459132	-0.022614011795	-0.0130181466689	-0.0193407964271	-0.000651038045721	-0.0084318116173	0.000881941827035	0.0051393386265	0.00202966667713	-0.00173473701843	0.00225278522628	0.00357436605227	0.00100237092108	0.000100680277067	0.00141790664878	0.000878462239728	0.000419762973578	0.00030771237592	0.000132541156937	2.92475201255e-05	5.62288180759e-06	1.53283203917e-05	-0.0	0.0	0.0	0.0	0.0	0.0	0.0	0.0	0.0	0.0	0.0	0.0	0.0	0.0	0.0	0.0	0.0
440	0.235037424202	0.247328454694	0.39269963179	-0.0412893318522	0.0474502800214	0.307774707944	-0.006501145523	-0.0163152025936	-0.101284013425	-0.169314436163	0.153768339889	0.0986184668049	0.0168776673189	-0.112888433019	0.150790872588	0.00387265006105	-0.0219547971345	-0.0231808816823	0.0114783984464	0.00943152013449	-0.00849542624948	-0.00809250680463	0.0054731638574	0.00272476394364	0.00255717195152	3.61778156594e-05	-0.000781909245887	0.00113774312796	-0.00158481186749	-8.61228863756e-05	7.57938597935e-05	0.000167922909906	1.34872718669e-05	-3.47234918665e-05	8.94501538567e-07	-0.0	0.0	0.0	0.0	0.0	0.0	0.0	0.0	0.0	0.0	0.0	0.0	0.0	0.0	0.0	0.0	0.0
832	0.523419779894	-0.27328213506	-0.253882796598	-0.000602539857324	-0.00798772108321	-0.0152320699333	-0.0434153356615	0.0137076263295	-0.0235085667484	0.00272427703034	-0.00312708136737	0.0185525044673	0.00767106579854	-0.0408131061979	-0.0368472223598	-0.0126003249642	-0.0381820012387	-0.0186917193408	-0.0988808956299	-0.013115572101	-0.050713355677	-0.0080080782658	-0.00724956379105	-0.00258150030245	0.00944499650256	-0.0200548924192	0.0166734216349	0.00280884211286	0.00928981719271	-0.000820142952631	-0.0027252215157	0.000796491928517	0.0011592988518	-0.000205515313492	0.000129033215086	-0.0	0.0	0.0	0.0	0.0	0.0	0.0	0.0	0.0	0.0	0.0	0.0	0.0	0.0	0.0	0.0	0.0
831	0.548995699612	-0.241808993258	-0.181464963474	-0.0275018595059	-0.0258989756202	0.0189543441307	0.0134302895425	-0.00609591114248	-0.0171462995611	0.0168016466994	-0.0093921446025	-0.0107210157315	-0.0118293848971	0.0159923553537	-0.0167826648029	0.00557431450387	0.012426422434	0.00387827707521	0.0121559963104	0.0197653850173	0.0285084570503	0.0241062422798	-0.00675255964819	-0.00828989911986	-0.0205859690363	0.013781330956	0.0115444280583	0.0121846687741	0.00049596951884	-0.0170882319665	0.00487674081052	0.00616459564059	0.0016478388328	-0.000282301957788	5.73188416605e-05	-0.0	0.0	0.0	0.0	0.0	0.0	0.0	0.0	0.0	0.0	0.0	0.0	0.0	0.0	0.0	0.0	0.0
836	0.536305320412	-0.262482166933	-0.227398995069	-0.00953161915654	-0.0130118950651	-0.00264902950501	-0.0115201555505	0.0102284849813	-0.0250306649028	0.00957943461054	-0.00295252897517	0.0103984581919	0.00679072976663	-0.0120220233323	-0.0163179777623	-0.00739033110832	0.0107329302549	0.0084833908458	0.0714603967884	-0.0081351016826	0.0459999521594	-0.0059184844778	-0.0196229729358	0.0206483428144	0.0300771004884	0.00252690824096	-0.00131324624189	-0.00818719063653	0.0140653120345	0.00349360819119	-0.00182767868303	0.00628339376695	9.26709236022e-05	0.000165475585615	0.000165084203443	-0.0	0.0	0.0	0.0	0.0	0.0	0.0	0.0	0.0	0.0	0.0	0.0	0.0	0.0	0.0	0.0	0.0
837	0.573328402277	-0.168587382231	-0.0160362890858	-0.0322339342201	-0.133126381047	-0.00978089445814	-0.0174150231283	0.0104645339944	0.0293036235349	-0.028039627023	0.107964126745	0.0173725831422	0.0244194202032	-0.0268022727759	0.0753926565031	0.0110182569337	-0.0134041911449	-0.0166934883139	-0.0212729925555	-0.0129378255169	0.00685473340049	0.0032949583719	0.00853143550769	0.0045805206556	0.018142857124	0.00717977102989	0.00332377967061	0.00108727356895	0.00531783778871	0.00161306366063	0.00191287102081	-0.000775440275036	0.000138896743322	-4.44733174068e-06	6.17680589439e-05	-0.0	0.0	0.0	0.0	0.0	0.0	0.0	0.0	0.0	0.0	0.0	0.0	0.0	0.0	0.0	0.0	0.0
834	0.558598913092	-0.222994439611	-0.135550595419	-0.0353897679499	-0.0477954568113	0.0205191089902	0.0196910766134	-0.0113497044521	0.0180343563821	-0.00503289933319	-0.0120733369646	-0.0237861699183	-0.0249194642431	0.0200809171569	0.0404788646369	0.00760604888597	0.0349174654877	0.0136252201105	0.0304597206573	-0.00818470013662	-0.00300953275709	-0.00567221920286	-0.00505861697398	-0.031977477444	0.00298234290207	0.0137993651997	-0.00317445144371	0.00326342909809	0.000182947221971	0.00248611111607	-0.0113240713681	0.00796443592128	-0.000878022516234	-1.06285793028e-05	8.66013291643e-05	-0.0	0.0	0.0	0.0	0.0	0.0	0.0	0.0	0.0	0.0	0.0	0.0	0.0	0.0	0.0	0.0	0.0
838	0.53142081006	-0.266924279471	-0.241242475388	-0.0127090650165	-0.0153582916899	-0.00761398513404	-0.0229299580004	0.0116822350271	-0.0267164613771	0.00314310229526	-0.00555168569764	0.00885730143626	-0.0029133410172	0.0196464051684	0.0102512908182	-0.0153752846904	-0.0191801118938	0.0159281747641	0.0508991624612	0.0374436375988	0.0579114820774	0.00734520965381	-0.0362151727692	0.0162745574855	-0.0183942062755	-0.0106976051988	0.000500147074127	-0.00142590995873	-0.0055192817383	0.00477826128576	-0.000441759864692	-0.00751592833285	-0.00034728386226	1.82993029922e-06	-8.91608524622e-05	-0.0	0.0	0.0	0.0	0.0	0.0	0.0	0.0	0.0	0.0	0.0	0.0	0.0	0.0	0.0	0.0	0.0
839	0.547032656199	-0.241369656523	-0.178648835461	-0.0218276386412	-0.0244594489612	0.0150282074007	0.0135052825429	-0.00519537604854	-0.011726286132	0.0187628903419	-0.0167723534144	-0.00583998735456	-0.00325434213539	0.0144087239279	-0.0290467981539	0.00582832802693	0.0131838115847	-0.0108561799169	-0.0224146125219	0.00419903563137	-0.0115831565323	0.0272965696368	0.0734801690287	0.0248904722619	-0.0164664132534	-0.015363237589	0.00360901436993	-0.0105934999361	0.00177942422528	0.00953269778217	-0.00206923565827	0.00179499214395	-0.000302528610459	0.000101385239916	1.6992477143e-05	-0.0	0.0	0.0	0.0	0.0	0.0	0.0	0.0	0.0	0.0	0.0	0.0	0.0	0.0	0.0	0.0	0.0
759	-0.0792739777427	0.478134284457	-0.302014961219	0.207495469847	-0.0482529450234	0.0990636982048	-0.003689845011	-0.00265029288204	-0.0308943693824	-0.0209566356161	-0.00835902051738	-0.0539427592599	0.0782282479041	-0.0448086673565	0.0356027597149	-0.0624199939058	-0.0705777138316	0.0226369053222	0.00860672612582	-0.0376439596349	0.000642627371911	-0.00695914606747	-0.00148376255914	0.00564082614423	-0.0079145924944	0.000639828439981	0.00672326380395	0.00378874328249	0.000652928241851	3.58510322907e-05	-7.66690314372e-05	0.00157094736706	-6.48986982252e-05	2.8917575921e-05	-1.75376355528e-05	-0.0	0.0	0.0	0.0	0.0	0.0	0.0	0.0	0.0	0.0	0.0	0.0	0.0	0.0	0.0	0.0	0.0
429	-0.123011990926	0.204755745753	0.0661258682445	-0.393648136009	-0.0134371387245	0.0384469863522	0.0418158613963	-0.0156903574658	0.021862435196	-0.0248816752736	-0.0118744180803	-0.110528475647	-0.0755619351687	0.118419130037	0.119306818078	0.0108371368401	0.0365929488411	0.0149448361538	0.0088256281106	-0.0139330544052	-0.0397294856525	9.54378925676e-05	0.00607160635338	-0.00640307450981	-0.00323787934152	0.00372324591506	0.00177502393991	-0.000269701119489	0.000998528608714	-0.000480980121584	-1.83394830634e-05	8.81377849308e-05	0.000156357618701	-9.0519707575e-06	1.05828287381e-05	-0.0	0.0	0.0	0.0	0.0	0.0	0.0	0.0	0.0	0.0	0.0	0.0	0.0	0.0	0.0	0.0	0.0
1018	-0.39992671361	-0.316457925933	0.107456687423	0.0334291560472	0.00341898486851	-0.00140185932447	0.000826011757815	-0.00160446831733	0.00401855989643	0.00507182620428	0.00623808812327	-0.00879611227652	0.000207217770222	-0.009514639009	-0.00187726242528	0.00282757723192	0.00187094004633	-0.00566230911045	-0.0111182048798	0.00243089896461	0.00168937234089	-0.00253234763497	-0.0111817294945	-0.00149223170713	-0.000989970351699	-0.00726866470809	-0.00630935400245	0.00024439215029	0.00278370523316	-0.0035529783515	-0.012300276295	-0.00552177891144	0.00384221237172	-0.000758538051266	0.00154749964353	-0.0	0.0	0.0	0.0	0.0	0.0	0.0	0.0	0.0	0.0	0.0	0.0	0.0	0.0	0.0	0.0	0.0
1019	-0.401785480334	-0.316096187295	0.105964691951	0.0331407048698	0.00152484278162	-0.000906649697809	-0.00101297728328	-0.000694418080545	0.0042060682668	0.00438356201872	0.00467449721861	-0.00629475836018	-0.00529537393707	-0.00233179113465	0.00566301306625	-0.00186996703145	-0.0114873555147	-0.00238623125414	-0.021693688903	0.0138320227335	0.0178464153026	0.00433075345532	-0.0061533749615	-0.00665515895757	0.0121723047849	-0.0212835199701	-0.016262692408	-0.00526240068564	0.00921978821459	-0.00996380609444	0.00765085748347	0.00197017427601	-0.00139941018431	-0.000978664883354	-0.000495030184921	-0.0	0.0	0.0	0.0	0.0	0.0	0.0	0.0	0.0	0.0	0.0	0.0	0.0	0.0	0.0	0.0	0.0
435	0.215472155266	0.217626291912	0.363720612369	0.0338424398058	0.0419481876258	0.151663080987	0.00777729877947	-0.0220224020982	-0.144125712467	0.0770109279376	-0.453334249708	-0.0435668738999	-0.0593245778937	-0.0809717463426	-0.000351702510884	-0.00919462137416	0.00825424835176	0.0222113681535	-0.00671615177256	0.00414157440063	-0.0115997489889	-0.00755498825964	-0.00577193011147	0.0021021263021	0.00128597678395	0.000854669112134	0.000512791218045	0.000181430307358	0.000627543710227	0.000843686458168	-0.000134047841241	0.00021471510177	2.8008951788e-05	-6.85683764246e-06	1.2910741323e-05	-0.0	0.0	0.0	0.0	0.0	0.0	0.0	0.0	0.0	0.0	0.0	0.0	0.0	0.0	0.0	0.0	0.0
1032	-0.428500679101	-0.204896608709	0.0114213514516	0.0116439423656	-0.0209828507961	-0.00291907596956	-0.0396271211298	0.0354560232303	0.0290633387197	0.00113283294203	-0.00234137533779	0.00394223624391	0.000498312566841	-0.00503091779055	0.0146439796084	0.011354580194	0.0128713705561	-0.00786450336453	0.028133392207	0.0140219064275	-0.028451187428	0.0318560282986	0.0123203693916	-0.00714867143215	0.00456948415019	0.0129217286313	0.00899525455466	0.00842220904877	0.00486939148804	-0.0096198765789	-0.000554430433302	-0.00651771562633	0.000252259333881	0.000149018366619	-0.000234531941247	-0.0	0.0	0.0	0.0	0.0	0.0	0.0	0.0	0.0	0.0	0.0	0.0	0.0	0.0	0.0	0.0	0.0
1033	-0.431652952944	-0.141328958365	-0.0266548974693	-0.0102773056379	-0.0281877506366	-0.00480869385365	-0.0434951070673	0.027315496587	0.0203154976279	0.0111617049673	-0.00824118035882	0.0256864740718	0.0412720340358	-0.0241228238406	-0.00359284240988	0.012401218937	-0.0194614711454	0.00474614326826	0.0448541106557	-0.00189032410037	-0.0180358806631	0.0154357096505	-0.00131496707177	-0.024782589229	-0.0219706968721	-0.0146155788815	-0.00346707832333	-0.00633776523123	0.0024766425184	0.00588852918009	0.00553705983557	0.00379662316442	-0.000606287381859	2.05263503083e-05	0.000159126832349	-0.0	0.0	0.0	0.0	0.0	0.0	0.0	0.0	0.0	0.0	0.0	0.0	0.0	0.0	0.0	0.0	0.0
1016	-0.396962725405	-0.332016429184	0.119328330963	0.0351624633104	0.000531869959317	-0.00719427804647	0.00699991567539	-0.00841519127471	-0.00221889442659	-0.00221066958251	0.0053409387696	-0.00790405780873	0.000746512836664	-0.0168448645676	-0.00288086883321	0.00453359890162	0.00417027052184	-0.00562598082346	-0.0126154335636	-0.00420489013351	0.0021835195174	-0.00831480670573	-0.0142263562851	0.00361096331701	-0.00570486708241	-0.000199528075824	0.0122260336279	0.0046284027299	-0.00211185836892	0.00439997709728	-0.000361365536674	0.000599610055018	-0.00802149652508	-0.00305024509529	-0.000294208871734	-0.0	0.0	0.0	0.0	0.0	0.0	0.0	0.0	0.0	0.0	0.0	0.0	0.0	0.0	0.0	0.0	0.0
1017	-0.395648013691	-0.33669706575	0.123663961017	0.034566011609	-0.000697277387875	-0.00815509235642	0.0104524007548	-0.0104236311321	-0.00847523548789	-0.00824566553022	0.002558427437	-0.00768501093837	-0.00218427186648	-0.0176106586956	0.00031396031353	0.00238373934204	-0.00179997223858	-0.00536105121036	-0.0185177969634	0.0036150349799	0.0109769972159	-0.00604689686573	-0.0115373490374	-0.0018507837015	0.000556571877665	-0.00589747867673	0.00992507934724	-0.00117966791966	-0.00652356856517	0.00244454543989	0.00929459433368	0.00312024406205	0.00242179781012	0.00350536630631	0.000700195633363	-0.0	0.0	0.0	0.0	0.0	0.0	0.0	0.0	0.0	0.0	0.0	0.0	0.0	0.0	0.0	0.0	0.0
425	0.26770740437	0.246156326749	0.476590177905	0.0128872801609	-0.140333272629	-0.0554045308905	-0.0392133327712	0.0123322849876	-0.00850080170896	0.0373725941609	-0.0334739814253	-0.00380276926871	0.217311586449	0.0409955095761	0.0356653238924	0.107250956263	0.0725545784501	0.0615997430118	-0.0690356898319	0.00508898064048	0.0345458168011	0.0162181003409	-0.00694062707217	0.000526655282266	0.000313594581033	-0.00281631499275	-0.00135722352363	0.000748527201324	0.000719276695704	1.7325806343e-05	-0.000245425288565	-0.000615852967004	-9.92012683722e-05	3.89827207613e-05	-2.12898906021e-05	-0.0	0.0	0.0	0.0	0.0	0.0	0.0	0.0	0.0	0.0	0.0	0.0	0.0	0.0	0.0	0.0	0.0
424	0.275151396496	0.240163831806	0.508479356973	0.0158093793104	-0.167050407886	-0.0869012882397	-0.0518081180087	0.0286888338187	0.00180341559165	0.0468610989735	-0.0261559463985	-0.00687928602003	-0.0345591484271	0.00636977035376	-0.0243862403084	0.00529001857362	-0.0399289887823	-0.100870128127	0.0174789205822	-0.114151420286	0.0485484573236	0.0250207766074	0.00197179627774	-0.0109857257275	-0.00181351616813	-0.000951286998051	-0.00355724858614	-0.000869216227732	-0.00413946638845	-0.000365180518787	-0.00057313829071	-0.00164802914188	0.000213344007398	-5.02509560875e-05	-2.08600210126e-05	-0.0	0.0	0.0	0.0	0.0	0.0	0.0	0.0	0.0	0.0	0.0	0.0	0.0	0.0	0.0	0.0	0.0
427	0.272882821175	0.250247595307	0.507897747234	-0.0116519684684	-0.177997320785	-0.0779467341613	-0.0372815431728	0.0216745019446	-0.0110975691011	0.0277930215781	0.0351579090713	0.0303268753986	-0.0289850576813	0.094511501921	-0.0316167406037	-0.0231934789826	-0.0433277425494	-0.0393146583514	0.0110360444968	0.0713555628883	-0.00923025591001	-0.000270714056429	-0.00324028085803	0.0178082353242	-0.0151772638042	0.0061995691413	0.00373562174377	0.0186380678008	0.00343062631189	0.00832286486345	-0.00228657872498	0.00131547780303	0.000250310269366	4.69558247022e-05	8.717148483e-05	-0.0	0.0	0.0	0.0	0.0	0.0	0.0	0.0	0.0	0.0	0.0	0.0	0.0	0.0	0.0	0.0	0.0
1035	-0.436183737313	-0.128607756151	-0.0530766377164	0.0262386283415	-0.0547669889238	-0.0150486729252	-0.0306457606248	0.0270954229181	0.0258834946195	0.00622237170498	-0.00481185690354	0.0431507464859	0.00442640393216	-0.028426493738	0.0029720275422	9.78682832784e-05	0.00487766121066	-0.00209383393766	0.00500329695732	0.0169164917583	0.0330715648887	-0.0441825430535	0.0320198544616	-0.019138603585	-0.0120152968014	0.00380082149275	0.00243437107901	-0.00147354280395	-0.00262695199311	-0.00407057566528	-0.00564511364667	2.16807362218e-05	0.000287946046886	-0.000112898872581	-4.7937578638e-05	-0.0	0.0	0.0	0.0	0.0	0.0	0.0	0.0	0.0	0.0	0.0	0.0	0.0	0.0	0.0	0.0	0.0
1139	-0.397416506172	-0.330594263695	0.118147628228	0.0350760477863	0.000787522664212	-0.00643962900138	0.00635997276319	-0.00774472415867	-0.00133540265986	-0.000784474260486	0.00583127184375	-0.0077165680788	0.000664707760892	-0.0157240203601	-0.00191737326733	0.00449221285926	0.00424674982119	-0.00624486723266	-0.0122516528298	-0.00317740252051	0.0029351403962	-0.00889579723626	-0.0135053045057	0.00132808899142	-0.00547599997498	0.00179243403994	0.0146686038976	0.00366499676597	-0.00287020116318	0.00493023594832	7.09972982132e-05	-0.000430940500834	0.00189333532202	-0.00187404979378	0.000243357665535	-0.0	0.0	0.0	0.0	0.0	0.0	0.0	0.0	0.0	0.0	0.0	0.0	0.0	0.0	0.0	0.0	0.0
1138	-0.402663092497	0.0397502124802	-0.172271159245	0.130267536436	-0.132633831337	0.00348042735968	0.0217930944502	-0.0131368697505	-0.000666376002641	-0.00793322759526	0.0125350706943	0.0255401357085	-0.0279340073246	0.0093057812173	0.00787282343803	0.00730873306798	0.0330598845389	0.00287734200658	-0.00657885861858	-0.0155156312425	0.00158884453624	-0.00173551269564	-0.00822256651928	0.0123873999591	0.00911397893563	0.0118937903842	0.0193639947355	-0.00383393489468	-0.0094398238094	0.00596430584545	0.00565670307197	0.00131421450057	0.000618619222368	3.91900480108e-05	9.83867685113e-05	-0.0	0.0	0.0	0.0	0.0	0.0	0.0	0.0	0.0	0.0	0.0	0.0	0.0	0.0	0.0	0.0	0.0
757	-0.39010723978	0.0666295923708	-0.181643082041	0.149680490945	-0.13662651252	0.0105533780398	0.0271779202333	-0.0197234166639	-0.00631555402161	-0.00446587003025	0.0106584204944	0.00260152425067	-0.0258335737171	0.0167348795468	0.00822724837741	0.0209567375958	0.0232754209979	-0.00733091374878	-0.00273014203692	-0.0182101242634	-0.0168067679474	-0.0119573928633	-0.00903210749366	0.0279068983406	-0.00215220577628	-0.0104000295132	-0.0219282776947	0.00932494244119	0.00820609010132	-0.00464430267992	-0.00144796997648	-0.000367857186507	-0.000262248093655	-2.64942920138e-05	-1.62726031482e-05	-0.0	0.0	0.0	0.0	0.0	0.0	0.0	0.0	0.0	0.0	0.0	0.0	0.0	0.0	0.0	0.0	0.0
1158	-0.140830206659	0.37018317408	-0.196765304862	-0.0959485008147	-0.0105154363928	0.0497518448862	-0.0189872895782	-0.0186023172173	-0.0655022079483	-0.00702378544236	-0.00718610072053	0.33978984372	-0.0352214421379	0.051820787545	-0.0526427474117	-0.0331976270704	0.0533413337802	0.0404750551293	-0.00327843478079	-0.0378704333062	-0.0245323223759	0.0152091695177	-0.0177680971639	-0.00825389910957	-0.00468019376063	-0.00300247109333	-0.00321657732018	0.00339387857903	0.00194242325992	0.00253423950434	-7.00310839325e-05	-0.000183053920906	0.000112004514159	6.70220137575e-05	1.36373117127e-05	-0.0	0.0	0.0	0.0	0.0	0.0	0.0	0.0	0.0	0.0	0.0	0.0	0.0	0.0	0.0	0.0	0.0
1155	-0.129348260545	0.30375267559	-0.183830721015	-0.381443348133	0.139980567649	-0.145802753874	-0.0945778818413	0.0741973937778	0.0853346571561	0.0572626194633	-0.0311715542111	-0.0179340291342	0.0633293387624	-0.101892851474	0.00419583979086	0.0186040532785	-0.0307595475845	-0.0348633372891	0.0399352666876	0.0364728306859	-0.0411509760736	0.0485668988231	-0.0204757147792	0.00220194810498	0.0127943396064	-0.00847381083847	-0.00211339917598	-0.00258227202302	-0.00617172940448	0.000589021828032	-0.00312659347145	0.000869795190581	-0.000194311160323	2.122616838e-05	-6.39980028878e-05	-0.0	0.0	0.0	0.0	0.0	0.0	0.0	0.0	0.0	0.0	0.0	0.0	0.0	0.0	0.0	0.0	0.0
1154	-0.164261765196	0.300404513484	-0.206194893006	-0.368201321091	0.108765969977	-0.134355335561	-0.0757932886232	0.0617490832683	0.0733971547264	0.0480830376017	-0.0221790313566	0.00945494882226	0.0239832654808	-0.0745820272348	-0.00856483006675	-0.019832402139	0.0170087830115	-0.0212226996973	-0.008806766958	-0.00511871137435	0.0394660785338	-0.0356637523908	0.0197733423411	-0.0145186523491	-0.0230521649423	0.00602865829248	-0.00205821406752	0.0117580376624	0.0136837365617	0.00304324269585	0.00598546106519	-0.00157257064687	8.13164901203e-05	0.000110286852861	0.000128563204848	-0.0	0.0	0.0	0.0	0.0	0.0	0.0	0.0	0.0	0.0	0.0	0.0	0.0	0.0	0.0	0.0	0.0
1157	-0.190753076896	0.338476923285	-0.242635775263	-0.301409581269	0.0433762095003	-0.100159477774	-0.0406701753246	0.0286730529045	0.0403205346615	0.0314723162988	-0.00215001649275	0.0442600801048	-0.000347211795073	-0.00969763088488	-0.0131572313814	0.00820058947105	0.0104258288174	0.00936537831671	-0.028523579066	0.00367935540598	0.0354084052108	-0.033803318764	0.00377533959044	0.0173190341519	0.0148398756319	0.00108276681332	0.00658775630547	-0.0134239006954	-0.0130917586236	-0.00484467413171	-0.00498064018624	0.00115876890794	-0.000111882333075	-0.000214901874772	-0.00011267355032	-0.0	0.0	0.0	0.0	0.0	0.0	0.0	0.0	0.0	0.0	0.0	0.0	0.0	0.0	0.0	0.0	0.0
1156	-0.247800111663	0.338956584892	-0.295948549841	-0.115198098425	-0.0585889465891	-0.0413931424213	0.0376574937825	-0.0241205989836	0.00947257095291	-0.000230049349106	0.0304583596739	-0.127176205611	-0.0449025491925	0.0243063080401	0.0138600386108	0.0352548502982	0.0255271569971	-0.0187738198539	-0.016511926926	-0.0305390291189	-0.018801863765	-0.0132074374509	-0.0187218980188	0.0334473878828	0.00284807073155	0.00179063202166	-0.00362268423778	0.0083733759795	0.00322481445402	0.00215354168991	0.00365737801364	0.000188619979391	0.000433825511672	7.94472116869e-05	6.79242380517e-05	-0.0	0.0	0.0	0.0	0.0	0.0	0.0	0.0	0.0	0.0	0.0	0.0	0.0	0.0	0.0	0.0	0.0
447	-0.399181960884	-0.299025824725	0.0958550688675	0.0314406838522	-0.000606950654725	0.0020338557082	-0.00104575203544	0.00565846183147	0.00842699369424	0.00744342120234	0.00222749785174	-0.0138687343303	0.000975732602917	-0.00202505293689	0.00245436373096	0.00211471834713	0.00398841726281	-0.00484209657952	-0.00103148100206	0.0112645180922	0.00429725552564	-0.00400150152237	0.00628135382825	-0.00900897681104	0.00611550474024	0.0116182907505	-0.0325817727689	-0.00585414499332	-0.00279083528197	0.0107876526941	0.0018716694149	0.00109589614741	0.000752947952645	-0.00010086711604	0.000117482822438	-0.0	0.0	0.0	0.0	0.0	0.0	0.0	0.0	0.0	0.0	0.0	0.0	0.0	0.0	0.0	0.0	0.0
1153	-0.346284411171	0.184549719329	-0.24208944424	0.0082924122794	-0.108281779926	0.00808288554441	0.0515437921567	-0.0378090855031	-0.0190644387544	-0.0159355864532	0.0299525229403	-0.0648008261468	-0.0193236667636	0.0439706393886	-0.0202968812312	-0.0317375613799	-0.0209570675858	0.0343746490206	-0.019224669483	-0.0288669931207	0.0201408173571	0.0342193311813	0.00938412028719	-0.0208515116524	0.00833208953469	1.15443122683e-05	0.00483817983698	-0.00823706569689	0.000808177020082	-0.00137753369345	-0.00348325902103	-0.00150339489545	-0.000857181512116	1.99305229411e-05	-0.000100751442355	-0.0	0.0	0.0	0.0	0.0	0.0	0.0	0.0	0.0	0.0	0.0	0.0	0.0	0.0	0.0	0.0	0.0
844	0.555591530489	-0.231812709271	-0.156326811028	-0.0311180350625	-0.0342732086096	0.0240204709056	0.0221329505129	-0.0130847376362	0.0119582809682	-0.00456863058689	-0.0188364499504	-0.0198315610877	-0.0248286503287	-0.00294933088888	0.0170864678279	0.00181311637224	0.0302156564382	0.0217865453093	0.0271961240356	-0.00338254269328	-0.00946305723391	-0.00882044652662	-0.00206201897454	-0.0186104046667	0.00794091084989	0.00831022740269	0.00816358341013	-0.0120307729001	0.00718519910796	0.00514267977247	0.00572410862937	-0.011237657276	0.00022340216409	3.11349786266e-08	-0.000177756527123	-0.0	0.0	0.0	0.0	0.0	0.0	0.0	0.0	0.0	0.0	0.0	0.0	0.0	0.0	0.0	0.0	0.0
842	0.526053751087	-0.271163786325	-0.24816303094	-0.00400980638047	-0.0118853847351	-0.0161400129346	-0.0394865607469	0.0139698039412	-0.0243680057474	0.00341918832445	-0.00341886356374	0.017830230553	0.0129142405702	-0.0194304112038	-0.0279791093596	-0.011757292609	-0.0451736330307	-0.0202426125352	-0.0872426508939	0.00343067921919	-0.031242625385	0.00392771693052	-0.0161160512731	0.00274107564418	-0.0143408783162	0.0404573853039	-0.0211444412798	-0.00871568420086	-0.00597402037309	-0.00192582724365	0.00176216112838	-0.00100820936396	-0.00102475489321	0.000172155422339	-9.13865659543e-05	-0.0	0.0	0.0	0.0	0.0	0.0	0.0	0.0	0.0	0.0	0.0	0.0	0.0	0.0	0.0	0.0	0.0
1040	0.0500599644525	0.185800771878	0.00113260676733	0.159233265643	0.333514031452	0.282401921072	-0.376565453679	0.318704185471	0.109883419126	-0.119629140124	0.0200230828818	-0.0619270097146	-0.01947401835	0.077868873985	-0.0606656468212	0.00680708861409	0.0143921898635	0.00568018242885	-0.00551590417167	-0.00491537579961	0.010003609223	5.01890197881e-05	0.00124378468904	0.00473437051244	0.00208772007021	0.000510619514638	-0.000112325882043	-0.000897729583355	-0.000156464516236	-0.000521190541779	0.000160932074876	-0.000264357605671	-2.83078371475e-05	2.20947593207e-06	-6.46442242184e-06	-0.0	0.0	0.0	0.0	0.0	0.0	0.0	0.0	0.0	0.0	0.0	0.0	0.0	0.0	0.0	0.0	0.0
1024	0.115294268932	0.0905031710635	0.0799290356697	0.18176233014	0.432196457198	-0.265894649217	-0.280216445779	-0.422925387966	-0.156576823546	-0.083260278896	0.0256843331414	-0.0147621781303	-0.0141014166501	0.0309145269831	0.0295736151313	-0.0017700587146	0.00280932338659	0.00450475803289	0.00534328136291	-0.00463841403369	-0.00175894113404	-0.000406549470489	0.00509382775231	-0.00140335154438	9.61666287703e-05	0.000558285276714	0.0003299521886	-0.000344880209266	0.000200083061742	-0.0004263773224	0.000163957380114	9.36293715321e-05	3.68609768419e-05	-8.2164150703e-06	-1.27474237254e-06	-0.0	0.0	0.0	0.0	0.0	0.0	0.0	0.0	0.0	0.0	0.0	0.0	0.0	0.0	0.0	0.0	0.0
1031	-0.416163385901	-0.264175756395	0.0617323312327	0.0261586681092	-0.00207302584112	0.00747226574038	-0.0357207390489	0.031981672684	0.0241569999896	-0.0027622735562	0.00233964960796	-0.0135459130254	-0.00958541245944	0.0139817631528	0.0097890470713	0.007189893949	0.0253666968769	-0.00753543120695	0.00239705857355	0.00224378759084	-0.0198947338081	0.0101480176256	-0.000225872635922	-0.00565362401508	0.00135649517987	0.00166847760744	0.00446724643042	-0.00182147013676	-0.000899338543429	0.000185286913689	0.000758386152782	0.00156209382113	-0.00506527458405	0.00137243477756	0.00112945082231	-0.0	0.0	0.0	0.0	0.0	0.0	0.0	0.0	0.0	0.0	0.0	0.0	0.0	0.0	0.0	0.0	0.0
843	0.543858410579	-0.251366909775	-0.201062875272	-0.014761233792	-0.0237245316943	0.00600418814546	-0.00252905639346	0.00191677820116	-0.0226172193056	0.0208972572054	-0.0199748941327	-0.0003670727179	0.0143080075167	0.0163603722279	-0.0348744839951	0.000298783262978	0.00949901102631	-0.00481798022962	0.0126536676043	-0.00149392289827	-0.00886120209053	-0.01703442675	0.0218492348993	-0.0184185779909	0.0358993424747	-0.0160117279233	-0.0101350818256	0.0306746035557	-0.0162099774636	0.000519935095044	0.003580135172	-0.00229579895634	-0.000692656543685	5.95334849788e-05	-7.4235910336e-05	-0.0	0.0	0.0	0.0	0.0	0.0	0.0	0.0	0.0	0.0	0.0	0.0	0.0	0.0	0.0	0.0	0.0
1020	-0.400518086513	-0.320122954263	0.109473109778	0.0346621241802	0.00271287397783	-0.00236517196685	0.00104018982721	-0.00239783992207	0.00445929971404	0.00526550041541	0.00667289459054	-0.00744185529511	0.000438832358737	-0.0117126465564	-0.00152503858002	0.00364764460565	0.00354592523146	-0.0053828821027	-0.0110012576427	-0.00326833339632	0.000964466591349	-0.00821399735696	-0.0124339062203	0.000995458751338	-0.00529541939527	-0.00259572162023	0.00358868967595	0.004559765411	0.00345261525309	0.00138885659801	-0.00944849345573	-0.00146577607552	-0.00154391372389	0.0039008508585	-0.00157262115538	-0.0	0.0	0.0	0.0	0.0	0.0	0.0	0.0	0.0	0.0	0.0	0.0	0.0	0.0	0.0	0.0	0.0
841	0.56302923492	-0.20245776122	-0.100789687897	-0.0351024565427	-0.0636682994685	0.0102648055337	0.0165148553368	-0.0131793275951	0.0454167008616	-0.0250661274741	-0.0053499528314	-0.00817501724987	0.000349827173325	0.0283975884508	0.0438562520601	0.0138050473126	0.00499166093629	0.0135997117193	0.0298086136868	-0.02594484928	-0.0276955914545	-0.0219518005268	-0.00666059042703	0.00935015287619	-0.0353151354561	-0.0244872532514	-0.00773863897113	-0.00976830954003	-0.0103984757713	-0.00813054347149	0.000716183609433	2.82518708732e-05	3.5757955832e-06	-3.47455757959e-06	-8.32636940148e-05	-0.0	0.0	0.0	0.0	0.0	0.0	0.0	0.0	0.0	0.0	0.0	0.0	0.0	0.0	0.0	0.0	0.0
441	0.263759874922	0.211307559156	0.480029510722	0.0509177150908	-0.152891238131	-0.150697889547	-0.0535120344012	0.0515735865548	0.0807216613424	0.0172157537776	0.157766387597	-0.0699270533434	-0.119274646397	-0.125044677296	-0.0445831318997	-0.0843728927216	0.0245793619288	0.130169639393	-0.00795128199856	0.00282964274606	-0.00524940497083	0.0104643918721	0.00391400988342	0.00387639855452	-0.00075221233518	-0.00223971381795	-0.00512844404173	0.00189227058684	-0.00239187501934	-0.000898334830554	0.000333923627253	0.000313143334267	2.97237070895e-05	-6.32380898729e-06	7.66655432849e-06	-0.0	0.0	0.0	0.0	0.0	0.0	0.0	0.0	0.0	0.0	0.0	0.0	0.0	0.0	0.0	0.0	0.0
437	0.133481444954	0.0829994833752	0.0983814342859	0.154199913791	0.395754882231	-0.272475158641	0.333597939891	0.354784567236	-0.257866876214	-0.0642524997312	0.0278842406933	0.00844175365877	-0.00527914960177	0.0256837164871	0.0313821797704	-0.00107839874473	-0.00259058707473	0.00487573083602	-0.000288869200265	-0.00774378359921	-0.00368205096608	-0.000890292322569	0.00204494853446	-0.00206655489441	-0.000639801734724	-0.000215632009177	0.000297565576222	-0.000536047993974	0.000191045919093	-0.000326481914551	0.000100395154255	3.33103035719e-05	5.83702856432e-06	-1.3601666619e-05	-4.58050661559e-06	-0.0	0.0	0.0	0.0	0.0	0.0	0.0	0.0	0.0	0.0	0.0	0.0	0.0	0.0	0.0	0.0	0.0
426	0.27356881647	0.253595377582	0.511424703787	-0.00671681632163	-0.171270805791	-0.0702727770684	-0.0339785056185	0.0154010343677	-0.0121102802672	0.0374316028717	0.0358929826075	0.0196944196807	0.00534871432654	0.0629360162303	-0.0703439697835	-0.00740096045632	-0.0150915891761	-0.0437412723677	0.0270194460944	0.0332961156576	-0.0427506444861	-0.041186823932	-0.00459297338815	-0.0114592160366	0.0147869121069	-0.00237126695934	0.00589875531655	-0.0204519264995	0.00274345870355	-0.0067709364542	0.00256107000531	0.000230316704093	-0.000477860359191	1.29731958328e-05	-7.10500671313e-05	-0.0	0.0	0.0	0.0	0.0	0.0	0.0	0.0	0.0	0.0	0.0	0.0	0.0	0.0	0.0	0.0	0.0
430	-0.40002971396	-0.227751081833	0.0797055031818	-0.0785352862132	-0.00550114982147	0.0191567788351	0.0224895852555	-0.0263532354941	-0.0362332798969	0.00602795029715	0.014748443089	-0.0279697811379	0.111068226108	0.0291451597383	-0.0434838019917	-0.0368023379895	-0.0920759419449	0.0517474342335	0.0397132437622	-0.0377291199861	-0.022363161335	-0.0140169542401	0.0062621579809	0.00956000177245	-0.000354542590031	0.0096529144134	0.00226979031517	0.00401040480272	-0.000582435123672	-0.00137316260707	-0.00116430366229	-0.000295297866792	0.000557978411839	-4.8150947076e-05	-1.33842707639e-05	-0.0	0.0	0.0	0.0	0.0	0.0	0.0	0.0	0.0	0.0	0.0	0.0	0.0	0.0	0.0	0.0	0.0
431	-0.0341134458052	0.118257329889	0.125495266201	-0.297829313458	0.124825761056	0.264314420219	0.214234409249	-0.173882367045	-0.197762393368	-0.111775303764	0.129306310259	-0.0852701436708	0.000382820231878	-0.0301681303226	-0.160933520457	0.0321033552028	0.0304437918527	-0.0214906622501	-0.00660463070584	0.0112028300985	0.019422847703	0.00787220335286	-0.00377715496646	-0.00347878812758	-0.00491781568367	-0.00157959455308	-0.00165563410805	-0.0011079144916	-0.000597740032605	-0.000261539429391	-0.000523037631082	-0.000528043087032	-0.000105182098375	6.33432340842e-06	-2.41282699816e-05	-0.0	0.0	0.0	0.0	0.0	0.0	0.0	0.0	0.0	0.0	0.0	0.0	0.0	0.0	0.0	0.0	0.0

Biplot	0	0

Site constraints	0	0
