# Constructed from biom file
#OTU ID	145	146	147	148	150	151	152	153	155	156	157	158	160	161	162	163	165	166	167	168	170	171	172	173	175	176	177	178
Unassigned;Other;Other;Other;Other;Other	0.00637577916296	0.00583878678632	0.00617014855303	0.0068032006768	0.000403302334409	0.000240334064349	5.19076044641e-05	0.000401952339937	0.000170121758573	0.00651184918676	0.000295357516849	0.00109009072368	0.000206939366766	0.000309486965837	2.7105412951e-05	7.51917389343e-05	0.00118330228991	0.00141454314357	0.000571852165625	0.000295978393577	0.000252682320012	0.000127291242363	0.000594601022714	7.15956278937e-05	0.000316135558928	0.000267925228252	0.00019535913521	0.000264500283393
k__Bacteria;p__Acidobacteria;c__Acidobacteriia;o__Acidobacteriales;f__Acidobacteriaceae;g__Terriglobus	0.000284951024043	0.000235118930993	0.000167667080245	0.000704994888787	0.0	0.0	0.0	0.0	0.0	0.0	0.0	0.0	0.0	0.0	0.0	0.0	0.0	0.000102503126345	0.00010589854919	0.0	0.0	0.0	0.0	0.0	0.0	0.0	0.0	0.0
k__Bacteria;p__Acidobacteria;c__[Chloracidobacteria];o__RB41;f__Ellin6075;g__	7.12377560107e-05	0.0	0.000100600248147	0.0	0.0	0.0	0.0	0.0	0.0	0.0	0.0	0.0	0.0	0.0	0.0	0.0	0.0	0.0	0.0	0.0	0.0	0.0	0.0	0.0	0.0	0.0	0.0	0.0
k__Bacteria;p__Actinobacteria;c__Acidimicrobiia;o__Acidimicrobiales;f__;g__	0.000106856634016	0.0	0.0	0.0	0.0	3.00417580437e-05	0.0	0.0	0.0	0.0	0.0	0.0	6.89797889218e-05	0.0	8.13162388529e-05	0.0	0.0	0.0	0.0	0.0	0.0	0.0	0.0	0.0	0.0	0.0	2.17065705789e-05	1.88928773852e-05
k__Bacteria;p__Actinobacteria;c__Actinobacteria;o__Actinomycetales;f__;g__	0.0	0.0	0.0	0.0	0.0	0.0	0.0	0.0	0.0	0.00011893788469	0.0	0.0	0.0	0.000142840138079	0.0	0.0	0.0	0.0	0.0	0.0	0.0	0.0	0.0	0.0	0.0	0.0	0.0	0.0
k__Bacteria;p__Actinobacteria;c__Actinobacteria;o__Actinomycetales;f__Actinomycetaceae;g__Actinomyces	0.0	0.0	0.0	0.0	0.0	0.0	0.0	0.0	0.0	0.0	0.0	0.0	0.0	0.0	0.000108421651804	0.0	0.0	0.0	0.0	0.0	0.0	0.0	2.37840409086e-05	0.0	0.0	0.0	0.0	0.0
k__Bacteria;p__Actinobacteria;c__Actinobacteria;o__Actinomycetales;f__Beutenbergiaceae;Other	0.0	0.0	0.0	0.0	0.0	0.0	0.0	0.0	0.0	8.92034135173e-05	0.0	0.0	0.0	0.0	0.0	0.0	0.0	0.0	0.0	0.0	0.0	0.0	0.0	0.0	0.0	0.0	0.0	0.0
k__Bacteria;p__Actinobacteria;c__Actinobacteria;o__Actinomycetales;f__Beutenbergiaceae;g__Salana	0.0	0.000274305419491	0.000134133664196	0.000105749233318	0.0	0.0	0.0	0.0	0.0	0.0	0.0	0.0	0.0	0.0	0.0	0.0	0.0	0.000266508128498	2.1179709838e-05	0.0	0.0	0.0	0.0	0.0	0.0	0.0	0.0	0.0
k__Bacteria;p__Actinobacteria;c__Actinobacteria;o__Actinomycetales;f__Bogoriellaceae;g__Georgenia	0.0	0.0	0.0	0.0	0.0	0.0	0.0	0.0	0.0	0.0	0.0	0.0	0.0	0.0	0.0	0.0	0.0	6.15018758072e-05	0.0	0.0	0.0	0.0	0.0	0.0	0.0	0.0	0.0	0.0
k__Bacteria;p__Actinobacteria;c__Actinobacteria;o__Actinomycetales;f__Brevibacteriaceae;g__Brevibacterium	7.12377560107e-05	7.83729769975e-05	3.35334160491e-05	3.52497444394e-05	0.0	0.0	0.0	0.0	0.0	0.000178406827035	0.0	0.0	0.0	0.0	0.0	0.0	0.0	0.0	0.0	0.0	0.0	0.0	0.0	0.0	0.0	0.0	0.0	0.0
k__Bacteria;p__Actinobacteria;c__Actinobacteria;o__Actinomycetales;f__Cellulomonadaceae;Other	0.000178094390027	0.000117559465496	3.35334160491e-05	0.0	0.0	0.0	0.0	0.0	0.0	0.0	0.0	0.0	0.0	0.0	0.0	0.0	0.0	0.0	0.0	0.0	0.0	0.0	0.0	0.0	0.0	0.0	0.0	0.0
k__Bacteria;p__Actinobacteria;c__Actinobacteria;o__Actinomycetales;f__Cellulomonadaceae;g__Cellulomonas	0.000142475512021	0.000235118930993	0.000301800744442	0.000211498466636	0.0	0.0	0.0	2.87108814241e-05	0.0	8.92034135173e-05	0.0	0.0	0.0	0.0	0.0	0.0	0.0	0.0	0.0	0.0	0.0	0.0	0.0	0.0	0.0	2.06096329424e-05	0.0	0.0
k__Bacteria;p__Actinobacteria;c__Actinobacteria;o__Actinomycetales;f__Corynebacteriaceae;g__Corynebacterium	0.0	0.0	6.70668320982e-05	0.0	0.0	3.00417580437e-05	0.0	0.0	0.0	0.0	0.0	0.0	0.0	0.0	0.0	0.0	0.0	0.0	0.0	0.0	0.0	0.0	0.0	0.0	0.0	0.0	0.0	0.0
k__Bacteria;p__Actinobacteria;c__Actinobacteria;o__Actinomycetales;f__Dermabacteraceae;g__Brachybacterium	7.12377560107e-05	0.0	3.35334160491e-05	0.000105749233318	4.74473334599e-05	0.0	0.0	0.00014355440712	0.0	0.000148672355862	0.0	0.0	0.0	0.0	0.0	0.0	0.0	0.0	0.0	0.0	0.0	0.0	0.0	0.0	0.0	0.0	0.0	0.0
k__Bacteria;p__Actinobacteria;c__Actinobacteria;o__Actinomycetales;f__Dietziaceae;g__Dietzia	0.0	0.0	0.0	0.0	0.0	0.0	0.0	0.0	0.0	0.000178406827035	0.0	0.0	0.0	0.0	0.0	0.0	0.0	0.0	0.0	0.0	0.0	0.0	0.0	0.0	0.0	0.0	0.0	0.0
k__Bacteria;p__Actinobacteria;c__Actinobacteria;o__Actinomycetales;f__Geodermatophilaceae;g__	0.000320569902048	7.83729769975e-05	6.70668320982e-05	7.04994888787e-05	0.0	0.0	0.0	0.0	0.0	0.0	0.0	0.0	0.0	0.0	0.0	0.0	0.0	0.0	0.0	0.0	0.0	0.0	0.0	0.0	0.0	0.0	0.0	0.0
k__Bacteria;p__Actinobacteria;c__Actinobacteria;o__Actinomycetales;f__Gordoniaceae;g__Gordonia	0.000106856634016	0.000117559465496	3.35334160491e-05	7.04994888787e-05	0.0	0.0	0.0	0.0	0.0	0.0	0.0	0.0	0.0	0.0	0.0	0.0	0.0	0.0	0.0	0.0	0.0	0.0	0.0	0.0	0.0	0.0	0.0	0.0
k__Bacteria;p__Actinobacteria;c__Actinobacteria;o__Actinomycetales;f__Intrasporangiaceae;Other	0.0	0.0	0.0	0.0	0.0	0.0	0.0	0.0	0.0	8.92034135173e-05	0.0	0.0	0.0	0.0	0.0	0.0	0.0	0.0	0.0	0.0	0.0	0.0	0.0	0.0	0.0	0.0	0.0	0.0
k__Bacteria;p__Actinobacteria;c__Actinobacteria;o__Actinomycetales;f__Kineosporiaceae;Other	0.000569902048085	0.00031349190799	0.000603601488884	0.000458246677712	0.0	0.0	0.0	0.0	0.0	0.0	0.0	0.0	0.0	0.0	0.0	0.0	0.0	0.0	0.0	0.0	0.0	0.0	0.0	0.0	0.0	0.0	0.0	0.0
k__Bacteria;p__Actinobacteria;c__Actinobacteria;o__Actinomycetales;f__Kineosporiaceae;g__	7.12377560107e-05	3.91864884988e-05	6.70668320982e-05	0.000176248722197	0.0	0.0	0.0	0.0	0.0	0.0	0.0	0.0	0.0	0.0	0.0	0.0	0.0	0.0	0.0	0.0	0.0	0.0	0.0	0.0	0.0	0.0	0.0	0.0
k__Bacteria;p__Actinobacteria;c__Actinobacteria;o__Actinomycetales;f__Kineosporiaceae;g__Kineococcus	0.000106856634016	0.0	0.000100600248147	3.52497444394e-05	0.0	0.0	0.0	0.0	0.0	0.0	0.0	0.0	0.0	0.0	0.0	0.0	0.0	0.0	0.0	0.0	0.0	0.0	0.0	0.0	0.0	0.0	0.0	0.0
k__Bacteria;p__Actinobacteria;c__Actinobacteria;o__Actinomycetales;f__Microbacteriaceae;Other	0.000356188780053	0.000587797327481	0.00036886757654	0.000422996933272	0.0	0.0	0.0	0.0	0.0	0.000654158365793	0.0	0.0	0.0	0.0	0.0	0.0	0.0	0.0	0.0	0.0	0.0	2.12152070604e-05	4.75680818171e-05	2.38652092979e-05	0.0	0.0	0.0	1.88928773852e-05
k__Bacteria;p__Actinobacteria;c__Actinobacteria;o__Actinomycetales;f__Microbacteriaceae;g__	0.00163846838825	0.00152827305145	0.00174373763455	0.00176248722197	0.0	0.0	0.0	0.0	0.0	0.000386548125242	0.0	0.0	0.0	0.0	0.0	0.0	2.19130053687e-05	0.0	0.000148257968866	0.0	0.0	0.0	0.0	0.0	0.0	0.0	0.0	0.0
k__Bacteria;p__Actinobacteria;c__Actinobacteria;o__Actinomycetales;f__Microbacteriaceae;g__Agrococcus	7.12377560107e-05	0.000117559465496	3.35334160491e-05	0.0	0.0	0.0	0.0	0.0	0.0	0.0	0.0	0.0	0.0	0.0	0.0	0.0	0.0	0.0	0.0	0.0	0.0	0.0	0.0	0.0	0.0	0.0	0.0	0.0
k__Bacteria;p__Actinobacteria;c__Actinobacteria;o__Actinomycetales;f__Microbacteriaceae;g__Agromyces	3.56188780053e-05	0.000156745953995	6.70668320982e-05	0.000105749233318	0.0	0.0	0.0	0.0	0.0	0.0	0.0	0.0	0.0	0.0	0.0	0.0	0.0	0.0	0.0	0.0	0.0	0.0	0.0	0.0	0.0	0.0	0.0	0.0
k__Bacteria;p__Actinobacteria;c__Actinobacteria;o__Actinomycetales;f__Microbacteriaceae;g__Clavibacter	0.000106856634016	0.0	0.0	0.0	0.0	0.0	0.0	0.0	0.0	0.0	0.0	0.0	0.0	0.0	0.0	0.0	0.0	0.0	0.0	0.0	0.0	0.0	0.0	0.0	0.0	0.0	0.0	0.0
k__Bacteria;p__Actinobacteria;c__Actinobacteria;o__Actinomycetales;f__Microbacteriaceae;g__Curtobacterium	0.00715939447907	0.00282142717191	0.00274974011603	0.00327822623286	0.0	0.0	0.0	0.0	0.0	0.0	0.0	0.0	0.0	0.0	5.42108259019e-05	0.0	6.57390161061e-05	0.0	2.1179709838e-05	3.69972991972e-05	0.0	0.0	0.0	0.0	0.0	0.0	0.0	3.77857547705e-05
k__Bacteria;p__Actinobacteria;c__Actinobacteria;o__Actinomycetales;f__Microbacteriaceae;g__Leucobacter	0.000106856634016	3.91864884988e-05	0.000100600248147	0.000211498466636	0.0	0.0	2.5953802232e-05	0.0	0.0	0.00303291605959	0.0	0.0	0.0	0.0	0.0	0.0	0.0	0.0	0.0	0.0	0.0	0.0	0.0	0.0	0.0	0.0	0.0	0.0
k__Bacteria;p__Actinobacteria;c__Actinobacteria;o__Actinomycetales;f__Microbacteriaceae;g__Microbacterium	0.00527159394479	0.0228065363063	0.00573421414439	0.00740244633226	0.0	3.00417580437e-05	0.0	0.0	0.0	0.00627397341738	2.68506833499e-05	7.03284337858e-05	0.0	0.0	8.13162388529e-05	0.0	0.000131478032212	4.10012505381e-05	0.00010589854919	9.24932479929e-05	1.94371015394e-05	0.0	2.37840409086e-05	2.38652092979e-05	4.2151407857e-05	6.18288988273e-05	0.0	0.0
k__Bacteria;p__Actinobacteria;c__Actinobacteria;o__Actinomycetales;f__Microbacteriaceae;g__Mycetocola	3.56188780053e-05	0.000195932442494	3.35334160491e-05	0.0	0.0	0.0	0.0	0.0	0.0	2.97344711724e-05	0.0	0.0	0.0	0.0	0.0	0.0	0.0	0.0	0.0	0.0	0.0	0.0	0.0	0.0	0.0	0.0	0.0	0.0
k__Bacteria;p__Actinobacteria;c__Actinobacteria;o__Actinomycetales;f__Microbacteriaceae;g__Pseudoclavibacter	3.56188780053e-05	0.000156745953995	0.0	3.52497444394e-05	0.0	0.0	0.0	0.0	0.0	0.000178406827035	0.0	0.0	0.0	0.0	2.7105412951e-05	0.0	0.0	0.0	0.0	0.0	0.0	0.0	0.0	0.0	0.0	0.0	0.0	0.0
k__Bacteria;p__Actinobacteria;c__Actinobacteria;o__Actinomycetales;f__Micrococcaceae;Other	0.0	7.83729769975e-05	3.35334160491e-05	3.52497444394e-05	0.0	0.0	0.0	0.0	0.0	0.000208141298207	0.0	0.0	0.0	0.0	0.0	0.0	0.0	0.0	0.0	0.0	0.0	0.0	0.0	0.0	0.0	0.0	0.0	0.0
k__Bacteria;p__Actinobacteria;c__Actinobacteria;o__Actinomycetales;f__Micrococcaceae;g__	3.56188780053e-05	0.0	0.000167667080245	3.52497444394e-05	0.0	0.0	0.0	0.0	0.0	0.0106152062086	0.0	0.0	0.0	0.0	0.0	2.50639129781e-05	0.0	4.10012505381e-05	0.0	0.0	0.0	0.0	0.0	0.0	0.0	4.12192658849e-05	0.0	0.0
k__Bacteria;p__Actinobacteria;c__Actinobacteria;o__Actinomycetales;f__Micrococcaceae;g__Arthrobacter	0.0	7.83729769975e-05	0.0	0.0	0.0	0.0	0.0	0.0	0.0	0.0137373256817	2.68506833499e-05	0.0	0.0	0.0	0.0	5.01278259562e-05	0.0	4.10012505381e-05	0.0	0.0	0.0	0.0	0.0	0.0	0.0	0.0	0.0	0.0
k__Bacteria;p__Actinobacteria;c__Actinobacteria;o__Actinomycetales;f__Micrococcaceae;g__Nesterenkonia	0.0	0.0	0.0	0.000105749233318	0.0	0.0	0.0	0.0	0.0	0.0	0.0	0.0	0.0	0.0	0.0	0.0	0.0	0.0	0.0	0.0	0.0	0.0	0.0	0.0	0.0	0.0	0.0	0.0
k__Bacteria;p__Actinobacteria;c__Actinobacteria;o__Actinomycetales;f__Mycobacteriaceae;g__Mycobacterium	0.00124666073019	0.00172420549395	0.00127426980987	0.0019739856886	2.37236667299e-05	0.0	2.5953802232e-05	2.87108814241e-05	2.43031083676e-05	2.97344711724e-05	0.0	0.0	0.0	2.38066896798e-05	0.0	0.0	0.000219130053687	0.000266508128498	4.2359419676e-05	0.000240482444782	0.000155496812315	2.12152070604e-05	7.13521227257e-05	0.0	6.32271117855e-05	2.06096329424e-05	4.34131411578e-05	0.0
k__Bacteria;p__Actinobacteria;c__Actinobacteria;o__Actinomycetales;f__Nocardiaceae;g__Rhodococcus	0.000249332146037	0.000156745953995	6.70668320982e-05	0.000105749233318	0.0	0.0	0.0	0.0	0.0	8.92034135173e-05	2.68506833499e-05	0.0	0.0	0.0	0.0	0.0	0.0	0.0	0.0	0.0	0.0	0.0	0.0	0.0	0.0	0.0	0.0	0.0
k__Bacteria;p__Actinobacteria;c__Actinobacteria;o__Actinomycetales;f__Nocardioidaceae;g__	0.000213713268032	0.00031349190799	6.70668320982e-05	0.000246748211075	0.0	0.0	0.0	0.0	0.0	0.000208141298207	0.0	0.0	0.0	0.0	0.0	0.0	0.0	0.0	0.0	0.0	0.0	0.0	0.0	0.0	0.0	0.0	0.0	0.0
k__Bacteria;p__Actinobacteria;c__Actinobacteria;o__Actinomycetales;f__Nocardioidaceae;g__Aeromicrobium	7.12377560107e-05	0.0	3.35334160491e-05	0.000140998977757	0.0	0.0	0.0	0.0	0.0	0.0	0.0	0.0	0.0	0.0	0.0	0.0	0.0	0.0	0.0	0.0	0.0	0.0	0.0	0.0	0.0	0.0	0.0	0.0
k__Bacteria;p__Actinobacteria;c__Actinobacteria;o__Actinomycetales;f__Nocardioidaceae;g__Nocardioides	7.12377560107e-05	0.000117559465496	6.70668320982e-05	0.000176248722197	0.0	0.0	0.0	0.0	0.0	0.0	0.0	0.0	0.0	0.0	0.0	0.0	0.0	0.0	0.0	0.0	0.0	0.0	0.0	0.0	0.0	0.0	0.0	0.0
k__Bacteria;p__Actinobacteria;c__Actinobacteria;o__Actinomycetales;f__Promicromonosporaceae;Other	7.12377560107e-05	0.000117559465496	0.0	7.04994888787e-05	0.0	0.0	0.0	0.0	2.43031083676e-05	0.000178406827035	0.0	0.0	0.0	0.0	0.0	0.0	0.0	0.0	2.1179709838e-05	0.0	0.0	0.0	0.0	0.0	0.0	0.0	0.0	0.0
k__Bacteria;p__Actinobacteria;c__Actinobacteria;o__Actinomycetales;f__Promicromonosporaceae;g__Cellulosimicrobium	7.12377560107e-05	0.000195932442494	0.000100600248147	0.000140998977757	0.0	0.0	0.0	0.0	0.0	0.0	0.0	0.0	0.0	0.0	0.0	0.0	0.0	0.0	6.35391295139e-05	0.0	0.0	0.0	0.0	0.0	0.0	0.0	0.0	0.0
k__Bacteria;p__Actinobacteria;c__Actinobacteria;o__Actinomycetales;f__Pseudonocardiaceae;g__Pseudonocardia	7.12377560107e-05	7.83729769975e-05	0.0	3.52497444394e-05	0.0	0.0	0.0	0.0	0.0	0.0	0.0	0.0	0.0	0.0	0.0	0.0	0.0	0.0	0.0	0.0	0.0	0.0	0.0	0.0	0.0	0.0	0.000108532852895	0.0
k__Bacteria;p__Actinobacteria;c__Thermoleophilia;o__Gaiellales;f__Gaiellaceae;g__	0.0	0.0	0.0	0.0	0.0	0.0	0.0	0.0	0.0	0.00011893788469	0.0	0.0	0.0	0.0	0.0	0.0	0.0	0.0	0.0	0.0	0.0	0.0	0.0	0.0	0.0	0.0	0.0	0.0
k__Bacteria;p__Armatimonadetes;c__Armatimonadia;o__Armatimonadales;f__Armatimonadaceae;g__	7.12377560107e-05	0.0	0.0	0.000140998977757	0.0	0.0	0.0	0.0	0.0	0.0	0.0	0.0	0.0	0.0	0.0	0.0	0.0	0.0	0.0	0.0	0.0	0.0	0.0	0.0	0.0	0.0	0.0	0.0
k__Bacteria;p__Armatimonadetes;c__[Fimbriimonadia];o__[Fimbriimonadales];f__[Fimbriimonadaceae];g__Fimbriimonas	0.000106856634016	3.91864884988e-05	0.0	0.0	0.0	0.0	0.0	0.0	0.0	0.0	0.0	0.0	0.0	0.0	0.0	0.0	0.0	0.0	0.0	0.0	0.0	0.0	0.0	0.0	0.0	0.0	0.0	0.0
k__Bacteria;p__Bacteroidetes;c__Bacteroidia;o__Bacteroidales;f__Porphyromonadaceae;g__Paludibacter	0.0	0.0	0.0	0.0	0.0	0.0	0.0	0.0	0.000315940408778	0.0	0.0	0.0	0.0	0.0	0.0	0.0	0.0	0.0	0.0	0.0	0.0	0.0	0.0	0.0	0.0	0.0	0.0	0.0
k__Bacteria;p__Bacteroidetes;c__Bacteroidia;o__Bacteroidales;f__Prevotellaceae;g__Prevotella	0.0	0.0	0.0	0.0	0.0	0.0	0.0	0.0	0.0	0.0	0.0	0.0	0.0	0.0	0.0	0.0	0.0	0.0	0.0	0.0	0.0	0.0	0.000118920204543	0.0	6.32271117855e-05	0.0	2.17065705789e-05	0.0
k__Bacteria;p__Bacteroidetes;c__Bacteroidia;o__Bacteroidales;f__[Paraprevotellaceae];g__CF231	0.0	0.0	0.0	0.0	0.0	0.0	0.0	0.0	0.0	0.0	0.0	0.0	0.0	0.0	0.0	0.0	0.0	8.20025010763e-05	0.0	0.0	0.0	0.0	0.0	0.0	0.0	0.0	0.0	0.0
k__Bacteria;p__Bacteroidetes;c__Cytophagia;o__Cytophagales;f__Cytophagaceae;g__	0.000569902048085	0.00031349190799	0.000268267328393	0.000775494377666	0.0	0.0	0.0	0.0	0.000170121758573	0.0	0.0	0.0	0.0	0.0	0.0	0.0	0.0	0.0	0.0	0.0	0.0	0.0	0.0	0.0	0.0	0.0	0.0	0.0
k__Bacteria;p__Bacteroidetes;c__Cytophagia;o__Cytophagales;f__Cytophagaceae;g__Dyadobacter	0.000747996438112	0.000117559465496	0.000234733912344	7.04994888787e-05	0.0	0.0	0.0	0.0	0.0	8.92034135173e-05	0.0	0.0	0.0	0.0	0.0	0.0	0.0	0.0	0.0	0.0	0.0	0.0	0.0	0.0	0.0	0.0	0.0	0.0
k__Bacteria;p__Bacteroidetes;c__Cytophagia;o__Cytophagales;f__Cytophagaceae;g__Emticicia	7.12377560107e-05	3.91864884988e-05	3.35334160491e-05	3.52497444394e-05	0.0	0.0	0.0	0.0	0.0	0.0	0.0	0.0	0.0	0.0	0.0	0.0	0.0	0.0	0.0	0.0	0.0	0.0	0.0	0.0	0.0	0.0	0.0	0.0
k__Bacteria;p__Bacteroidetes;c__Cytophagia;o__Cytophagales;f__Cytophagaceae;g__Hymenobacter	0.00356188780053	0.000587797327481	0.000503001240736	0.000881243610984	0.0	0.0	0.0	0.0	0.0	0.0	0.0	0.0	0.0	0.0	0.0	0.0	2.19130053687e-05	0.0	0.0	0.0	0.0	0.0	0.0	0.0	0.0	0.0	0.0	0.0
k__Bacteria;p__Bacteroidetes;c__Cytophagia;o__Cytophagales;f__Cytophagaceae;g__Larkinella	0.000391807658059	0.0	0.0	7.04994888787e-05	0.0	0.0	0.0	0.0	0.0	0.0	0.0	0.0	0.0	0.0	0.0	0.0	0.0	0.0	0.0	0.0	0.0	0.0	0.0	0.0	0.0	0.0	0.0	0.0
k__Bacteria;p__Bacteroidetes;c__Cytophagia;o__Cytophagales;f__Cytophagaceae;g__Leadbetterella	3.56188780053e-05	3.91864884988e-05	3.35334160491e-05	7.04994888787e-05	0.0	0.0	0.0	0.0	0.0	0.0	0.0	0.0	0.0	0.0	0.0	0.0	0.0	0.0	0.0	0.0	0.0	0.0	0.0	0.0	0.0	0.0	0.0	0.0
k__Bacteria;p__Bacteroidetes;c__Cytophagia;o__Cytophagales;f__Cytophagaceae;g__Spirosoma	0.0013535173642	0.00094047572397	0.000603601488884	0.000634495399908	0.0	0.0	0.0	0.0	0.0	0.0	0.0	0.0	0.0	0.0	0.0	0.0	0.0	0.0	0.0	0.0	0.0	0.0	0.0	0.0	0.0	0.0	0.0	0.0
k__Bacteria;p__Bacteroidetes;c__Flavobacteriia;o__Flavobacteriales;f__Flavobacteriaceae;g__	0.00099732858415	0.00282142717191	0.000670668320982	0.00151573901089	0.0	0.000120167032175	0.0	5.74217628481e-05	0.0	0.0172162588088	5.37013666998e-05	0.0	0.0	0.0	0.0	0.0	4.38260107374e-05	0.0	0.000275336227894	0.0	5.83113046183e-05	0.0	0.0	0.0	0.0	2.06096329424e-05	0.0	0.0
k__Bacteria;p__Bacteroidetes;c__Flavobacteriia;o__Flavobacteriales;f__Flavobacteriaceae;g__Flavobacterium	0.00181656277827	0.0030565461029	0.00103953589752	0.00172723747753	0.0	0.0	0.0	0.0	0.0	0.000386548125242	0.0	0.0	0.0	0.0	0.0	0.0	0.0	0.000123003751614	4.2359419676e-05	0.0	0.0	0.0	2.37840409086e-05	0.0	0.0	0.0	0.0	0.0
k__Bacteria;p__Bacteroidetes;c__Flavobacteriia;o__Flavobacteriales;f__Flavobacteriaceae;g__Myroides	0.0	0.0	0.0	0.0	0.0	0.0	0.0	0.0	0.0	0.00645238024442	0.0	0.0	0.0	0.0	0.0	0.0	0.0	0.0	0.0	0.0	0.0	0.0	0.0	0.0	0.0	0.0	0.0	0.0
k__Bacteria;p__Bacteroidetes;c__Flavobacteriia;o__Flavobacteriales;f__[Weeksellaceae];g__	0.0	0.0	0.000100600248147	0.000140998977757	0.0	0.0	0.0	0.0	0.0	0.0	0.0	0.0	0.0	0.0	0.0	0.0	0.0	0.0	0.0	0.0	0.0	0.0	0.0	0.0	0.0	0.0	0.0	0.0
k__Bacteria;p__Bacteroidetes;c__Flavobacteriia;o__Flavobacteriales;f__[Weeksellaceae];g__Chryseobacterium	0.0105075690116	0.0144990007445	0.00647194929747	0.0111741689873	4.74473334599e-05	0.00057079340283	0.000155722813392	0.00120585701981	7.29093251027e-05	0.000148672355862	5.37013666998e-05	3.51642168929e-05	0.0	0.0	0.0	0.000275703042759	0.000701216171798	0.00190655815002	0.000381234777084	0.00064745273595	0.000447053335407	6.36456211813e-05	0.000404328695445	0.0	0.000400438374642	0.000267925228252	6.51197117367e-05	1.88928773852e-05
k__Bacteria;p__Bacteroidetes;c__Flavobacteriia;o__Flavobacteriales;f__[Weeksellaceae];g__Elizabethkingia	0.0	3.91864884988e-05	0.000134133664196	0.0	0.0	0.0	0.0	8.61326442722e-05	0.0	0.0	0.0	0.0	0.0	0.0	0.0	0.0	0.0	2.05006252691e-05	0.0	0.0	0.0	0.0	0.0	0.0	0.000273984151071	0.0	0.0	0.0
k__Bacteria;p__Bacteroidetes;c__Flavobacteriia;o__Flavobacteriales;f__[Weeksellaceae];g__Wautersiella	0.000320569902048	0.0	0.000167667080245	7.04994888787e-05	0.0	0.0	0.0	0.0	2.43031083676e-05	0.048794267194	0.0	0.0	0.0	0.0	0.0	0.0	0.0	6.15018758072e-05	0.0	0.0	0.0	0.0	0.0	0.0	0.0	0.0	0.0	0.0
k__Bacteria;p__Bacteroidetes;c__Sphingobacteriia;o__Sphingobacteriales;f__Sphingobacteriaceae;g__	0.000391807658059	0.00101884870097	0.000905402233326	0.00137474003313	0.0	0.0	0.0	0.0	0.0	0.00133805120276	0.0	0.0	0.0	0.0	0.0	0.0	0.0	2.05006252691e-05	0.0	0.0	0.0	0.0	0.0	0.0	0.0	0.0	0.0	0.0
k__Bacteria;p__Bacteroidetes;c__Sphingobacteriia;o__Sphingobacteriales;f__Sphingobacteriaceae;g__Mucilaginibacter	0.0	7.83729769975e-05	3.35334160491e-05	3.52497444394e-05	0.0	0.0	0.0	0.0	0.0	0.0	0.0	0.0	0.0	0.0	0.0	0.0	0.0	0.0	0.0	0.0	0.0	0.0	0.0	0.0	0.0	0.0	0.0	0.0
k__Bacteria;p__Bacteroidetes;c__Sphingobacteriia;o__Sphingobacteriales;f__Sphingobacteriaceae;g__Pedobacter	0.000676758682102	0.00137152709746	0.000637134904933	0.000986992844302	0.0	0.0	0.0	0.0	0.0	0.000237875769379	0.0	0.0	0.0	0.0	0.0	0.0	0.0	0.0	0.0	0.0	0.0	0.0	0.0	0.0	6.32271117855e-05	0.0	0.0	0.0
k__Bacteria;p__Bacteroidetes;c__Sphingobacteriia;o__Sphingobacteriales;f__Sphingobacteriaceae;g__Sphingobacterium	0.0318432769368	0.131235549982	0.0168673082727	0.0228418343967	0.000498197001329	0.000751043951092	0.00012976901116	0.000459374102785	9.72124334702e-05	0.158782076061	0.0	7.03284337858e-05	0.000482858522453	0.000119033448399	0.000108421651804	0.000275703042759	0.00173112742413	0.00528916131942	0.000529492745949	0.000832439231936	0.000174933913855	0.000148506449423	0.000784873349982	0.000143191255787	0.000168605631428	0.000391583025906	6.51197117367e-05	9.44643869261e-05
k__Bacteria;p__Bacteroidetes;c__[Saprospirae];o__[Saprospirales];f__Chitinophagaceae;g__	0.00153161175423	0.00152827305145	0.000804801985178	0.000916493355423	0.0	0.0	2.5953802232e-05	0.0	0.0	0.000416282596414	2.68506833499e-05	0.0	0.0	0.0	5.42108259019e-05	0.000100255651912	0.0	0.00272658316079	4.2359419676e-05	0.000110991897591	1.94371015394e-05	0.0	4.75680818171e-05	0.0	2.10757039285e-05	0.0	6.51197117367e-05	1.88928773852e-05
k__Bacteria;p__Bacteroidetes;c__[Saprospirae];o__[Saprospirales];f__Chitinophagaceae;g__Chitinophaga	0.0	0.00031349190799	0.000134133664196	0.000211498466636	7.11710001898e-05	0.0	0.0	0.0	0.0	0.0	0.0	0.0	0.0	0.0	0.0	0.0	0.0	0.0	0.0	0.0	0.0	0.0	0.0	0.0	0.0	0.0	0.0	0.0
k__Bacteria;p__Bacteroidetes;c__[Saprospirae];o__[Saprospirales];f__Chitinophagaceae;g__Niabella	0.000142475512021	7.83729769975e-05	0.000268267328393	0.000387747188833	0.0	0.0	0.0	0.0	0.0	0.0	0.0	0.0	0.0	0.0	0.0	0.0	0.0	0.0	0.0	1.84986495986e-05	0.0	0.0	0.0	0.0	0.0	0.0	0.0	0.0
k__Bacteria;p__Bacteroidetes;c__[Saprospirae];o__[Saprospirales];f__Chitinophagaceae;g__Sediminibacterium	0.0	0.0	0.0	0.0	0.0	0.0	0.0	0.0	0.0	0.0	2.68506833499e-05	0.000105492650679	0.0	0.000309486965837	0.0	0.000300766955737	2.19130053687e-05	2.05006252691e-05	0.0	7.39945983943e-05	0.0	0.0	0.0	0.0	4.2151407857e-05	0.0	0.0	0.0
k__Bacteria;p__Chloroflexi;c__Chloroflexi;o__Herpetosiphonales;f__;g__	0.0	3.91864884988e-05	0.000100600248147	0.0	0.0	0.0	0.0	0.0	0.0	0.0	0.0	0.0	0.0	0.0	0.0	0.0	0.0	0.0	0.0	0.0	0.0	0.0	0.0	0.0	0.0	0.0	0.0	0.0
k__Bacteria;p__Cyanobacteria;c__Chloroplast;o__Streptophyta;f__;g__	0.461478183437	0.161448332615	0.389591227658	0.466283619444	0.00016606566711	0.000240334064349	0.00012976901116	0.000488084984209	0.000145818650205	8.92034135173e-05	0.000241656150149	3.51642168929e-05	0.0	7.14200690394e-05	2.7105412951e-05	0.000877236954233	0.00214747452613	0.00207056315218	0.000550672455787	0.000443967590366	0.000894106670813	0.000254582484725	0.000665953145439	0.0	0.000231832743214	0.000783166051813	0.000303891988105	0.000188928773852
k__Bacteria;p__Firmicutes;c__Bacilli;o__Bacillales;Other;Other	0.0	3.91864884988e-05	0.0	0.0	2.37236667299e-05	0.000150208790218	0.0	0.000114843525696	0.000243031083676	0.000178406827035	5.37013666998e-05	0.000175821084464	0.000620818100297	4.76133793596e-05	0.000108421651804	7.51917389343e-05	0.000153391037581	0.000205006252691	0.000360055067246	0.000277479743979	9.71855076971e-05	0.000169721656483	0.00016648828636	0.000143191255787	0.000210757039285	0.000247315595309	4.34131411578e-05	0.000113357264311
k__Bacteria;p__Firmicutes;c__Bacilli;o__Bacillales;f__;g__	0.0	0.0	0.0	0.0	0.0	0.0	0.0	0.0	0.0	0.0	2.68506833499e-05	0.0	0.0	0.0	0.0	0.000225575216803	0.0	0.0	0.0	7.39945983943e-05	0.0	0.0	0.0	0.0	0.0	0.0	0.0	0.0
k__Bacteria;p__Firmicutes;c__Bacilli;o__Bacillales;f__Alicyclobacillaceae;g__Alicyclobacillus	0.0	7.83729769975e-05	0.0	0.0	0.0	9.0125274131e-05	0.000570983649105	2.87108814241e-05	0.0	0.0	0.0	0.00024614951825	0.0	0.0	0.00607161250102	0.0	0.0	0.000123003751614	0.0	0.0	1.94371015394e-05	0.0	0.0	0.0	2.10757039285e-05	0.0	0.0	0.0
k__Bacteria;p__Firmicutes;c__Bacilli;o__Bacillales;f__Bacillaceae;g__	3.56188780053e-05	0.0	0.0	0.000105749233318	0.00014234200038	0.000360501096524	5.19076044641e-05	0.00077519379845	0.000802002576129	5.94689423449e-05	0.000268506833499	0.000421970602715	0.000344898944609	2.38066896798e-05	8.13162388529e-05	0.000175447390847	0.000153391037581	0.000594518132803	0.000254156518056	0.000295978393577	0.000213808116934	0.000403088934148	0.000404328695445	0.000119326046489	0.000231832743214	0.000185486696482	0.000151945994052	0.000151143019082
k__Bacteria;p__Firmicutes;c__Bacilli;o__Bacillales;f__Bacillaceae;g__Bacillus	0.000106856634016	0.000705356792978	0.000134133664196	0.00052874616659	0.00173182767128	0.00531739117373	0.000960290682585	0.0175136376687	0.0109607018738	0.000743361779311	0.00128883280079	0.00478233349743	0.0197282196316	0.00169027496727	0.00176185184181	0.00832121910873	0.00142434534896	0.00266508128498	0.00118606375093	0.00205335010544	0.0012828487016	0.00205787508486	0.00154596265906	0.000405708558064	0.00124346653178	0.00115413944478	0.00060778397621	0.000887965237106
k__Bacteria;p__Firmicutes;c__Bacilli;o__Bacillales;f__Paenibacillaceae;Other	0.0	0.0	0.0	0.0	0.0	0.0	5.19076044641e-05	8.61326442722e-05	0.0	0.0	0.0	0.0	0.000137959577844	0.0	0.000135527064755	0.000200511303825	0.0	2.05006252691e-05	4.2359419676e-05	3.69972991972e-05	0.0	6.36456211813e-05	9.51361636342e-05	0.0	0.0	0.0	0.0	3.77857547705e-05
k__Bacteria;p__Firmicutes;c__Bacilli;o__Bacillales;f__Paenibacillaceae;g__Cohnella	0.0	0.0	0.0	0.0	0.00016606566711	0.0	0.0	0.0	0.0	0.0	0.0	0.0	6.89797889218e-05	0.0	0.0	0.0	0.0	0.0	0.0	0.0	0.0	2.12152070604e-05	0.0	0.0	0.0	0.0	2.17065705789e-05	0.000113357264311
k__Bacteria;p__Firmicutes;c__Bacilli;o__Bacillales;f__Paenibacillaceae;g__Paenibacillus	0.000747996438112	0.00133234060896	0.00100600248147	0.0011632415665	0.00123363066996	0.00159221317632	0.000960290682585	0.00209589434396	0.000534668384086	0.000594689423449	0.000510162983648	0.000808776988536	0.0120714630613	0.00183311510534	0.00384896863904	0.00431099303223	0.000766955187904	0.00178355439841	0.00360055067246	0.00216434200303	0.00066086145234	0.00318228105906	0.00161731478178	0.000930743162618	0.000758725341426	0.00125718760949	0.000868262823157	0.000661250708483
k__Bacteria;p__Firmicutes;c__Bacilli;o__Bacillales;f__Planococcaceae;g__	0.0	0.0	0.0	0.0	0.0	9.0125274131e-05	0.0	5.74217628481e-05	0.0	0.0	0.0	0.0	0.0	0.0	2.7105412951e-05	5.01278259562e-05	0.0	0.0	0.0	0.0	0.0	0.0	2.37840409086e-05	0.0	0.0	0.0	0.0	0.0
k__Bacteria;p__Firmicutes;c__Bacilli;o__Bacillales;f__Planococcaceae;g__Rummeliibacillus	0.0	0.0	0.0	0.0	0.0	0.0	0.0	0.0	0.0	0.000921768606345	0.0	0.0	0.0	0.0	0.0	0.0	0.0	0.0	0.0	0.0	0.0	2.12152070604e-05	0.0	0.0	0.0	0.0	0.0	0.0
k__Bacteria;p__Firmicutes;c__Bacilli;o__Bacillales;f__Planococcaceae;g__Sporosarcina	0.0	0.0	0.0	0.0	0.0	6.00835160874e-05	0.0	0.0	0.0	0.0	0.0	0.0	0.0	0.0	0.0	2.50639129781e-05	0.0	0.0	2.1179709838e-05	0.0	0.0	0.0	0.0	0.0	0.0	0.0	0.0	0.0
k__Bacteria;p__Firmicutes;c__Bacilli;o__Bacillales;f__Staphylococcaceae;g__Jeotgalicoccus	0.0	0.0	0.0	0.0	0.0	0.0	0.0	0.0	0.0	0.0	0.0	0.0	0.0	0.0	0.0	0.000150383477869	0.0	0.0	0.0	0.0	0.0	0.0	0.0	0.0	0.0	0.0	0.0	0.0
k__Bacteria;p__Firmicutes;c__Bacilli;o__Bacillales;f__Staphylococcaceae;g__Staphylococcus	3.56188780053e-05	0.0	0.000134133664196	0.0	0.0	0.0	2.5953802232e-05	0.0	0.0	0.00115964437572	8.05520500497e-05	0.0	0.0	0.0	0.0	0.0	0.0	2.05006252691e-05	0.0	0.0	0.0	8.48608282417e-05	0.000142704245451	0.0	0.0	0.0	0.0	0.0
k__Bacteria;p__Firmicutes;c__Bacilli;o__Lactobacillales;Other;Other	0.0	0.0	0.0	0.0	0.000877775669007	0.00174242196653	0.000804567869193	0.00416307780649	0.00337813206309	0.000386548125242	0.000134253416749	0.000843941205429	0.00517348416914	0.000714200690394	0.00084026780148	0.00210536869016	0.000986085241591	0.000266508128498	0.000381234777084	0.000332975692774	0.000136059710776	0.000318228105906	0.000190272327268	2.38652092979e-05	8.4302815714e-05	0.000164877063539	6.51197117367e-05	5.66786321557e-05
k__Bacteria;p__Firmicutes;c__Bacilli;o__Lactobacillales;f__;g__	0.000106856634016	0.0	0.0	0.0	2.37236667299e-05	0.0	2.5953802232e-05	2.87108814241e-05	0.0	0.0	2.68506833499e-05	0.0	0.000137959577844	0.0	2.7105412951e-05	0.000100255651912	0.000197217048318	6.15018758072e-05	2.1179709838e-05	1.84986495986e-05	5.83113046183e-05	0.000127291242363	2.37840409086e-05	4.77304185958e-05	4.2151407857e-05	4.12192658849e-05	2.17065705789e-05	1.88928773852e-05
k__Bacteria;p__Firmicutes;c__Bacilli;o__Lactobacillales;f__Aerococcaceae;g__	0.0	0.0	0.0	0.000105749233318	0.0	0.0	0.0	0.0	0.0	0.0	0.0	0.0	0.0	0.0	0.0	0.0	0.0	0.0	0.0	0.0	0.0	0.0	0.0	0.0	0.0	0.0	0.0	0.0
k__Bacteria;p__Firmicutes;c__Bacilli;o__Lactobacillales;f__Aerococcaceae;g__Aerococcus	3.56188780053e-05	0.0	0.0	0.0	2.37236667299e-05	0.0	0.0	0.0	0.0	0.0	0.0	0.0	0.0	0.0	0.0	0.0	0.0	2.05006252691e-05	0.0	0.0	0.0	0.0	0.0	0.0	0.0	0.0	0.0	0.0
k__Bacteria;p__Firmicutes;c__Bacilli;o__Lactobacillales;f__Carnobacteriaceae;g__Carnobacterium	0.0	0.0	0.0	0.0	0.0	0.0	0.0	0.0	2.43031083676e-05	0.0	2.68506833499e-05	0.0	0.0	0.0	0.0	0.0	0.0	0.0	0.0	0.0	0.0	2.12152070604e-05	0.0	0.0	0.0	0.0	0.0	0.0
k__Bacteria;p__Firmicutes;c__Bacilli;o__Lactobacillales;f__Enterococcaceae;Other	7.12377560107e-05	0.0	3.35334160491e-05	7.04994888787e-05	0.0	0.0	0.0	0.0	0.0	0.00154619250097	0.0	0.0	0.0	0.0	2.7105412951e-05	0.0	0.0	4.10012505381e-05	0.0	0.0	1.94371015394e-05	0.0	2.37840409086e-05	0.0	0.0	0.0	0.0	0.0
k__Bacteria;p__Firmicutes;c__Bacilli;o__Lactobacillales;f__Enterococcaceae;g__	0.0	0.0	0.0	0.0	0.0	0.0	0.0	2.87108814241e-05	2.43031083676e-05	8.92034135173e-05	0.0	0.0	0.0	0.0	0.0	0.0	0.0	0.0	0.0	1.84986495986e-05	0.0	0.0	0.0	0.0	0.0	0.0	0.0	0.0
k__Bacteria;p__Firmicutes;c__Bacilli;o__Lactobacillales;f__Enterococcaceae;g__Enterococcus	0.000284951024043	0.000156745953995	0.000134133664196	0.000387747188833	0.0	0.0	0.0	0.0	0.0	0.0298236745859	2.68506833499e-05	0.0	0.0	0.0	2.7105412951e-05	2.50639129781e-05	0.0	0.000922528137108	2.1179709838e-05	1.84986495986e-05	1.94371015394e-05	6.36456211813e-05	2.37840409086e-05	0.0	0.0	0.000185486696482	0.0	5.66786321557e-05
k__Bacteria;p__Firmicutes;c__Bacilli;o__Lactobacillales;f__Lactobacillaceae;Other	7.12377560107e-05	0.0	0.0	0.0	0.0	3.00417580437e-05	0.0	0.000114843525696	2.43031083676e-05	0.0	2.68506833499e-05	3.51642168929e-05	0.0	0.000238066896798	0.0	2.50639129781e-05	6.57390161061e-05	6.15018758072e-05	2.1179709838e-05	9.24932479929e-05	1.94371015394e-05	8.48608282417e-05	7.13521227257e-05	0.000119326046489	4.2151407857e-05	4.12192658849e-05	0.000499251123315	0.0
k__Bacteria;p__Firmicutes;c__Bacilli;o__Lactobacillales;f__Lactobacillaceae;g__	0.0	0.0	0.0	0.0	0.00016606566711	0.000300417580437	0.0	0.000430663221361	0.000145818650205	5.94689423449e-05	0.000214805466799	0.000105492650679	6.89797889218e-05	0.00280918938222	0.0	0.000175447390847	0.000569738139586	0.000205006252691	8.47188393519e-05	0.00012949054719	0.000136059710776	4.24304141208e-05	0.000214056368177	9.54608371915e-05	0.0001475299275	0.000185486696482	0.00306062645163	9.44643869261e-05
k__Bacteria;p__Firmicutes;c__Bacilli;o__Lactobacillales;f__Lactobacillaceae;g__Lactobacillus	0.00117542297418	0.000783729769975	0.000905402233326	0.000951743099863	0.980926171949	0.973413044131	0.991772644692	0.953660637382	0.978807689503	0.552644881211	0.929167897323	0.527146775441	0.933641443057	0.949006070706	0.97400590898	0.973933530503	0.958606332859	0.888784107915	0.967213809171	0.975711273077	0.958637847924	0.93013832315	0.924105125461	0.917020667271	0.98524700725	0.985655695472	0.982634743537	0.990742490081
k__Bacteria;p__Firmicutes;c__Bacilli;o__Lactobacillales;f__Lactobacillaceae;g__Pediococcus	0.0	0.0	0.0	0.0	4.74473334599e-05	0.0	0.0	0.0	0.0	2.97344711724e-05	0.0	0.0	0.0	0.000119033448399	0.0	0.0	0.000262956064424	4.10012505381e-05	2.1179709838e-05	1.84986495986e-05	3.88742030788e-05	2.12152070604e-05	2.37840409086e-05	0.0	0.0	2.06096329424e-05	0.00147604679937	3.77857547705e-05
k__Bacteria;p__Firmicutes;c__Bacilli;o__Lactobacillales;f__Leuconostocaceae;Other	0.0	0.0	0.0	0.0	0.0	0.0	0.0	0.0	0.0	0.0	0.0	0.0	0.0	0.0	0.0	0.0	0.0	2.05006252691e-05	0.0	0.0	0.0	6.36456211813e-05	0.0	0.0	0.0	0.0	0.0	0.0
k__Bacteria;p__Firmicutes;c__Bacilli;o__Lactobacillales;f__Leuconostocaceae;g__	7.12377560107e-05	7.83729769975e-05	0.000201200496295	7.04994888787e-05	0.000759157335358	0.000390542854568	0.000155722813392	0.000689061154177	0.000145818650205	0.000148672355862	8.05520500497e-05	0.000316477952036	0.0	0.000547553862635	0.0	0.000275703042759	0.00260764763887	0.00512515631727	0.000635391295139	0.00101742572792	0.000485927538485	0.000615241004752	0.00104649779998	9.54608371915e-05	0.000358286966785	0.000556460089446	0.000477544552736	0.000283393160778
k__Bacteria;p__Firmicutes;c__Bacilli;o__Lactobacillales;f__Leuconostocaceae;g__Leuconostoc	0.000142475512021	0.000117559465496	0.000435934408638	0.000951743099863	0.000284684000759	6.00835160874e-05	5.19076044641e-05	0.000200976169968	2.43031083676e-05	0.0	0.0	0.00024614951825	0.000344898944609	2.38066896798e-05	5.42108259019e-05	0.000501278259562	0.000569738139586	0.00045101375592	0.0	0.000203485145584	0.000485927538485	0.000594025797692	0.000356760613628	2.38652092979e-05	0.0001475299275	0.000185486696482	0.000130239423473	3.77857547705e-05
k__Bacteria;p__Firmicutes;c__Bacilli;o__Lactobacillales;f__Leuconostocaceae;g__Weissella	0.000320569902048	0.000235118930993	0.000201200496295	0.000176248722197	0.00011861833365	9.0125274131e-05	0.000155722813392	0.000229687051392	0.0	0.0	0.000187954783449	7.03284337858e-05	0.000275919155687	0.000166646827759	5.42108259019e-05	2.50639129781e-05	0.000854607209379	0.00125053814141	0.000550672455787	0.000369972991972	0.000310993624631	0.000169721656483	0.00049946485908	4.77304185958e-05	2.10757039285e-05	0.000164877063539	0.000238772276368	0.000113357264311
k__Bacteria;p__Firmicutes;c__Bacilli;o__Lactobacillales;f__Streptococcaceae;g__Lactococcus	0.000356188780053	0.000548610838983	0.000201200496295	0.000246748211075	0.00011861833365	0.0	0.0	8.61326442722e-05	4.86062167351e-05	0.0	0.0	0.000105492650679	0.0	7.14200690394e-05	0.000162632477706	0.0	4.38260107374e-05	2.05006252691e-05	0.0	0.0	0.0	0.0	0.0	0.0	2.10757039285e-05	0.0	2.17065705789e-05	0.0
k__Bacteria;p__Firmicutes;c__Bacilli;o__Lactobacillales;f__Streptococcaceae;g__Streptococcus	0.0	0.0	0.0	0.0	0.0	0.0	5.19076044641e-05	0.0	2.43031083676e-05	0.00199220956855	0.0	0.0	0.0	0.0	8.13162388529e-05	0.0	0.0	0.0	0.0	0.0	0.0	0.0	0.000380544654537	0.0	0.0	0.0	0.0	0.0
k__Bacteria;p__Firmicutes;c__Bacilli;o__Turicibacterales;f__Turicibacteraceae;g__Turicibacter	3.56188780053e-05	0.0	3.35334160491e-05	7.04994888787e-05	2.37236667299e-05	0.0	5.19076044641e-05	0.0	0.0	0.000862299664	0.0001074027334	0.0	0.0	0.0	0.0	0.0	0.0	0.0	0.0	0.0	0.0	0.0	0.0	0.0	0.0	2.06096329424e-05	0.0	0.0
k__Bacteria;p__Firmicutes;c__Clostridia;o__Clostridiales;Other;Other	0.0	0.0	0.0	0.0	9.48946669197e-05	0.000150208790218	7.78614066961e-05	0.000258397932817	9.72124334702e-05	0.000505486009931	0.0001074027334	0.0	0.00469062564669	0.000190453517438	0.000189737890657	0.000175447390847	6.57390161061e-05	0.000164005002153	0.000169437678704	0.00012949054719	0.0	8.48608282417e-05	2.37840409086e-05	0.0	6.32271117855e-05	0.000123657797655	2.17065705789e-05	3.77857547705e-05
k__Bacteria;p__Firmicutes;c__Clostridia;o__Clostridiales;f__;g__	3.56188780053e-05	0.0	0.0	0.0	7.11710001898e-05	9.0125274131e-05	0.0	0.000459374102785	0.0	0.000297344711724	2.68506833499e-05	0.0	6.89797889218e-05	0.0	0.000298159542461	0.0	0.0	0.0	0.0	3.69972991972e-05	0.0	4.24304141208e-05	0.000118920204543	0.0	0.0	0.000144267430597	2.17065705789e-05	0.0
k__Bacteria;p__Firmicutes;c__Clostridia;o__Clostridiales;f__Christensenellaceae;g__	0.0	0.0	0.0	0.0	0.0	0.0	0.0	0.0	0.0	0.0	0.0	0.0	0.0	0.0	0.000108421651804	0.0	0.0	0.0	0.0	0.0	0.0	0.0	0.0	0.0	0.0	0.0	0.0	0.0
k__Bacteria;p__Firmicutes;c__Clostridia;o__Clostridiales;f__Clostridiaceae;Other	0.0	0.0	0.0	0.0	0.0	0.0	0.0	2.87108814241e-05	0.0	8.92034135173e-05	0.0	0.0	0.0	0.0	2.7105412951e-05	0.0	0.0	0.0	0.0	0.0	0.0	2.12152070604e-05	4.75680818171e-05	0.0	0.0	0.0	4.34131411578e-05	0.0
k__Bacteria;p__Firmicutes;c__Clostridia;o__Clostridiales;f__Clostridiaceae;g__	7.12377560107e-05	0.0	0.0	0.0	0.000189789333839	9.0125274131e-05	7.78614066961e-05	0.00014355440712	0.0	0.000297344711724	8.05520500497e-05	0.000210985301357	0.000413878733531	0.000333293655517	0.00170764101591	0.000576469998496	0.0	2.05006252691e-05	0.0	0.0	0.0	0.0	0.0	0.0	0.0	0.0	0.0	1.88928773852e-05
k__Bacteria;p__Firmicutes;c__Clostridia;o__Clostridiales;f__Clostridiaceae;g__Clostridium	3.56188780053e-05	0.0	0.000167667080245	0.000140998977757	2.37236667299e-05	3.00417580437e-05	2.5953802232e-05	0.000430663221361	0.0	0.0	0.000295357516849	0.000175821084464	0.000413878733531	7.14200690394e-05	0.00157211395116	0.000576469998496	0.0	0.000287008753767	0.0	7.39945983943e-05	0.0	6.36456211813e-05	2.37840409086e-05	2.38652092979e-05	2.10757039285e-05	0.0	2.17065705789e-05	1.88928773852e-05
k__Bacteria;p__Firmicutes;c__Clostridia;o__Clostridiales;f__Clostridiaceae;g__SMB53	0.0	0.0	0.0	0.0	0.0	0.0	2.5953802232e-05	0.0	0.0	2.97344711724e-05	0.0	0.0	6.89797889218e-05	0.0	8.13162388529e-05	0.0	0.0	0.0	0.0	0.0	0.0	0.0	4.75680818171e-05	0.0	0.0	0.0	0.0	0.0
k__Bacteria;p__Firmicutes;c__Clostridia;o__Clostridiales;f__Lachnospiraceae;Other	0.0	0.0	0.0	0.0	0.0	0.0	0.0	0.0	0.0	5.94689423449e-05	5.37013666998e-05	0.0	0.0	2.38066896798e-05	0.0	0.0	2.19130053687e-05	0.00022550687796	0.00010589854919	5.54959487957e-05	0.0	0.000127291242363	0.0	2.38652092979e-05	6.32271117855e-05	4.12192658849e-05	2.17065705789e-05	1.88928773852e-05
k__Bacteria;p__Firmicutes;c__Clostridia;o__Clostridiales;f__Lachnospiraceae;g__	0.000569902048085	0.0	0.000201200496295	0.000599245655469	0.000379578667679	0.000450626370655	0.00012976901116	0.000976169968418	0.000388849733881	0.000654158365793	0.000241656150149	0.000421970602715	0.0169690280748	0.000333293655517	0.00116553275689	0.000927364780189	0.000241043059056	0.0014555443941	0.000508313036111	0.000573458137556	0.000116622609237	0.00048794976239	0.000214056368177	0.000119326046489	0.000442589782499	0.000474021557676	0.000173652564631	0.000472321934631
k__Bacteria;p__Firmicutes;c__Clostridia;o__Clostridiales;f__Lachnospiraceae;g__Clostridium	0.0	0.0	0.0	0.0	0.0	0.0	0.0	0.0	0.0	0.00011893788469	0.0	0.0	0.0	0.0	0.0	0.0	0.0	0.0	0.0	0.0	0.0	0.0	0.0	0.0	0.0	0.0	0.0	0.0
k__Bacteria;p__Firmicutes;c__Clostridia;o__Clostridiales;f__Lachnospiraceae;g__Coprococcus	7.12377560107e-05	0.000195932442494	3.35334160491e-05	0.000176248722197	0.000403302334409	0.000360501096524	0.000311445626784	0.000373241458513	0.000388849733881	0.000832565192828	0.000805520500497	0.000632955904072	0.00262123197903	0.00109510772527	0.00140948147345	0.000751917389343	0.00100799824696	0.00268558191025	0.000953086942709	0.00110991897591	0.000621987249261	0.000318228105906	0.00176001902723	9.54608371915e-05	0.000442589782499	0.000309144494137	0.00104191538779	0.00113357264311
k__Bacteria;p__Firmicutes;c__Clostridia;o__Clostridiales;f__Peptostreptococcaceae;Other	0.0	0.0	0.0	0.0	0.0	0.0	0.0	0.0	0.0	0.00011893788469	0.0	0.0	0.0	0.0	0.0	0.0	0.0	0.0	0.0	0.0	0.0	0.0	0.0	0.0	0.0	0.0	0.0	0.0
k__Bacteria;p__Firmicutes;c__Clostridia;o__Clostridiales;f__Ruminococcaceae;g__	0.0	0.0	0.0	0.0	0.0	0.0	0.0	0.0	0.0	0.0	0.0	0.0	0.0	0.0	0.0	0.0	0.0	0.0	0.0	0.0	0.0	0.000233367277665	0.0	0.0	0.0	0.0	0.0	0.0
k__Bacteria;p__Firmicutes;c__Clostridia;o__Clostridiales;f__Ruminococcaceae;g__Ruminococcus	0.0	0.0	0.0	0.0	0.0	0.0	0.0	0.0	0.0	0.0	0.0	0.0	0.0	0.0	0.0	0.0	0.0	0.0	0.0	0.0	0.0	0.0	0.0	0.0	8.4302815714e-05	0.0	0.000108532852895	0.0
k__Bacteria;p__Firmicutes;c__Clostridia;o__Clostridiales;f__Veillonellaceae;g__	7.12377560107e-05	0.0	0.0	0.0	0.0	0.0	0.0	0.0	0.0	2.97344711724e-05	0.0	0.0	0.0	0.0	0.000189737890657	0.0	0.0	0.00022550687796	4.2359419676e-05	0.0	0.0	8.48608282417e-05	0.0	0.0	0.0	0.0	0.0	0.0
k__Bacteria;p__Fusobacteria;c__Fusobacteriia;o__Fusobacteriales;f__Leptotrichiaceae;g__Leptotrichia	0.0	0.0	0.0	0.0	0.0	0.0	0.0	0.0	0.0	0.0	0.0	0.0	0.0	0.0	0.000135527064755	0.0	0.0	0.0	0.0	0.0	0.0	0.0	0.0	0.0	0.0	0.0	0.0	0.0
k__Bacteria;p__Gemmatimonadetes;c__Gemm-3;o__;f__;g__	0.0	3.91864884988e-05	0.0	0.000105749233318	0.0	0.0	0.0	0.0	0.0	0.0	0.0	0.0	0.0	0.0	0.0	0.0	0.0	0.0	0.0	0.0	0.0	0.0	0.0	0.0	0.0	0.0	0.0	0.0
k__Bacteria;p__Planctomycetes;c__Phycisphaerae;o__WD2101;f__;g__	7.12377560107e-05	0.0	0.0	3.52497444394e-05	0.0	0.0	0.0	0.0	0.0	0.0	0.0	0.0	0.0	0.0	0.0	0.0	0.0	0.0	0.0	0.0	0.0	0.0	0.0	0.0	0.0	0.0	0.0	0.0
k__Bacteria;p__Planctomycetes;c__Planctomycetia;o__Gemmatales;f__Gemmataceae;g__Gemmata	7.12377560107e-05	0.0	0.0	0.0	0.0	0.0	0.0	0.0	0.0	0.0	0.0	0.0	0.0	0.0	0.0	0.0	6.57390161061e-05	0.0	0.0	0.0	0.000136059710776	0.0	0.0	0.0	0.0	0.0	0.0	0.0
k__Bacteria;p__Planctomycetes;c__Planctomycetia;o__Gemmatales;f__Isosphaeraceae;g__	0.000106856634016	0.000235118930993	0.000167667080245	0.000211498466636	0.0	0.0	0.0	0.0	0.0	0.0	0.0	0.0	0.0	0.0	0.0	0.0	0.0	0.0	0.0	1.84986495986e-05	0.0	0.0	0.0	0.0	0.0	0.0	0.0	0.0
k__Bacteria;p__Planctomycetes;c__Planctomycetia;o__Planctomycetales;f__Planctomycetaceae;g__Planctomyces	0.000284951024043	3.91864884988e-05	6.70668320982e-05	0.0	0.0	0.0	0.0	0.0	0.0	0.0	0.0	0.0	0.0	0.0	0.0	0.0	0.0	0.0	0.0	0.0	0.0	0.0	0.0	0.0	0.0	0.0	0.0	0.0
k__Bacteria;p__Proteobacteria;Other;Other;Other;Other	3.56188780053e-05	0.000195932442494	0.0	7.04994888787e-05	0.0	0.0	0.0	0.0	0.0	0.0	0.0	0.0	0.0	0.0	0.0	0.0	0.0	0.0	0.0	0.0	0.0	0.0	0.0	0.0	0.0	0.0	0.0	0.0
k__Bacteria;p__Proteobacteria;c__Alphaproteobacteria;Other;Other;Other	0.0	3.91864884988e-05	6.70668320982e-05	7.04994888787e-05	0.0	0.0	0.0	0.0	0.0	0.0	2.68506833499e-05	7.03284337858e-05	0.0	0.0	0.0	0.0	0.0	0.0	0.0	0.0	0.0	0.0	0.0	0.0	0.0	0.0	0.0	0.0
k__Bacteria;p__Proteobacteria;c__Alphaproteobacteria;o__;f__;g__	0.0	0.0	0.0	0.0	0.0	3.00417580437e-05	2.5953802232e-05	0.0	0.0	0.0	0.0	0.0	0.0	0.0	0.0	0.0	8.76520214747e-05	0.000102503126345	0.0	1.84986495986e-05	0.0	0.0	0.0	0.0	0.0	0.0	0.0	0.0
k__Bacteria;p__Proteobacteria;c__Alphaproteobacteria;o__BD7-3;f__;g__	0.000106856634016	0.000117559465496	0.000134133664196	0.0	0.0	9.0125274131e-05	0.0	0.0	0.0	0.0	0.0	0.0	0.0	0.0	0.0	0.0	0.0	0.0	0.0	5.54959487957e-05	0.0	0.0	0.0	0.0	0.0	0.0	6.51197117367e-05	0.0
k__Bacteria;p__Proteobacteria;c__Alphaproteobacteria;o__Caulobacterales;f__Caulobacteraceae;g__	0.0020302760463	0.00372271640738	0.0017772710506	0.00334872572174	4.74473334599e-05	0.0	7.78614066961e-05	0.000200976169968	0.0	0.000178406827035	0.0	0.0	0.0	0.0	0.0	5.01278259562e-05	6.57390161061e-05	0.000102503126345	0.000232976808218	0.00012949054719	0.000174933913855	0.0	0.0	7.15956278937e-05	2.10757039285e-05	0.0	6.51197117367e-05	9.44643869261e-05
k__Bacteria;p__Proteobacteria;c__Alphaproteobacteria;o__Caulobacterales;f__Caulobacteraceae;g__Asticcacaulis	0.0	7.83729769975e-05	0.0	0.0	0.0	3.00417580437e-05	0.0	0.0	0.0	0.0	0.0	0.0	0.0	0.0	0.0	0.0	0.0	0.0	0.0	0.0	0.0	0.0	0.0	0.0	0.0	0.0	0.0	0.0
k__Bacteria;p__Proteobacteria;c__Alphaproteobacteria;o__Caulobacterales;f__Caulobacteraceae;g__Brevundimonas	0.000142475512021	0.000117559465496	3.35334160491e-05	0.0	0.0	0.0	0.0	0.0	0.0	0.00966370313104	0.0	0.0	0.0	0.0	0.0	0.0	0.0	0.0	0.0	0.0	0.0	0.0	0.0	0.0	0.0	0.0	0.0	0.0
k__Bacteria;p__Proteobacteria;c__Alphaproteobacteria;o__Caulobacterales;f__Caulobacteraceae;g__Caulobacter	0.000142475512021	7.83729769975e-05	3.35334160491e-05	7.04994888787e-05	0.0	0.0	0.0	0.0	0.0	0.0	0.0	0.0	0.0	0.0	0.0	0.0	0.0	0.0	0.0	0.0	0.0	0.0	0.0	0.0	0.0	0.0	0.0	0.0
k__Bacteria;p__Proteobacteria;c__Alphaproteobacteria;o__Caulobacterales;f__Caulobacteraceae;g__Mycoplana	3.56188780053e-05	0.00109722167797	6.70668320982e-05	0.000105749233318	0.0	0.0	0.0	0.0	0.0	2.97344711724e-05	0.0	0.0	0.0	0.0	0.0	0.0	0.0	0.0	0.0	0.0	0.0	0.0	0.0	0.0	0.0	0.0	0.0	0.0
k__Bacteria;p__Proteobacteria;c__Alphaproteobacteria;o__Caulobacterales;f__Caulobacteraceae;g__Phenylobacterium	0.000391807658059	0.000352678396489	0.000603601488884	0.000634495399908	0.00011861833365	0.000120167032175	0.0	0.000114843525696	0.0	5.94689423449e-05	0.0	0.000175821084464	0.0	0.0	0.0	0.000150383477869	0.0	0.000184505627422	0.0	0.0	1.94371015394e-05	6.36456211813e-05	7.13521227257e-05	2.38652092979e-05	0.0001475299275	0.0	2.17065705789e-05	0.0
k__Bacteria;p__Proteobacteria;c__Alphaproteobacteria;o__Rhizobiales;Other;Other	0.000320569902048	0.000156745953995	0.000536534656785	0.000246748211075	0.0	0.0	2.5953802232e-05	0.0	0.0	0.00011893788469	0.0	0.0	0.0	0.0	0.0	0.0	0.0	0.0	0.0	0.0	0.0	0.0	0.0	0.0	0.0	0.0	0.0	0.0
k__Bacteria;p__Proteobacteria;c__Alphaproteobacteria;o__Rhizobiales;f__;g__	0.000498664292075	0.000901289235472	0.000838335401227	0.00105749233318	0.0	0.0	0.0	0.0	0.0	0.0	0.0	0.0	0.0	0.0	0.0	0.0	6.57390161061e-05	0.00022550687796	4.2359419676e-05	5.54959487957e-05	0.0	0.0	0.0	0.0	0.0	2.06096329424e-05	2.17065705789e-05	0.0
k__Bacteria;p__Proteobacteria;c__Alphaproteobacteria;o__Rhizobiales;f__Aurantimonadaceae;Other	0.0	3.91864884988e-05	0.0	0.0	0.0	0.0	0.0	0.0	0.0	0.0	0.0	0.0	0.0	0.0	0.0	0.0	0.0	4.10012505381e-05	0.0	0.0	0.0	0.0	0.0	0.0	0.0	0.0	0.0	0.0
k__Bacteria;p__Proteobacteria;c__Alphaproteobacteria;o__Rhizobiales;f__Aurantimonadaceae;g__	0.000854853072128	0.00152827305145	0.000871868817276	0.00105749233318	0.0	0.0	0.0	0.0	0.0	0.0	0.0	0.0	0.000137959577844	0.0	0.0	0.0	0.0	0.000246007503229	0.0	9.24932479929e-05	3.88742030788e-05	0.0	0.0	0.0	0.0	0.000123657797655	6.51197117367e-05	0.000113357264311
k__Bacteria;p__Proteobacteria;c__Alphaproteobacteria;o__Rhizobiales;f__Bradyrhizobiaceae;Other	0.0	0.0	0.0	0.000105749233318	0.0	0.0	0.0	0.0	0.0	0.0	0.0	0.0	0.0	0.0	0.0	0.0	0.0	0.0	0.0	0.0	0.0	0.0	0.0	0.0	0.0	0.0	0.0	0.0
k__Bacteria;p__Proteobacteria;c__Alphaproteobacteria;o__Rhizobiales;f__Bradyrhizobiaceae;g__	0.000106856634016	0.000235118930993	0.000234733912344	0.000211498466636	4.74473334599e-05	0.0	0.0	0.0	0.0	5.94689423449e-05	0.0	7.03284337858e-05	0.0	0.000119033448399	0.000406581194264	0.0	0.0	0.000143504376883	2.1179709838e-05	3.69972991972e-05	0.0	0.0	0.0	0.0	0.0	0.0	0.0	5.66786321557e-05
k__Bacteria;p__Proteobacteria;c__Alphaproteobacteria;o__Rhizobiales;f__Bradyrhizobiaceae;g__Balneimonas	3.56188780053e-05	3.91864884988e-05	6.70668320982e-05	0.0	0.0	0.0	0.0	0.0	0.0	0.0	0.0	0.0	0.0	0.0	0.0	0.0	0.0	0.0	0.0	0.0	0.0	0.0	0.0	0.0	0.0	0.0	0.0	0.0
k__Bacteria;p__Proteobacteria;c__Alphaproteobacteria;o__Rhizobiales;f__Bradyrhizobiaceae;g__Bosea	0.000569902048085	0.000705356792978	0.000804801985178	0.000493496422151	7.11710001898e-05	0.0	0.0	0.0	0.0	0.0	0.0	0.0	0.0	0.0	0.0	0.0	0.0	2.05006252691e-05	4.2359419676e-05	0.0	0.0	0.0	0.0	2.38652092979e-05	0.0	0.0	0.0	1.88928773852e-05
k__Bacteria;p__Proteobacteria;c__Alphaproteobacteria;o__Rhizobiales;f__Brucellaceae;Other	0.0	7.83729769975e-05	0.000100600248147	0.000140998977757	0.0	0.0	0.0	0.0	0.0	0.00514406351283	0.0	0.0	0.0	0.0	0.0	0.0	0.0	0.0	0.0	0.0	0.0	0.0	0.0	0.0	0.0	0.0	0.0	0.0
k__Bacteria;p__Proteobacteria;c__Alphaproteobacteria;o__Rhizobiales;f__Brucellaceae;g__Ochrobactrum	0.00395369545859	0.00854265449273	0.00435934408638	0.00888293559872	7.11710001898e-05	0.00105146153153	5.19076044641e-05	0.00014355440712	0.0	0.00214088192441	8.05520500497e-05	3.51642168929e-05	0.0	4.76133793596e-05	2.7105412951e-05	0.0	4.38260107374e-05	0.00266508128498	0.00135550142963	0.000184986495986	0.0	0.000233367277665	0.000142704245451	4.77304185958e-05	0.0	0.000103048164712	4.34131411578e-05	1.88928773852e-05
k__Bacteria;p__Proteobacteria;c__Alphaproteobacteria;o__Rhizobiales;f__Hyphomicrobiaceae;g__Devosia	0.00284951024043	0.00242956228692	0.0036886757654	0.00384222214389	9.48946669197e-05	0.000240334064349	0.0	0.0	0.0	0.000475751538759	0.0	0.0	0.0	0.0	8.13162388529e-05	0.0	0.000241043059056	0.000266508128498	4.2359419676e-05	0.000110991897591	1.94371015394e-05	0.0	9.51361636342e-05	0.0	0.000168605631428	4.12192658849e-05	8.68262823157e-05	5.66786321557e-05
k__Bacteria;p__Proteobacteria;c__Alphaproteobacteria;o__Rhizobiales;f__Hyphomicrobiaceae;g__Hyphomicrobium	0.000106856634016	0.0	0.0	0.0	0.0	0.0	0.0	0.0	0.0	0.0	0.0	0.0	0.0	0.0	0.0	0.0	0.0	0.0	0.0	0.0	0.0	0.0	0.0	0.0	0.0	0.0	0.0	0.0
k__Bacteria;p__Proteobacteria;c__Alphaproteobacteria;o__Rhizobiales;f__Hyphomicrobiaceae;g__Rhodoplanes	7.12377560107e-05	3.91864884988e-05	0.000167667080245	3.52497444394e-05	0.0	0.0	0.0	0.0	0.0	0.0	0.0	0.0	0.0	0.0	0.0	0.0	0.0	0.00022550687796	0.0	0.0	0.0	0.0	0.0	0.0	0.0	0.0	0.0	0.0
k__Bacteria;p__Proteobacteria;c__Alphaproteobacteria;o__Rhizobiales;f__Methylobacteriaceae;g__	0.0112199465717	0.00873858693522	0.00771268569129	0.00891818534316	0.00011861833365	0.000450626370655	2.5953802232e-05	5.74217628481e-05	9.72124334702e-05	0.0	5.37013666998e-05	0.0	0.0	9.52267587192e-05	0.0	7.51917389343e-05	0.000175304042949	6.15018758072e-05	2.1179709838e-05	0.000203485145584	7.77484061577e-05	0.0	0.000214056368177	2.38652092979e-05	8.4302815714e-05	0.0	0.0	0.0
k__Bacteria;p__Proteobacteria;c__Alphaproteobacteria;o__Rhizobiales;f__Methylobacteriaceae;g__Methylobacterium	0.00349065004452	0.00250793526392	0.00248147278763	0.00257323134407	0.0	6.00835160874e-05	2.5953802232e-05	0.0	0.0	0.0	0.0	0.0	0.0	0.0	0.0	0.0	0.000219130053687	8.20025010763e-05	0.00031769564757	5.54959487957e-05	0.000213808116934	2.12152070604e-05	0.000118920204543	4.77304185958e-05	0.0	4.12192658849e-05	0.0	3.77857547705e-05
k__Bacteria;p__Proteobacteria;c__Alphaproteobacteria;o__Rhizobiales;f__Methylocystaceae;g__	0.000320569902048	0.000274305419491	0.000469467824687	0.000105749233318	0.0	9.0125274131e-05	2.5953802232e-05	0.0	0.0	0.0	0.0	0.0	0.0	0.0	0.0	0.0	6.57390161061e-05	0.000348510629574	0.0	0.0	0.0	2.12152070604e-05	0.0	0.0	0.0	0.0	0.0	0.0
k__Bacteria;p__Proteobacteria;c__Alphaproteobacteria;o__Rhizobiales;f__Phyllobacteriaceae;Other	0.0	0.0	3.35334160491e-05	0.0	0.0	0.0	0.0	0.0	0.0	0.0	0.0	0.0	0.0	0.0	0.0	0.0	0.0	2.05006252691e-05	2.1179709838e-05	0.0	0.0	0.0	0.0	0.0	0.0	0.0	0.0	0.0
k__Bacteria;p__Proteobacteria;c__Alphaproteobacteria;o__Rhizobiales;f__Phyllobacteriaceae;g__	0.000178094390027	0.0	0.000234733912344	0.00052874616659	0.0	0.0	0.0	0.0	0.0	2.97344711724e-05	0.0	0.0	0.0	0.0	0.0	0.0	0.0	0.0	0.0	0.0	0.0	0.0	0.0	0.0	0.0	0.0	0.0	0.0
k__Bacteria;p__Proteobacteria;c__Alphaproteobacteria;o__Rhizobiales;f__Phyllobacteriaceae;g__Mesorhizobium	7.12377560107e-05	7.83729769975e-05	6.70668320982e-05	0.000140998977757	0.0	0.0	0.0	0.0	0.0	0.0	0.0	0.0	0.0	0.0	0.0	0.0	0.0	4.10012505381e-05	0.00010589854919	0.0	0.0	0.0	0.0	0.0	0.0	0.0	0.0	0.0
k__Bacteria;p__Proteobacteria;c__Alphaproteobacteria;o__Rhizobiales;f__Rhizobiaceae;Other	0.000569902048085	0.00094047572397	0.000637134904933	0.000845993866544	0.0	0.0	0.0	0.0	0.0	2.97344711724e-05	0.0	0.0	0.0	0.0	0.0	0.0	0.0	0.000102503126345	2.1179709838e-05	0.0	1.94371015394e-05	0.0	0.0	0.0	0.0	2.06096329424e-05	0.0	0.0
k__Bacteria;p__Proteobacteria;c__Alphaproteobacteria;o__Rhizobiales;f__Rhizobiaceae;g__	0.00327693677649	0.00223362984443	0.00399047650984	0.0044767175438	0.000260960334029	0.000180250548262	0.0	0.0	2.43031083676e-05	0.0	0.0	0.0	0.0	0.0	0.000162632477706	0.0	0.000153391037581	4.10012505381e-05	0.00021179709838	0.000184986495986	0.000116622609237	0.0	0.0	4.77304185958e-05	0.0	0.0	8.68262823157e-05	7.55715095409e-05
k__Bacteria;p__Proteobacteria;c__Alphaproteobacteria;o__Rhizobiales;f__Rhizobiaceae;g__Agrobacterium	0.0129652715939	0.0307613934715	0.0114013614567	0.0172371250308	0.000189789333839	0.000180250548262	0.00012976901116	0.000430663221361	4.86062167351e-05	0.000624423894621	8.05520500497e-05	0.000175821084464	6.89797889218e-05	0.000261873586478	0.0	0.00012531956489	0.000986085241591	0.00188605752475	0.00169437678704	0.000184986495986	0.000369304929249	0.000339443312967	0.000142704245451	9.54608371915e-05	0.000379362670713	0.000185486696482	0.00039071827042	0.000340071792934
k__Bacteria;p__Proteobacteria;c__Alphaproteobacteria;o__Rhizobiales;f__Rhizobiaceae;g__Kaistia	0.000712377560107	0.000822916258474	0.00140840347406	0.00102224258874	0.0	0.0	0.0	0.0	0.0	0.0	0.0	0.0	0.0	0.0	0.0	0.0	0.0	0.0	0.0	0.0	0.0	0.0	0.0	0.0	0.0	0.0	0.0	0.0
k__Bacteria;p__Proteobacteria;c__Alphaproteobacteria;o__Rhizobiales;f__Rhizobiaceae;g__Rhizobium	0.000926090828139	0.00141071358596	0.00100600248147	0.00137474003313	0.0	0.0	0.0	0.0	0.0	0.0	8.05520500497e-05	0.0	0.0	0.0	0.0	0.0	0.000284869069793	0.000348510629574	0.000169437678704	3.69972991972e-05	0.0	0.0	0.0	2.38652092979e-05	0.0	0.0	0.0	0.0
k__Bacteria;p__Proteobacteria;c__Alphaproteobacteria;o__Rhizobiales;f__Xanthobacteraceae;g__Labrys	0.0	3.91864884988e-05	3.35334160491e-05	0.000140998977757	0.0	0.0	0.0	0.0	0.0	0.0	0.0	0.0	0.0	0.0	0.0	0.0	2.19130053687e-05	0.0	0.0	0.0	0.0	0.0	0.0	0.0	0.0	0.0	0.0	0.0
k__Bacteria;p__Proteobacteria;c__Alphaproteobacteria;o__Rhodobacterales;f__Hyphomonadaceae;g__	7.12377560107e-05	0.0	3.35334160491e-05	0.0	0.0	0.0	0.0	0.0	0.0	0.0	0.0	0.0	0.0	0.0	0.0	0.0	0.0	0.0	0.0	0.0	0.0	0.0	0.0	0.0	0.0	0.0	0.0	0.0
k__Bacteria;p__Proteobacteria;c__Alphaproteobacteria;o__Rhodobacterales;f__Rhodobacteraceae;Other	3.56188780053e-05	3.91864884988e-05	0.0	7.04994888787e-05	0.0	0.0	0.0	0.0	0.0	0.000743361779311	0.0	0.0	0.0	0.0	0.0	0.0	0.0	2.05006252691e-05	0.0	0.0	0.0	0.0	0.0	0.0	0.0	0.0	0.0	0.0
k__Bacteria;p__Proteobacteria;c__Alphaproteobacteria;o__Rhodobacterales;f__Rhodobacteraceae;g__	0.0	0.0	0.0	0.0	0.0	0.0	0.0	0.0	0.0	0.000505486009931	0.0	0.0	0.0	0.0	0.0	0.0	0.0	0.0	0.0	0.0	0.0	0.0	0.0	0.0	0.0	0.0	0.0	0.0
k__Bacteria;p__Proteobacteria;c__Alphaproteobacteria;o__Rhodobacterales;f__Rhodobacteraceae;g__Anaerospora	0.0	0.0	0.0	0.0	0.0	0.0	0.0	0.0	0.0	0.000386548125242	0.0	0.0	0.0	0.0	0.0	0.0	0.0	0.0	0.0	0.0	0.0	0.0	0.0	0.0	0.0	0.0	0.0	0.0
k__Bacteria;p__Proteobacteria;c__Alphaproteobacteria;o__Rhodobacterales;f__Rhodobacteraceae;g__Jannaschia	0.0	0.0	0.0	0.0	0.0	0.0	0.0	0.0	0.0	0.000921768606345	0.0	0.0	0.0	0.0	0.0	0.0	0.0	0.0	0.0	0.0	0.0	0.0	0.0	0.0	0.0	0.0	0.0	0.0
k__Bacteria;p__Proteobacteria;c__Alphaproteobacteria;o__Rhodobacterales;f__Rhodobacteraceae;g__Paracoccus	7.12377560107e-05	0.0	0.000201200496295	0.0	0.0	0.0	0.0	0.0	0.0	0.00454937408938	0.0	0.0	0.0	0.0	0.0	0.0	0.0	8.20025010763e-05	0.0	0.0	0.0	0.0	0.0	0.0	0.0	0.0	0.0	0.0
k__Bacteria;p__Proteobacteria;c__Alphaproteobacteria;o__Rhodobacterales;f__Rhodobacteraceae;g__Rhodobacter	0.000142475512021	7.83729769975e-05	3.35334160491e-05	0.000140998977757	0.0	0.0	0.0	0.0	0.0	0.000208141298207	0.0	0.0	0.0	0.0	0.0	0.0	6.57390161061e-05	0.0	0.0	0.0	0.0	0.0	0.0	0.0	0.0	4.12192658849e-05	0.0	0.0
k__Bacteria;p__Proteobacteria;c__Alphaproteobacteria;o__Rhodospirillales;f__;g__	3.56188780053e-05	0.0	0.0	0.0	0.0	0.0	0.0	0.0	0.0	0.0	0.0	0.0	0.0	0.0	0.0	0.0	0.0	0.0	0.0	0.0	0.0	4.24304141208e-05	0.0	0.0	0.0	0.0	0.0	0.0
k__Bacteria;p__Proteobacteria;c__Alphaproteobacteria;o__Rhodospirillales;f__Acetobacteraceae;Other	0.0	0.0	0.000100600248147	0.0	0.0	0.0	0.0	0.0	0.0	0.0	0.0	0.0	0.0	0.0	0.0	0.0	0.0	0.0	0.0	0.0	0.0	0.0	0.0	0.0	0.0	0.0	0.0	0.0
k__Bacteria;p__Proteobacteria;c__Alphaproteobacteria;o__Rhodospirillales;f__Acetobacteraceae;g__	0.00227960819234	0.00207688389043	0.00137487005801	0.00190348619973	0.0	0.0	2.5953802232e-05	2.87108814241e-05	0.0	0.0	0.000214805466799	0.000386806385822	0.0	9.52267587192e-05	0.0	0.0	0.0	6.15018758072e-05	4.2359419676e-05	0.0	1.94371015394e-05	6.36456211813e-05	0.000261624449994	0.000119326046489	0.0	0.0	2.17065705789e-05	0.0
k__Bacteria;p__Proteobacteria;c__Alphaproteobacteria;o__Rhodospirillales;f__Acetobacteraceae;g__Acetobacter	3.56188780053e-05	0.0	0.0	0.0	0.0	0.0	0.0	0.000258397932817	7.29093251027e-05	0.018108292944	0.0607630964208	0.457169983824	0.0	0.0363290084514	0.0014907977123	0.000275703042759	0.000175304042949	0.0	2.1179709838e-05	7.39945983943e-05	0.0237910122842	0.0516590291921	0.0531573314306	0.0786358646365	0.00223402461642	0.000412192658849	0.000238772276368	1.88928773852e-05
k__Bacteria;p__Proteobacteria;c__Alphaproteobacteria;o__Rhodospirillales;f__Acetobacteraceae;g__Acidisoma	0.000213713268032	7.83729769975e-05	3.35334160491e-05	0.00102224258874	0.0	0.0	0.0	0.0	0.0	0.0	0.0	0.0	0.0	0.0	0.0	0.0	0.0	0.0	8.47188393519e-05	0.0	0.0	0.0	0.0	0.0	0.0	0.0	0.0	0.0
k__Bacteria;p__Proteobacteria;c__Alphaproteobacteria;o__Rhodospirillales;f__Acetobacteraceae;g__Gluconobacter	0.000712377560107	0.000156745953995	0.000201200496295	7.04994888787e-05	0.0	0.0	0.0	0.0	0.0	0.0	0.0	0.0	0.0	0.0	0.000135527064755	0.0	0.0	0.00166055064679	0.0	0.0	0.0	6.36456211813e-05	0.0	0.0	0.0	0.0	0.0	0.0
k__Bacteria;p__Proteobacteria;c__Alphaproteobacteria;o__Rhodospirillales;f__Acetobacteraceae;g__Roseococcus	0.000106856634016	0.0	3.35334160491e-05	3.52497444394e-05	0.0	0.0	0.0	0.0	0.0	0.0	0.0	0.0	0.0	0.0	0.0	0.0	0.0	0.0	0.0	0.0	0.0	0.0	0.0	0.0	0.0	0.0	0.0	0.0
k__Bacteria;p__Proteobacteria;c__Alphaproteobacteria;o__Rhodospirillales;f__Acetobacteraceae;g__Roseomonas	3.56188780053e-05	3.91864884988e-05	3.35334160491e-05	0.0	0.0	0.0	0.0	0.0	0.0	0.0	2.68506833499e-05	0.0	0.0	0.0	0.0	0.0	0.0	0.0	0.0	0.0	0.0	0.0	0.0	0.0	0.0	0.0	0.0	0.0
k__Bacteria;p__Proteobacteria;c__Alphaproteobacteria;o__Rhodospirillales;f__Rhodospirillaceae;g__	0.0	3.91864884988e-05	0.0	0.0	0.0	0.0	0.0	0.0	0.0	0.000297344711724	0.0	0.0	0.0	0.0	0.0	0.0	0.0	0.0	0.0	0.0	0.0	0.0	0.0	0.0	0.0	0.0	0.0	0.0
k__Bacteria;p__Proteobacteria;c__Alphaproteobacteria;o__Rhodospirillales;f__Rhodospirillaceae;g__Azospirillum	0.000498664292075	0.000431051373486	0.000536534656785	0.000704994888787	9.48946669197e-05	0.0	5.19076044641e-05	2.87108814241e-05	0.0	0.0	0.0	0.0	0.0	0.0	0.0	0.0	0.0	0.0	2.1179709838e-05	0.00012949054719	5.83113046183e-05	0.0	0.0	0.0	0.0	0.0	0.0	0.0
k__Bacteria;p__Proteobacteria;c__Alphaproteobacteria;o__Rhodospirillales;f__Rhodospirillaceae;g__Skermanella	0.000213713268032	0.0	0.0	0.0	0.0	0.0	0.0	0.0	0.0	0.0	0.0	0.0	0.0	0.0	0.0	0.0	0.0	0.0	4.2359419676e-05	0.0	0.0	0.0	0.0	0.0	0.0	0.0	0.0	0.0
k__Bacteria;p__Proteobacteria;c__Alphaproteobacteria;o__Rickettsiales;f__;g__	7.12377560107e-05	0.0	0.0	0.000211498466636	0.0	0.0	0.0	5.74217628481e-05	0.0	0.0	0.0	0.0	0.0	0.0	0.0	5.01278259562e-05	0.0	0.0	0.0	0.0	1.94371015394e-05	0.0	0.0	0.0	0.0001475299275	0.0	0.0	1.88928773852e-05
k__Bacteria;p__Proteobacteria;c__Alphaproteobacteria;o__Rickettsiales;f__mitochondria;Other	0.00341941228851	0.00062698381598	0.00274974011603	0.00229123338856	0.0	0.0	0.0	5.74217628481e-05	0.0	2.97344711724e-05	0.0	0.0	0.0	0.0	0.0	0.0	0.000131478032212	0.0	0.0	1.84986495986e-05	1.94371015394e-05	0.0	7.13521227257e-05	0.0	0.0	0.0	0.0	0.0
k__Bacteria;p__Proteobacteria;c__Alphaproteobacteria;o__Sphingomonadales;Other;Other	0.000142475512021	0.000117559465496	0.0	0.0	0.0	0.0	0.0	0.0	0.0	0.0	0.0	0.0	0.0	0.0	0.0	0.0	0.0	0.0	0.0	0.0	0.0	0.0	0.0	0.0	0.0	0.0	0.0	0.0
k__Bacteria;p__Proteobacteria;c__Alphaproteobacteria;o__Sphingomonadales;f__;g__	7.12377560107e-05	0.0	3.35334160491e-05	0.0	0.0	0.0	0.0	0.0	0.0	0.0	0.0	0.0	0.0	0.0	0.0	0.0	0.0	0.0	0.0	0.0	0.0	0.0	0.0	0.0	0.0	0.0	0.0	0.0
k__Bacteria;p__Proteobacteria;c__Alphaproteobacteria;o__Sphingomonadales;f__Erythrobacteraceae;g__	0.000178094390027	0.000156745953995	3.35334160491e-05	0.000281997955515	0.0	0.0	0.0	0.0	0.0	0.00011893788469	0.0	0.0	0.0	0.0	0.0	0.0	0.0	0.0	0.0	0.0	0.0	0.0	0.0	0.0	0.0	0.0	0.0	0.0
k__Bacteria;p__Proteobacteria;c__Alphaproteobacteria;o__Sphingomonadales;f__Sphingomonadaceae;Other	0.000427426536064	0.000431051373486	0.000167667080245	0.000281997955515	0.0	0.0	0.0	2.87108814241e-05	0.0	0.000564954952276	0.0	0.0	0.0	0.0	0.0	0.0	6.57390161061e-05	4.10012505381e-05	0.0	0.0	0.0	0.0	0.0	0.0	0.0	0.0	0.0	0.0
k__Bacteria;p__Proteobacteria;c__Alphaproteobacteria;o__Sphingomonadales;f__Sphingomonadaceae;g__	0.00163846838825	0.000705356792978	0.00120720297777	0.00112799182206	0.0	0.0	0.0	0.0	0.0	0.0	0.0	0.0	0.0	0.0	0.0	0.0	0.0	2.05006252691e-05	6.35391295139e-05	0.0	0.0	0.0	0.0	0.0	0.0	4.12192658849e-05	0.0	0.0
k__Bacteria;p__Proteobacteria;c__Alphaproteobacteria;o__Sphingomonadales;f__Sphingomonadaceae;g__Blastomonas	0.000320569902048	0.000195932442494	0.000301800744442	0.000317247699954	0.0	0.0	0.0	0.0	0.0	0.0	0.0	0.0	0.0	0.0	0.0	0.0	0.000131478032212	4.10012505381e-05	0.0	5.54959487957e-05	0.0	0.0	0.0	0.0	0.0	0.0	0.0	0.0
k__Bacteria;p__Proteobacteria;c__Alphaproteobacteria;o__Sphingomonadales;f__Sphingomonadaceae;g__Novosphingobium	0.00306322350846	0.00509424350484	0.00412461017404	0.00983467869858	0.0	0.0	0.0	0.000401952339937	2.43031083676e-05	0.000148672355862	0.0	0.00024614951825	0.0	0.0	0.0	0.0	0.000219130053687	0.00428463068124	0.00042359419676	7.39945983943e-05	0.00034986782771	0.0	0.000118920204543	7.15956278937e-05	4.2151407857e-05	0.0	4.34131411578e-05	0.0
k__Bacteria;p__Proteobacteria;c__Alphaproteobacteria;o__Sphingomonadales;f__Sphingomonadaceae;g__Sphingobium	0.0114692787177	0.0243348093577	0.00791388618759	0.010751172054	0.0	0.000180250548262	2.5953802232e-05	0.000114843525696	2.43031083676e-05	0.0	2.68506833499e-05	3.51642168929e-05	0.0	0.0	5.42108259019e-05	0.0	0.00050399912348	0.000676520633879	0.000190617388542	0.000369972991972	0.000272119421552	0.000466734555329	0.0	0.0	6.32271117855e-05	0.000370973392964	2.17065705789e-05	3.77857547705e-05
k__Bacteria;p__Proteobacteria;c__Alphaproteobacteria;o__Sphingomonadales;f__Sphingomonadaceae;g__Sphingomonas	0.0631522707035	0.062698381598	0.0333992823849	0.0745179597448	0.000925223002467	0.000991378015441	0.00012976901116	0.00232558139535	0.000461759058984	0.000267610240552	0.000563864350348	0.000738448554751	0.0	0.0	0.000623424497872	0.000375958694671	0.004338775063	0.00586317882695	0.00237212750185	0.00151688926708	0.00176877624009	0.00048794976239	0.000998929718159	0.000190921674383	0.00107486090035	0.000597679355331	0.0011287416701	0.000151143019082
k__Bacteria;p__Proteobacteria;c__Alphaproteobacteria;o__Sphingomonadales;f__Sphingomonadaceae;g__Sphingopyxis	0.000320569902048	0.000195932442494	0.00073773515308	0.000458246677712	0.0	0.0	0.0	2.87108814241e-05	0.0	0.00011893788469	0.0	0.0	0.0	0.0	0.0	0.0	0.000306782075162	8.20025010763e-05	0.00010589854919	3.69972991972e-05	0.0	0.0	2.37840409086e-05	0.0	0.0	0.0	0.0	0.0
k__Bacteria;p__Proteobacteria;c__Betaproteobacteria;Other;Other;Other	0.000106856634016	3.91864884988e-05	0.0	3.52497444394e-05	0.0	0.0	0.0	0.0	0.0	0.0	0.0	0.0	0.0	0.0	0.0	0.0	0.0	0.0	0.0	0.0	0.0	0.0	0.0	0.0	0.0	0.0	0.0	0.0
k__Bacteria;p__Proteobacteria;c__Betaproteobacteria;o__Burkholderiales;Other;Other	0.000498664292075	3.91864884988e-05	0.000335334160491	0.000246748211075	0.0	0.0	0.0	0.0	0.0	8.92034135173e-05	0.0	0.0	0.0	0.0	0.0	0.0	0.0	0.0	0.0	0.0	0.0	0.0	0.0	0.0	0.0	0.0	0.0	0.0
k__Bacteria;p__Proteobacteria;c__Betaproteobacteria;o__Burkholderiales;f__;g__	0.000284951024043	3.91864884988e-05	0.000134133664196	0.0	0.0	0.0	0.0	0.0	0.0	0.0	0.0	0.0	0.0	0.0	0.0	0.0	0.0	6.15018758072e-05	0.0	0.0	0.0	0.0	0.0	0.0	0.0	0.0	0.0	0.0
k__Bacteria;p__Proteobacteria;c__Betaproteobacteria;o__Burkholderiales;f__Alcaligenaceae;Other	0.000213713268032	0.000156745953995	6.70668320982e-05	0.000140998977757	0.0	0.0	0.0	0.0	0.0	0.000267610240552	0.0	0.0	0.0	0.0	0.0	0.0	0.0	2.05006252691e-05	0.0	0.0	0.0	0.0	0.0	0.0	0.0	0.0	0.0	0.0
k__Bacteria;p__Proteobacteria;c__Betaproteobacteria;o__Burkholderiales;f__Alcaligenaceae;g__	0.000142475512021	0.000548610838983	0.00036886757654	0.000176248722197	0.0	0.0	0.0	0.0	0.0	2.97344711724e-05	0.0	0.0	0.0	0.0	0.0	0.0	0.0	0.0	0.0	0.0	0.0	0.0	2.37840409086e-05	0.0	0.0	0.0	0.0	0.0
k__Bacteria;p__Proteobacteria;c__Betaproteobacteria;o__Burkholderiales;f__Alcaligenaceae;g__Achromobacter	0.0274977738201	0.0357772639994	0.0199188491332	0.0282702950404	0.000379578667679	0.0011716285637	0.000207630417856	0.000401952339937	0.00019442486694	0.00151645802979	0.000214805466799	0.00024614951825	0.000344898944609	0.000166646827759	8.13162388529e-05	0.00012531956489	0.00173112742413	0.00307509379036	0.000868368103357	0.00051796218876	0.000505364640025	0.000700101832994	0.000975145677251	7.15956278937e-05	0.000611195413927	0.000515240823561	0.000629490546789	0.000850179482335
k__Bacteria;p__Proteobacteria;c__Betaproteobacteria;o__Burkholderiales;f__Alcaligenaceae;g__Pigmentiphaga	0.000178094390027	0.000156745953995	6.70668320982e-05	7.04994888787e-05	0.0	0.0	0.0	0.0	0.0	0.0	0.0	0.0	0.0	0.0	0.0	7.51917389343e-05	0.0	0.0	0.0	0.0	0.0	0.0	0.0	0.0	0.0	0.0	0.0	0.0
k__Bacteria;p__Proteobacteria;c__Betaproteobacteria;o__Burkholderiales;f__Burkholderiaceae;Other	0.000142475512021	0.000195932442494	0.000469467824687	0.000176248722197	0.0	0.0	0.0	0.0	0.0	0.0	0.0	0.0	0.0	0.0	0.0	0.0	2.19130053687e-05	0.0	4.2359419676e-05	0.0	0.0	0.0	0.0	0.0	0.0	0.0	0.0	0.0
k__Bacteria;p__Proteobacteria;c__Betaproteobacteria;o__Burkholderiales;f__Burkholderiaceae;g__	0.000178094390027	3.91864884988e-05	0.0	0.000211498466636	0.0	0.0	0.0	0.0	0.0	0.0	0.0	0.0	0.0	0.0	0.0	0.0	0.0	0.0	0.0	0.0	0.0	2.12152070604e-05	0.0	0.0	2.10757039285e-05	0.0	2.17065705789e-05	0.0
k__Bacteria;p__Proteobacteria;c__Betaproteobacteria;o__Burkholderiales;f__Burkholderiaceae;g__Burkholderia	0.0103294746215	0.0062698381598	0.0124744307703	0.0234058303077	7.11710001898e-05	9.0125274131e-05	0.0	8.61326442722e-05	0.0	8.92034135173e-05	2.68506833499e-05	0.0	0.0	0.0	0.0	0.0	0.000197217048318	0.00194755940056	2.1179709838e-05	7.39945983943e-05	0.0	4.24304141208e-05	7.13521227257e-05	0.0	6.32271117855e-05	0.000103048164712	0.0	0.0
k__Bacteria;p__Proteobacteria;c__Betaproteobacteria;o__Burkholderiales;f__Burkholderiaceae;g__Pandoraea	0.00117542297418	0.000705356792978	0.000838335401227	0.000810744122105	0.0	0.0	0.0	0.000315819695665	4.86062167351e-05	0.0	0.0	7.03284337858e-05	0.0	0.0	0.0	0.0	0.000197217048318	6.15018758072e-05	0.0	0.0	0.0	2.12152070604e-05	0.0	0.0	0.000126454223571	0.0	0.0	0.0
k__Bacteria;p__Proteobacteria;c__Betaproteobacteria;o__Burkholderiales;f__Burkholderiaceae;g__Salinispora	7.12377560107e-05	7.83729769975e-05	6.70668320982e-05	7.04994888787e-05	0.0	0.0	0.0	0.0	0.0	0.0	0.0	0.0	0.0	0.0	0.0	0.0	0.0	0.0	0.0	0.0	0.0	0.0	0.0	0.0	0.0	0.0	0.0	0.0
k__Bacteria;p__Proteobacteria;c__Betaproteobacteria;o__Burkholderiales;f__Comamonadaceae;Other	0.0115405164737	0.00897370586622	0.0100264913987	0.0117029151539	0.000403302334409	0.000270375822393	0.00012976901116	0.000344530577089	7.29093251027e-05	0.0020516785109	0.000161104100099	0.000210985301357	6.89797889218e-05	0.000142840138079	0.00027105412951	0.000300766955737	0.000482086118111	0.00120953689088	0.00031769564757	0.00038847164157	0.000155496812315	0.000530380176511	0.00016648828636	2.38652092979e-05	0.000126454223571	2.06096329424e-05	0.000130239423473	0.000132250141697
k__Bacteria;p__Proteobacteria;c__Betaproteobacteria;o__Burkholderiales;f__Comamonadaceae;g__	0.00705253784506	0.00599553274031	0.00543241339995	0.00697944939899	9.48946669197e-05	3.00417580437e-05	7.78614066961e-05	0.00014355440712	2.43031083676e-05	0.00288424370373	2.68506833499e-05	3.51642168929e-05	0.0	0.0	5.42108259019e-05	2.50639129781e-05	2.19130053687e-05	0.000574017507534	4.2359419676e-05	9.24932479929e-05	7.77484061577e-05	0.0	0.0	2.38652092979e-05	2.10757039285e-05	0.0	0.000108532852895	0.0
k__Bacteria;p__Proteobacteria;c__Betaproteobacteria;o__Burkholderiales;f__Comamonadaceae;g__Comamonas	0.00188780053428	0.000979662212469	0.00107306931357	0.000740244633226	0.0	0.0	0.0	0.0	0.0	0.0259284588624	0.0	7.03284337858e-05	0.0	0.0	0.0	0.0	2.19130053687e-05	4.10012505381e-05	8.47188393519e-05	0.0	1.94371015394e-05	2.12152070604e-05	0.0	0.0	0.0	0.0	2.17065705789e-05	0.0
k__Bacteria;p__Proteobacteria;c__Betaproteobacteria;o__Burkholderiales;f__Comamonadaceae;g__Delftia	0.00619768477293	0.0031349190799	0.00415814359009	0.00571045859918	4.74473334599e-05	0.0	0.0	0.0	0.0	0.0	0.0	0.0	0.0	0.0	0.0	0.0	0.000569738139586	0.000738022509687	0.000338875357408	0.000203485145584	0.0	0.000127291242363	0.00016648828636	0.0	0.0	0.0	0.0	1.88928773852e-05
k__Bacteria;p__Proteobacteria;c__Betaproteobacteria;o__Burkholderiales;f__Comamonadaceae;g__Hylemonella	3.56188780053e-05	0.0	6.70668320982e-05	3.52497444394e-05	0.0	0.0	0.0	2.87108814241e-05	0.0	0.0	2.68506833499e-05	0.0	0.0	0.0	0.0	0.0	0.0	4.10012505381e-05	0.0	0.0	0.0	0.0	0.0	0.0	0.0	0.0	0.0	0.0
k__Bacteria;p__Proteobacteria;c__Betaproteobacteria;o__Burkholderiales;f__Comamonadaceae;g__Leptothrix	3.56188780053e-05	3.91864884988e-05	0.0	3.52497444394e-05	0.0	0.0	0.0	0.0	0.0	0.0	0.0	0.0	0.0	0.0	0.0	0.0	0.0	0.0	0.0	0.0	0.0	0.0	0.0	0.0	0.0	0.0	0.0	0.0
k__Bacteria;p__Proteobacteria;c__Betaproteobacteria;o__Burkholderiales;f__Comamonadaceae;g__Limnohabitans	0.000284951024043	7.83729769975e-05	0.000167667080245	0.000211498466636	0.0	0.0	0.0	0.0	0.0	0.0	0.0	0.0	0.0	0.0	0.0	0.0	0.0	8.20025010763e-05	0.0	0.0	1.94371015394e-05	0.0	0.0	0.0	0.0	0.0	0.0	0.0
k__Bacteria;p__Proteobacteria;c__Betaproteobacteria;o__Burkholderiales;f__Comamonadaceae;g__Methylibium	7.12377560107e-05	0.000117559465496	3.35334160491e-05	0.0	0.0	0.0	0.0	0.0	0.0	0.0	0.0	0.0	0.0	0.0	0.0	0.0	0.0	2.05006252691e-05	0.0	0.0	0.0	0.0	0.0	0.0	0.0	0.0	0.0	0.0
k__Bacteria;p__Proteobacteria;c__Betaproteobacteria;o__Burkholderiales;f__Comamonadaceae;g__Paucibacter	0.0	3.91864884988e-05	0.000100600248147	0.000140998977757	0.0	0.0	0.0	0.0	0.0	0.0	0.0	0.0	0.0	0.0	0.0	0.0	0.0	4.10012505381e-05	0.0	0.0	0.0	0.0	0.0	0.0	0.0	0.0	0.0	0.0
k__Bacteria;p__Proteobacteria;c__Betaproteobacteria;o__Burkholderiales;f__Comamonadaceae;g__Variovorax	0.00103294746215	0.000431051373486	0.000938935649375	0.00112799182206	0.0	0.0	0.0	0.0	2.43031083676e-05	0.0	0.0	0.0	0.0	0.0	0.0	0.0	0.000109565026843	0.0	2.1179709838e-05	1.84986495986e-05	0.0	2.12152070604e-05	0.0	0.0	0.0	0.0	0.0	0.0
k__Bacteria;p__Proteobacteria;c__Betaproteobacteria;o__Burkholderiales;f__Oxalobacteraceae;Other	0.000641139804096	0.00062698381598	0.000201200496295	0.000246748211075	0.0	0.0	0.0	0.0	0.0	2.97344711724e-05	0.0	0.0	0.0	0.0	0.0	0.0	2.19130053687e-05	4.10012505381e-05	2.1179709838e-05	0.0	0.0	0.0	0.0	0.0	2.10757039285e-05	0.0	0.0	0.0
k__Bacteria;p__Proteobacteria;c__Betaproteobacteria;o__Burkholderiales;f__Oxalobacteraceae;g__	0.0079786286732	0.0139503899056	0.00449347775058	0.00479396524375	0.000213513000569	0.000150208790218	2.5953802232e-05	5.74217628481e-05	2.43031083676e-05	0.00098123754869	0.0	0.0	0.0	0.000166646827759	0.0	0.0	0.000460173112742	0.00211156440271	0.00112252462141	0.000554959487957	0.00033043072617	2.12152070604e-05	0.000214056368177	4.77304185958e-05	4.2151407857e-05	4.12192658849e-05	0.000151945994052	0.0
k__Bacteria;p__Proteobacteria;c__Betaproteobacteria;o__Burkholderiales;f__Oxalobacteraceae;g__Cupriavidus	0.0	0.000235118930993	0.0	0.000211498466636	0.0	0.0	0.0	0.0	0.0	0.0	0.0	0.0	0.0	0.0	0.0	0.0	0.0	0.0	0.0	0.0	0.0	0.0	0.0	0.0	0.0	0.0	0.0	0.0
k__Bacteria;p__Proteobacteria;c__Betaproteobacteria;o__Burkholderiales;f__Oxalobacteraceae;g__Janthinobacterium	0.000178094390027	0.000235118930993	0.000402400992589	3.52497444394e-05	0.0	0.0	0.0	0.0	0.0	0.0	0.0	0.0	0.0	0.0	0.0	0.0	8.76520214747e-05	2.05006252691e-05	6.35391295139e-05	3.69972991972e-05	0.0	0.0	0.0	0.0	0.0	0.0	4.34131411578e-05	0.0
k__Bacteria;p__Proteobacteria;c__Betaproteobacteria;o__Burkholderiales;f__Oxalobacteraceae;g__Ralstonia	7.12377560107e-05	0.0	6.70668320982e-05	7.04994888787e-05	0.0	0.0	0.0	0.0	0.0	0.0	0.0	0.0	0.0	0.0	0.0	0.0	0.0	0.0	0.0	0.0	0.0	0.0	0.0	0.0	0.0	0.0	0.0	0.0
k__Bacteria;p__Proteobacteria;c__Betaproteobacteria;o__Neisseriales;f__Neisseriaceae;Other	0.0	0.0	0.000134133664196	0.0	0.0	0.0	0.0	0.0	0.0	0.0	0.0	0.0	0.0	0.0	0.0	0.0	0.0	0.0	0.0	0.0	0.0	0.0	0.0	0.0	0.0	0.0	0.0	0.0
k__Bacteria;p__Proteobacteria;c__Betaproteobacteria;o__Neisseriales;f__Neisseriaceae;g__	0.0	0.0	0.0	0.0	0.0	0.0	0.0	0.0	0.0	0.0	0.0	0.0	0.0	0.0	0.0	0.0	0.0	0.0	0.0	0.0	0.0	0.0	0.00016648828636	0.0	0.0	0.0	0.0	0.0
k__Bacteria;p__Proteobacteria;c__Betaproteobacteria;o__Procabacteriales;f__Procabacteriaceae;g__	7.12377560107e-05	0.0	6.70668320982e-05	0.0	0.0	0.0	0.0	0.0	0.0	0.0	0.0	0.0	0.0	0.0	0.0	0.0	0.0	0.0	0.0	0.0	0.0	0.0	0.0	0.0	0.0	0.0	0.0	0.0
k__Bacteria;p__Proteobacteria;c__Deltaproteobacteria;o__Bdellovibrionales;f__Bacteriovoracaceae;g__	0.000106856634016	3.91864884988e-05	3.35334160491e-05	7.04994888787e-05	0.0	0.0	0.0	0.0	0.0	0.0	0.0	0.0	0.0	0.0	0.0	0.0	0.0	0.0	0.0	0.0	0.0	0.0	0.0	0.0	0.0	0.0	0.0	0.0
k__Bacteria;p__Proteobacteria;c__Deltaproteobacteria;o__Bdellovibrionales;f__Bdellovibrionaceae;g__Bdellovibrio	0.00106856634016	0.000352678396489	0.000201200496295	0.000317247699954	0.0	3.00417580437e-05	0.0	0.0	0.0	2.97344711724e-05	0.0	0.0	0.0	0.0	5.42108259019e-05	0.0	0.0	0.0	0.0	0.0	7.77484061577e-05	0.000127291242363	2.37840409086e-05	0.0	0.0	0.0	6.51197117367e-05	0.0
k__Bacteria;p__Proteobacteria;c__Deltaproteobacteria;o__Myxococcales;Other;Other	0.0	0.0	0.000134133664196	0.0	0.0	0.0	0.0	0.0	0.0	0.0	0.0	0.0	0.0	0.0	0.0	0.0	0.0	0.0	0.0	0.0	0.0	0.0	0.0	0.0	0.0	0.0	0.0	0.0
k__Bacteria;p__Proteobacteria;c__Deltaproteobacteria;o__Myxococcales;f__;g__	0.00377560106857	0.000117559465496	0.00549948023205	0.000105749233318	0.0	0.0	0.0	0.000114843525696	0.0	0.0	0.0	0.0	0.0	0.0	0.0	0.0	0.0	0.0	0.0	0.0	0.0	0.0	0.0	0.0	0.0	0.0	0.0	0.0
k__Bacteria;p__Proteobacteria;c__Deltaproteobacteria;o__Myxococcales;f__Cystobacteraceae;Other	0.0	0.0	0.000771268569129	0.0	0.0	0.0	0.0	0.0	0.0	0.0	0.0	0.0	0.0	0.0	0.0	0.0	0.0	0.0	0.0	0.0	0.0	0.0	0.0	0.0	0.0	0.0	0.0	0.0
k__Bacteria;p__Proteobacteria;c__Deltaproteobacteria;o__Myxococcales;f__OM27;g__	0.000106856634016	0.0	0.0	0.0	0.0	0.0	0.0	0.0	0.0	0.0	0.0	0.0	0.0	0.0	0.0	0.0	0.0	0.0	0.0	0.0	0.0	0.0	0.0	0.0	0.0	0.0	0.0	0.0
k__Bacteria;p__Proteobacteria;c__Deltaproteobacteria;o__Spirobacillales;f__;g__	3.56188780053e-05	7.83729769975e-05	0.0	0.0	0.0	0.0	0.0	0.0	0.0	0.0	0.0	0.0	0.0	0.0	0.0	0.0	0.0	0.0	0.0	0.0	0.0	0.0	0.0	0.0	0.0	0.0	0.0	0.0
k__Bacteria;p__Proteobacteria;c__Gammaproteobacteria;Other;Other;Other	7.12377560107e-05	0.000195932442494	3.35334160491e-05	7.04994888787e-05	0.0	9.0125274131e-05	0.0	0.0	2.43031083676e-05	0.0	0.0	0.0	0.0	0.0	0.0	0.0	0.0	0.0	0.0	0.0	0.0	0.0	0.0	0.0	0.0	0.0	0.0	0.0
k__Bacteria;p__Proteobacteria;c__Gammaproteobacteria;o__;f__;g__	0.0	0.0	0.0	0.0	0.0	0.0	0.0	0.0	0.0	0.0	0.0	0.0	0.0	0.0	0.0	0.0	0.0	0.0	0.0	0.0	0.0	0.0	0.0	0.0	0.0	0.0	6.51197117367e-05	0.0
k__Bacteria;p__Proteobacteria;c__Gammaproteobacteria;o__Aeromonadales;f__Aeromonadaceae;g__	3.56188780053e-05	0.000117559465496	0.000402400992589	0.000317247699954	0.0	0.0	0.0	0.0	0.0	0.0	0.0	0.0	0.0	0.0	0.0	0.0	0.0	2.05006252691e-05	0.0	0.0	0.0	0.0	0.0	0.0	0.0	0.0	0.0	0.0
k__Bacteria;p__Proteobacteria;c__Gammaproteobacteria;o__Alteromonadales;f__Alteromonadaceae;Other	0.0	0.0	0.0	7.04994888787e-05	0.0	0.0	0.0	0.0	0.0	2.97344711724e-05	0.0	0.0	0.0	0.0	0.0	0.0	0.0	0.0	0.0	0.0	0.0	0.0	0.0	0.0	0.0	0.0	0.0	0.0
k__Bacteria;p__Proteobacteria;c__Gammaproteobacteria;o__Alteromonadales;f__Alteromonadaceae;g__Cellvibrio	7.12377560107e-05	0.0	0.000268267328393	0.000105749233318	0.0	0.0	0.0	0.0	0.0	0.000237875769379	0.0	0.0	0.0	0.0	0.0	0.0	0.0	0.0	0.0	0.0	0.0	0.0	0.0	0.0	0.0	0.0	0.0	0.0
k__Bacteria;p__Proteobacteria;c__Gammaproteobacteria;o__Alteromonadales;f__[Chromatiaceae];g__	3.56188780053e-05	0.000117559465496	0.0	7.04994888787e-05	0.0	0.0	0.0	0.0	0.0	0.0	0.0	0.0	0.0	0.0	0.0	0.0	0.0	0.0	0.0	0.0	0.0	0.0	0.0	0.0	0.0	0.0	0.0	0.0
k__Bacteria;p__Proteobacteria;c__Gammaproteobacteria;o__Enterobacteriales;f__Enterobacteriaceae;Other	0.0143900267142	0.00587797327481	0.0231045236578	0.00479396524375	4.74473334599e-05	0.0	7.78614066961e-05	0.00014355440712	7.29093251027e-05	0.000743361779311	2.68506833499e-05	0.0	0.0	2.38066896798e-05	2.7105412951e-05	5.01278259562e-05	0.000241043059056	0.000779023760225	0.00021179709838	0.000203485145584	0.000174933913855	0.000106076035302	9.51361636342e-05	7.15956278937e-05	4.2151407857e-05	0.000164877063539	6.51197117367e-05	3.77857547705e-05
k__Bacteria;p__Proteobacteria;c__Gammaproteobacteria;o__Enterobacteriales;f__Enterobacteriaceae;g__	0.0899732858415	0.0504721971864	0.254921028805	0.0501956360816	0.00341620800911	0.00267371646589	0.00111601349598	0.0037037037037	0.000680487034292	0.00874193452469	0.00123513143409	0.00109009072368	6.89797889218e-05	0.000595167241995	0.000677635323774	0.0010276204321	0.00379094992878	0.0208696365239	0.00330403473472	0.0025528136446	0.00217695537241	0.00148506449423	0.00242597217267	0.000381843348766	0.000906255268926	0.00148389357186	0.00147604679937	0.000850179482335
k__Bacteria;p__Proteobacteria;c__Gammaproteobacteria;o__Enterobacteriales;f__Enterobacteriaceae;g__Citrobacter	3.56188780053e-05	0.000156745953995	0.000167667080245	0.0	0.0	0.0	0.0	0.0	0.0	2.97344711724e-05	0.0	0.0	0.0	0.0	0.0	0.0	0.0	0.0	0.0	0.0	1.94371015394e-05	0.0	0.0	0.0	0.0	0.0	0.0	0.0
k__Bacteria;p__Proteobacteria;c__Gammaproteobacteria;o__Enterobacteriales;f__Enterobacteriaceae;g__Cronobacter	0.000142475512021	7.83729769975e-05	6.70668320982e-05	0.0	0.0	0.0	0.0	0.0	0.0	0.0	0.0	0.0	0.0	0.0	0.0	0.0	0.0	0.0	0.0	0.0	0.0	0.0	0.0	0.0	0.0	0.0	0.0	0.0
k__Bacteria;p__Proteobacteria;c__Gammaproteobacteria;o__Enterobacteriales;f__Enterobacteriaceae;g__Dickeya	0.000213713268032	0.000235118930993	3.35334160491e-05	3.52497444394e-05	0.0	0.0	0.0	0.0	0.0	2.97344711724e-05	0.0	0.0	0.0	0.0	0.0	0.0	0.0	4.10012505381e-05	0.0	0.0	5.83113046183e-05	0.0	0.0	0.0	0.000105378519643	0.0	0.0	0.0
k__Bacteria;p__Proteobacteria;c__Gammaproteobacteria;o__Enterobacteriales;f__Enterobacteriaceae;g__Enterobacter	0.000178094390027	0.000274305419491	0.000469467824687	0.000140998977757	0.0	0.0	0.0	0.0	0.0	0.0	0.0	0.0	0.0	0.0	0.0	0.0	2.19130053687e-05	2.05006252691e-05	0.0	0.0	0.0	0.0	0.0	0.0	0.0	0.0	0.0	0.0
k__Bacteria;p__Proteobacteria;c__Gammaproteobacteria;o__Enterobacteriales;f__Enterobacteriaceae;g__Erwinia	0.0357257346394	0.0144990007445	0.0303477415244	0.0213260953858	0.00163693300437	0.000841169225223	0.00025953802232	0.00195233993684	0.000340243517146	0.000594689423449	0.000402760250248	0.000210985301357	0.0	0.000404713724557	0.000379475781314	0.000350894781693	0.00164347540265	0.00467414256135	0.00171555649688	0.00157238521588	0.000602550147722	0.00099711473184	0.000761089309074	0.000143191255787	0.000716573933569	0.000556460089446	0.000542664264473	0.000321178915549
k__Bacteria;p__Proteobacteria;c__Gammaproteobacteria;o__Enterobacteriales;f__Enterobacteriaceae;g__Klebsiella	0.00153161175423	0.000705356792978	0.00975822407029	0.000810744122105	0.00016606566711	6.00835160874e-05	0.0	0.000200976169968	0.0	8.92034135173e-05	2.68506833499e-05	0.0	0.0	2.38066896798e-05	2.7105412951e-05	5.01278259562e-05	0.000153391037581	0.000943028762377	0.000127078259028	0.000110991897591	0.000194371015394	6.36456211813e-05	2.37840409086e-05	0.0	2.10757039285e-05	0.000103048164712	2.17065705789e-05	3.77857547705e-05
k__Bacteria;p__Proteobacteria;c__Gammaproteobacteria;o__Enterobacteriales;f__Enterobacteriaceae;g__Morganella	0.000142475512021	7.83729769975e-05	0.0	7.04994888787e-05	0.0	0.0	0.0	0.0	0.0	0.0	0.0	3.51642168929e-05	0.0	0.0	0.0	0.0	0.0	0.000102503126345	0.0	0.0	0.0	2.12152070604e-05	0.0	0.0	2.10757039285e-05	0.0	0.0	0.0
k__Bacteria;p__Proteobacteria;c__Gammaproteobacteria;o__Enterobacteriales;f__Enterobacteriaceae;g__Pantoea	3.56188780053e-05	0.0	0.0	7.04994888787e-05	0.0	0.0	0.0	0.0	0.0	0.0	0.0	0.0	0.0	0.0	0.0	0.0	0.0	0.0	0.0	0.0	0.0	0.0	0.0	0.0	0.0	0.0	0.0	0.0
k__Bacteria;p__Proteobacteria;c__Gammaproteobacteria;o__Enterobacteriales;f__Enterobacteriaceae;g__Plesiomonas	0.000142475512021	3.91864884988e-05	0.000167667080245	0.0	0.0	0.0	0.0	0.0	0.0	0.0	0.0	0.0	0.0	0.0	0.0	0.0	0.0	0.0	0.0	0.0	0.0	0.0	0.0	0.0	0.0	0.0	0.0	0.0
k__Bacteria;p__Proteobacteria;c__Gammaproteobacteria;o__Enterobacteriales;f__Enterobacteriaceae;g__Proteus	0.0	0.0	0.0	0.0	0.0	0.0	0.0	0.0	0.0	0.0	0.0	0.0	0.0	2.38066896798e-05	0.0	0.0	0.0	0.0	2.1179709838e-05	3.69972991972e-05	0.0	0.0	0.0	0.0	0.0	0.0	0.0	0.0
k__Bacteria;p__Proteobacteria;c__Gammaproteobacteria;o__Enterobacteriales;f__Enterobacteriaceae;g__Providencia	0.000142475512021	0.0	0.000134133664196	0.0	0.0	0.0	0.0	0.0	0.0	0.0	0.0	0.0	0.0	0.0	0.0	0.0	0.0	6.15018758072e-05	0.0	9.24932479929e-05	0.0	0.0	0.0	0.0	0.0	2.06096329424e-05	0.0	0.0
k__Bacteria;p__Proteobacteria;c__Gammaproteobacteria;o__Enterobacteriales;f__Enterobacteriaceae;g__Serratia	0.00188780053428	0.000431051373486	0.00248147278763	0.000669745144348	0.000593091668248	0.000270375822393	0.00012976901116	0.000200976169968	0.0	0.000892034135173	0.0001074027334	0.000105492650679	0.0	4.76133793596e-05	0.000189737890657	7.51917389343e-05	0.000701216171798	0.000922528137108	0.000487133326273	0.000277479743979	0.000155496812315	0.000233367277665	0.000380544654537	2.38652092979e-05	0.000105378519643	0.000123657797655	0.000217065705789	0.000170035896467
k__Bacteria;p__Proteobacteria;c__Gammaproteobacteria;o__Enterobacteriales;f__Enterobacteriaceae;g__Trabulsiella	7.12377560107e-05	7.83729769975e-05	0.000503001240736	7.04994888787e-05	0.0	3.00417580437e-05	0.0	0.0	0.0	0.00663078707145	0.0	0.0	0.0	0.0	0.0	0.0	0.0	6.15018758072e-05	0.0	1.84986495986e-05	0.0	0.0	0.0	0.0	0.0	0.0	0.0	0.0
k__Bacteria;p__Proteobacteria;c__Gammaproteobacteria;o__Oceanospirillales;f__Halomonadaceae;g__Kushneria	0.0	0.0	0.0	0.0	0.0	0.0	0.0	0.0	0.0	0.000178406827035	0.0	0.0	0.0	0.0	0.0	0.0	0.0	0.0	0.0	0.0	0.0	0.0	0.0	0.0	0.0	0.0	0.0	0.0
k__Bacteria;p__Proteobacteria;c__Gammaproteobacteria;o__Pseudomonadales;f__Moraxellaceae;Other	0.000106856634016	0.000156745953995	0.00036886757654	0.0	0.0	0.0	0.0	0.0	0.0	0.0	0.0	0.0	0.0	0.0	0.0	0.0	2.19130053687e-05	0.0	0.0	0.0	0.0	0.0	0.0	0.0	0.0	0.0	0.0	0.0
k__Bacteria;p__Proteobacteria;c__Gammaproteobacteria;o__Pseudomonadales;f__Moraxellaceae;g__Acinetobacter	0.00320569902048	0.00156745953995	0.00160960397036	0.00165673798865	0.000213513000569	0.000510709886743	2.5953802232e-05	0.0	9.72124334702e-05	0.01293449496	8.05520500497e-05	0.0	0.0	0.0	0.0	0.0	0.00116138928454	0.00131204001722	0.00021179709838	0.00038847164157	0.000291556523091	0.000360658520027	0.000190272327268	0.0	0.000295059854999	0.000247315595309	6.51197117367e-05	7.55715095409e-05
k__Bacteria;p__Proteobacteria;c__Gammaproteobacteria;o__Pseudomonadales;f__Moraxellaceae;g__Psychrobacter	0.0	0.0	0.0	0.0	0.0	0.0	0.0	0.0	0.0	8.92034135173e-05	0.0	0.0	0.0	0.0	0.0	0.0	0.0	0.0	0.0	0.0	0.0	0.0	0.0	0.0	0.0	0.0	0.0	0.0
k__Bacteria;p__Proteobacteria;c__Gammaproteobacteria;o__Pseudomonadales;f__Pseudomonadaceae;Other	0.000926090828139	0.00152827305145	0.000167667080245	0.000422996933272	0.0	0.0	0.0	0.0	0.0	0.0	0.0	0.0	0.0	0.0	0.0	0.0	0.0	0.0	0.0	0.0	0.0	0.0	0.0	0.0	0.0	0.0	0.0	0.0
k__Bacteria;p__Proteobacteria;c__Gammaproteobacteria;o__Pseudomonadales;f__Pseudomonadaceae;g__	0.000284951024043	0.000509424350484	0.000134133664196	0.00056399591103	0.0	0.0	0.0	0.0	0.0	2.97344711724e-05	0.0	0.0	0.0	0.0	0.0	0.0	0.0	0.0	0.00010589854919	0.0	1.94371015394e-05	0.0	0.0	0.0	2.10757039285e-05	0.0	0.0	0.0
k__Bacteria;p__Proteobacteria;c__Gammaproteobacteria;o__Pseudomonadales;f__Pseudomonadaceae;g__Pseudomonas	0.0257168299199	0.032289666523	0.00798095301968	0.0200218548416	9.48946669197e-05	9.0125274131e-05	0.0	0.0	0.0	0.000297344711724	5.37013666998e-05	0.0	0.0	0.0	0.0	0.0	6.57390161061e-05	4.10012505381e-05	0.000190617388542	0.0	0.000116622609237	0.0	0.0	0.0	6.32271117855e-05	2.06096329424e-05	0.0	0.0
k__Bacteria;p__Proteobacteria;c__Gammaproteobacteria;o__Thiotrichales;f__Piscirickettsiaceae;g__Methylophaga	0.0	0.0	0.0	0.0	0.0	0.0	0.0	0.0	0.0	0.00011893788469	0.0	0.0	0.0	0.0	0.0	0.0	0.0	0.0	0.0	0.0	0.0	0.0	0.0	0.0	0.0	0.0	0.0	0.0
k__Bacteria;p__Proteobacteria;c__Gammaproteobacteria;o__Xanthomonadales;f__Sinobacteraceae;g__	0.000106856634016	0.0	0.0	0.0	0.000284684000759	0.000120167032175	0.000155722813392	2.87108814241e-05	2.43031083676e-05	0.000148672355862	0.000214805466799	0.0	0.0	0.000380907034877	0.0	0.0	8.76520214747e-05	0.000184505627422	8.47188393519e-05	1.84986495986e-05	7.77484061577e-05	0.000233367277665	9.51361636342e-05	0.0	8.4302815714e-05	6.18288988273e-05	4.34131411578e-05	5.66786321557e-05
k__Bacteria;p__Proteobacteria;c__Gammaproteobacteria;o__Xanthomonadales;f__Sinobacteraceae;g__Nevskia	0.0	0.0	0.0	0.0	0.0	0.0	0.0	0.000114843525696	0.0	0.0	0.0	3.51642168929e-05	0.0	0.0	0.0	0.0	0.0	0.0	0.0	0.0	0.0	0.0	2.37840409086e-05	0.0	0.0	0.0	0.0	0.0
k__Bacteria;p__Proteobacteria;c__Gammaproteobacteria;o__Xanthomonadales;f__Xanthomonadaceae;Other	0.00170970614426	0.00356597045339	0.00342040843701	0.0021502344108	0.0	0.0	2.5953802232e-05	0.0	2.43031083676e-05	0.000773096250483	0.0	0.0	0.0	0.0	0.0	0.0	6.57390161061e-05	0.00065602000861	0.0	0.0	0.0	0.0	2.37840409086e-05	0.0	0.0	0.0	0.0	3.77857547705e-05
k__Bacteria;p__Proteobacteria;c__Gammaproteobacteria;o__Xanthomonadales;f__Xanthomonadaceae;g__	0.00430988423865	0.0112465221991	0.0055330136481	0.00599245655469	4.74473334599e-05	9.0125274131e-05	0.0	0.00091874820557	0.000121515541838	0.000208141298207	0.000187954783449	0.0	0.0	7.14200690394e-05	0.000108421651804	2.50639129781e-05	0.000131478032212	0.00045101375592	0.000127078259028	1.84986495986e-05	1.94371015394e-05	0.0	7.13521227257e-05	0.0	6.32271117855e-05	6.18288988273e-05	4.34131411578e-05	0.000151143019082
k__Bacteria;p__Proteobacteria;c__Gammaproteobacteria;o__Xanthomonadales;f__Xanthomonadaceae;g__Dokdonella	7.12377560107e-05	3.91864884988e-05	3.35334160491e-05	0.000704994888787	0.0	0.0	0.0	0.0	0.0	0.0	0.0	3.51642168929e-05	0.0	0.0	0.0	0.0	0.0	0.0	0.0	0.0	0.0	0.0	0.0	0.0	0.0	0.0	0.0	0.0
k__Bacteria;p__Proteobacteria;c__Gammaproteobacteria;o__Xanthomonadales;f__Xanthomonadaceae;g__Luteibacter	0.0026357969724	0.00211607037893	0.00415814359009	0.0132539039092	7.11710001898e-05	0.0	0.0	2.87108814241e-05	0.0	0.0	0.000241656150149	3.51642168929e-05	0.0	4.76133793596e-05	5.42108259019e-05	0.0	0.000284869069793	0.0014555443941	0.000127078259028	0.000110991897591	7.77484061577e-05	4.24304141208e-05	4.75680818171e-05	0.0	4.2151407857e-05	0.000247315595309	6.51197117367e-05	1.88928773852e-05
k__Bacteria;p__Proteobacteria;c__Gammaproteobacteria;o__Xanthomonadales;f__Xanthomonadaceae;g__Luteimonas	0.0013535173642	0.0253536580587	0.00100600248147	0.000881243610984	0.00014234200038	0.000150208790218	0.0	8.61326442722e-05	0.0	0.000327079182897	0.0	0.0	0.0	0.000309486965837	0.0	0.0	0.000219130053687	2.05006252691e-05	0.000508313036111	9.24932479929e-05	0.0	2.12152070604e-05	0.0	0.0	6.32271117855e-05	0.000123657797655	0.0	0.0
k__Bacteria;p__Proteobacteria;c__Gammaproteobacteria;o__Xanthomonadales;f__Xanthomonadaceae;g__Lysobacter	7.12377560107e-05	0.000235118930993	0.0	3.52497444394e-05	0.0	0.0	0.0	0.0	0.0	2.97344711724e-05	0.0	0.0	0.0	0.0	0.0	0.0	6.57390161061e-05	0.0	2.1179709838e-05	0.0	0.0	0.0	0.0	0.0	0.0	0.0	0.0	0.0
k__Bacteria;p__Proteobacteria;c__Gammaproteobacteria;o__Xanthomonadales;f__Xanthomonadaceae;g__Pseudoxanthomonas	0.00306322350846	0.00419295426937	0.00187787129875	0.00296097853291	0.00016606566711	0.0	5.19076044641e-05	2.87108814241e-05	2.43031083676e-05	2.97344711724e-05	0.0	0.0	0.0	0.0	0.0	0.000350894781693	0.000284869069793	0.000410012505381	2.1179709838e-05	0.000221983795183	0.0	0.000212152070604	0.000214056368177	0.0	0.0	0.0	0.0	0.0
k__Bacteria;p__Proteobacteria;c__Gammaproteobacteria;o__Xanthomonadales;f__Xanthomonadaceae;g__Stenotrophomonas	0.0460908281389	0.235275676947	0.040307166091	0.0818499065882	0.000782881002088	0.00276384174002	0.000207630417856	0.000947459086994	0.000340243517146	0.0160268799619	0.000429610933598	0.000562627470286	0.000689797889218	0.000333293655517	0.000325264955412	0.000751917389343	0.00383477593952	0.0145964451916	0.00300751879699	0.00114691627511	0.00196314725548	0.000763747454175	0.00235462004995	0.000190921674383	0.000674422525712	0.00107170091301	0.00110703509952	0.00043453617986
k__Bacteria;p__Tenericutes;c__Mollicutes;o__RF39;f__;g__	0.0	0.0	0.0	0.0	0.0	0.0	0.0	0.0	0.0	0.0	0.0	0.0	0.0	0.0	0.0	0.0	0.0	0.0	0.0	0.0	0.0	0.0	0.0	0.0	0.0	0.0	0.000151945994052	0.0
k__Bacteria;p__Verrucomicrobia;c__Verrucomicrobiae;o__Verrucomicrobiales;f__Verrucomicrobiaceae;g__	0.000356188780053	3.91864884988e-05	0.000268267328393	0.000493496422151	0.0	0.0	0.0	0.0	0.0	0.0	0.0	0.0	0.0	0.0	0.0	0.0	0.0	0.0	0.0	0.0	0.0	0.0	0.0	0.0	0.0	0.0	0.0	0.0
k__Bacteria;p__Verrucomicrobia;c__Verrucomicrobiae;o__Verrucomicrobiales;f__Verrucomicrobiaceae;g__Luteolibacter	0.000320569902048	0.000156745953995	0.000100600248147	0.000634495399908	0.0	0.0	0.0	0.0	0.0	0.0	0.0	0.0	0.0	0.0	0.0	0.0	0.0	0.0	0.0	0.0	0.0	0.0	7.13521227257e-05	0.0	0.0	0.0	0.0	0.0
k__Bacteria;p__Verrucomicrobia;c__Verrucomicrobiae;o__Verrucomicrobiales;f__Verrucomicrobiaceae;g__Prosthecobacter	0.000142475512021	0.000195932442494	6.70668320982e-05	7.04994888787e-05	0.0	0.0	0.0	0.0	0.0	0.0	0.0	0.0	0.0	0.0	0.0	0.0	0.0	0.0	0.0	0.0	0.0	0.0	0.0	0.0	0.0	0.0	0.0	0.0
k__Bacteria;p__Verrucomicrobia;c__[Spartobacteria];o__[Chthoniobacterales];f__[Chthoniobacteraceae];g__Candidatus Xiphinematobacter	0.0	3.91864884988e-05	0.0	7.04994888787e-05	0.0	0.0	0.0	0.0	0.0	0.0	0.0	0.0	0.0	0.0	0.0	0.0	0.0	0.0	0.0	0.0	0.0	0.0	0.0	0.0	0.0	0.0	0.0	0.0
k__Bacteria;p__Verrucomicrobia;c__[Spartobacteria];o__[Chthoniobacterales];f__[Chthoniobacteraceae];g__Chthoniobacter	0.0	7.83729769975e-05	3.35334160491e-05	0.0	0.0	0.0	0.0	0.0	0.0	0.0	0.0	0.0	0.0	0.0	0.0	0.0	0.0	0.0	0.0	0.0	0.0	0.0	0.0	0.0	0.0	0.0	0.0	0.0