	sequences per sample	iteration	L1S140	L1S208	L1S8	L1S281	L3S242	L2S309	L2S357	L4S112	L2S155	L2S382	L4S63	L2S222	L3S341	L3S360	L2S204	L4S137	L3S294	L2S175	L5S203	L6S93	L6S20	L6S68	L1S257	L3S378	L1S105	L5S174	L5S155	L5S222	L5S104	L1S57	L1S76	L5S240	L3S313	L2S240
alpha_rarefaction_10_0.txt	10	0	8.5	13.0	7.0	13.0	9.0	7.0	29.0	13.0	23.0	55.0	23.0	29.0	23.0	55.0	5.0	12.0	55.0	55.0	12.0	55.0	6.5	12.0	23.0	8.5	13.0	13.0	5.5	12.0	12.0	23.0	9.0	9.0	13.0	9.0
alpha_rarefaction_10_1.txt	10	1	13.0	29.0	22.0	55.0	7.0	55.0	55.0	55.0	55.0	55.0	23.0	55.0	55.0	23.0	9.0	23.0	55.0	23.0	29.0	9.0	12.0	22.0	8.5	9.0	13.0	13.0	22.0	12.0	9.0	23.0	22.0	55.0	23.0	29.0
alpha_rarefaction_10_2.txt	10	2	9.0	6.2	8.5	23.0	13.0	13.0	23.0	13.0	23.0	23.0	23.0	55.0	13.0	55.0	13.0	55.0	23.0	55.0	23.0	23.0	8.0	12.0	23.0	12.0	12.0	8.0	13.0	55.0	13.0	12.0	13.0	12.0	13.0	55.0
alpha_rarefaction_10_3.txt	10	3	8.5	13.0	5.33333333333	13.0	22.0	23.0	55.0	23.0	23.0	23.0	23.0	55.0	23.0	55.0	23.0	12.0	23.0	23.0	29.0	55.0	12.0	13.0	13.0	55.0	29.0	5.33333333333	8.5	23.0	13.0	29.0	12.0	13.0	23.0	12.0
alpha_rarefaction_10_4.txt	10	4	6.5	23.0	16.0	12.0	5.5	23.0	13.0	23.0	12.0	23.0	55.0	23.0	55.0	55.0	23.0	55.0	13.0	23.0	55.0	12.0	6.5	29.0	9.0	12.0	12.0	8.5	29.0	13.0	13.0	55.0	13.0	9.0	23.0	8.5
alpha_rarefaction_10_5.txt	10	5	8.5	12.0	12.0	8.5	12.0	12.0	29.0	23.0	23.0	13.0	23.0	23.0	55.0	55.0	23.0	55.0	55.0	55.0	23.0	5.33333333333	8.5	8.5	29.0	7.0	13.0	29.0	7.0	29.0	8.5	12.0	13.0	23.0	13.0	8.5
alpha_rarefaction_10_6.txt	10	6	9.0	13.0	5.33333333333	11.0	12.0	29.0	29.0	29.0	55.0	23.0	23.0	23.0	55.0	23.0	29.0	55.0	22.0	12.0	23.0	23.0	12.0	12.0	23.0	23.0	13.0	23.0	29.0	12.0	13.0	29.0	23.0	12.0	29.0	13.0
alpha_rarefaction_10_7.txt	10	7	16.0	22.0	12.0	29.0	12.0	55.0	13.0	23.0	23.0	55.0	55.0	55.0	55.0	23.0	22.0	23.0	12.0	13.0	55.0	23.0	29.0	13.0	29.0	12.0	12.0	13.0	7.0	13.0	7.0	12.0	8.5	23.0	55.0	23.0
alpha_rarefaction_10_8.txt	10	8	5.33333333333	7.0	9.0	55.0	9.0	23.0	23.0	13.0	23.0	29.0	55.0	55.0	23.0	23.0	16.0	23.0	23.0	23.0	29.0	23.0	23.0	6.2	9.0	23.0	8.5	29.0	12.0	13.0	13.0	13.0	6.2	13.0	55.0	12.0
alpha_rarefaction_10_9.txt	10	9	7.0	23.0	13.0	29.0	29.0	55.0	13.0	23.0	13.0	55.0	13.0	55.0	13.0	55.0	29.0	13.0	23.0	22.0	23.0	55.0	6.5	55.0	29.0	7.0	23.0	13.0	4.0	23.0	12.0	55.0	23.0	5.33333333333	55.0	23.0
alpha_rarefaction_120_0.txt	120	0	97.25	81.1	86.0	129.666666667	52.0	143.0	113.5	116.666666667	154.5	126.0	209.0	263.75	213.0	197.375	274.2	107.583333333	238.6	173.142857143	53.5	84.1666666667	72.0	44.375	192.666666667	109.2	74.5	63.5	62.75	46.0	55.0	187.25	73.3333333333	58.0	180.0	56.0
alpha_rarefaction_120_1.txt	120	1	105.0	167.166666667	31.0	103.583333333	69.5	257.666666667	236.6	125.0	129.0	186.6	149.5	358.1	287.875	234.571428571	125.909090909	287.6	171.875	135.0	102.0	78.1428571429	57.0	64.0	103.0	95.0	79.1666666667	46.3333333333	44.1428571429	36.8571428571	163.5	138.5	101.111111111	46.0	128.909090909	67.6666666667
alpha_rarefaction_120_2.txt	120	2	197.5	114.5	62.0	72.0	37.2	225.375	97.3333333333	142.0	219.666666667	267.5	244.363636364	343.272727273	218.666666667	330.666666667	176.0	135.75	137.0	279.2	57.6666666667	80.5	57.3333333333	62.6	97.75	110.0	94.75	45.5	44.6	60.5	36.0	85.0	87.4285714286	40.0	296.666666667	178.333333333
alpha_rarefaction_120_3.txt	120	3	68.0	177.0	56.75	91.5	136.0	190.545454545	135.111111111	139.0	134.111111111	153.0	367.0	241.9375	213.1	282.333333333	247.0	164.272727273	266.0	190.5	62.0	57.4285714286	43.125	63.1	96.3333333333	109.2	107.0	61.0	52.0	96.3333333333	92.0	161.0	86.0	51.0	256.0	80.0
alpha_rarefaction_120_4.txt	120	4	205.333333333	107.142857143	65.6666666667	119.125	101.0	132.461538462	280.2	113.928571429	139.25	200.75	298.0	419.0	164.230769231	254.333333333	256.0	134.75	161.0	434.0	64.3333333333	66.1	91.2	40.6666666667	73.625	71.75	99.0	61.5	132.0	54.125	43.2	147.142857143	68.2	40.1428571429	205.0	61.0
alpha_rarefaction_120_5.txt	120	5	67.25	161.25	53.6666666667	76.9090909091	63.0	437.25	166.625	130.909090909	147.0	232.545454545	215.0	335.545454545	190.545454545	269.1	276.2	196.666666667	237.6	126.5	48.0	110.0	63.6666666667	111.0	91.5	195.0	122.25	43.125	48.5	83.5	37.8571428571	91.0	103.0	57.25	142.666666667	89.5
alpha_rarefaction_120_6.txt	120	6	64.2	96.0909090909	71.75	120.909090909	88.75	241.0	147.625	166.625	195.142857143	231.5	250.1	233.571428571	336.428571429	237.076923077	134.333333333	197.75	99.7692307692	162.625	77.5	77.25	65.0	56.25	99.0	96.0	150.5	57.375	58.0	70.25	47.5	68.875	64.0	60.75	168.428571429	76.75
alpha_rarefaction_120_7.txt	120	7	109.0	138.0	78.5	156.5	59.6	147.571428571	105.0	150.625	174.1	154.666666667	163.0	317.083333333	279.5	343.272727273	167.875	110.571428571	154.428571429	144.1	45.1428571429	50.7142857143	56.2	58.5	75.0	270.5	170.0	54.6666666667	183.0	49.5	47.1666666667	109.142857143	142.5	69.0	319.0	205.0
alpha_rarefaction_120_8.txt	120	8	211.5	179.333333333	67.25	136.25	146.5	117.0	172.1	163.272727273	202.428571429	203.333333333	288.111111111	153.0	264.857142857	217.153846154	451.0	149.0	132.111111111	257.0	61.375	51.0	116.5	67.2	169.0	96.0	61.75	58.375	59.3333333333	66.6666666667	44.1428571429	105.0	111.2	43.0	149.111111111	83.5
alpha_rarefaction_120_9.txt	120	9	83.875	79.1	102.0	75.5454545455	52.125	171.909090909	98.3333333333	287.0	173.1	259.625	811.5	328.5	288.6	171.4	195.125	144.0	150.142857143	119.909090909	130.75	58.2727272727	68.0	60.2	142.0	142.2	125.2	56.8571428571	83.5	53.0	65.6	89.0	172.0	85.6	169.875	112.0
alpha_rarefaction_230_0.txt	230	0	227.0	212.111111111	95.25	222.0	77.5	273.647058824	260.0	338.0	214.1875	257.157894737	370.3125	486.166666667	240.05	322.272727273	640.0	276.272727273	205.066666667	261.0	98.0	85.6666666667	75.25	165.2	224.666666667	170.166666667	202.75	124.857142857	100.0	103.166666667	58.1428571429	208.5	92.0	85.1666666667	283.833333333	93.8
alpha_rarefaction_230_1.txt	230	1	166.625	176.083333333	543.0	163.25	103.375	278.4375	160.789473684	225.2	172.176470588	232.538461538	417.4	431.545454545	273.647058824	440.714285714	325.083333333	186.052631579	207.666666667	192.666666667	88.4285714286	115.111111111	111.0	78.0	191.111111111	117.5	352.5	61.125	73.6666666667	111.0	62.4285714286	120.333333333	169.0	175.0	198.0	73.0
alpha_rarefaction_230_2.txt	230	2	112.1	227.111111111	65.1428571429	233.272727273	89.0	342.5	226.1	177.555555556	294.6	310.153846154	415.909090909	417.5	312.176470588	337.115384615	357.75	263.571428571	211.0	292.0	92.625	98.0	126.5	140.0	192.909090909	141.0	126.111111111	79.0	77.0	115.428571429	76.6666666667	215.0	122.333333333	64.1111111111	264.333333333	179.0
alpha_rarefaction_230_3.txt	230	3	195.666666667	210.428571429	139.0	173.272727273	114.0	411.3	246.6	342.5	430.111111111	247.142857143	448.625	375.103448276	313.0	415.555555556	290.928571429	199.916666667	196.0	261.0	98.6	91.4285714286	129.2	102.166666667	160.3	116.545454545	141.0	139.0	85.0	141.5	348.0	176.4	155.625	116.666666667	335.25	99.25
alpha_rarefaction_230_4.txt	230	4	158.5	196.375	81.3636363636	217.8	94.0	314.4	180.428571429	234.583333333	329.083333333	296.235294118	377.052631579	542.0	312.4	247.161290323	212.214285714	216.588235294	196.230769231	168.136363636	83.625	139.375	71.3	108.0	243.5	166.625	172.428571429	81.3333333333	63.8571428571	76.25	76.6666666667	193.0	127.6	84.1666666667	255.714285714	131.428571429
alpha_rarefaction_230_5.txt	230	5	113.272727273	197.5	112.0	189.25	153.6	308.769230769	230.0	347.545454545	251.214285714	299.0	263.588235294	347.25	234.1875	349.142857143	344.545454545	211.1875	172.4	271.5	116.0	118.125	127.2	168.25	231.375	91.75	580.5	97.1111111111	63.375	119.2	102.75	122.076923077	119.428571429	60.6666666667	248.214285714	135.666666667
alpha_rarefaction_230_6.txt	230	6	121.111111111	227.125	139.0	174.111111111	161.0	281.315789474	256.875	181.882352941	191.75	206.916666667	385.153846154	344.0	289.235294118	350.416666667	489.8	225.352941176	191.363636364	376.0	71.375	142.0	107.0	70.6666666667	143.769230769	178.0	96.75	69.1	71.0	98.5	83.75	158.25	177.166666667	109.5	234.461538462	117.272727273
alpha_rarefaction_230_7.txt	230	7	115.272727273	189.111111111	87.0	186.0	60.0	291.714285714	217.352941176	234.5	224.0	158.333333333	290.15	558.333333333	359.0	524.5625	211.0625	231.058823529	204.066666667	196.9375	95.625	189.0	86.2307692308	123.857142857	234.142857143	163.25	106.769230769	116.0	101.75	129.25	45.8571428571	205.6	163.083333333	92.6	286.571428571	131.5
alpha_rarefaction_230_8.txt	230	8	213.0	228.5	61.0	135.0	87.0	280.4375	262.875	457.6	259.1	264.375	330.0	350.0	239.526315789	440.473684211	367.333333333	309.0	147.461538462	226.071428571	74.6666666667	59.1666666667	93.4285714286	63.375	179.1	157.083333333	160.428571429	86.3636363636	89.2	64.375	252.0	139.571428571	122.0	58.125	233.769230769	110.0
alpha_rarefaction_230_9.txt	230	9	123.6	125.75	117.5	209.6	134.0	257.0	245.545454545	192.3125	323.8	270.166666667	259.052631579	579.4375	336.0	542.666666667	288.047619048	207.066666667	189.8	198.117647059	128.5	90.1	103.0	89.0	139.230769231	165.272727273	103.5	91.875	63.8571428571	72.3	64.0	133.0	118.076923077	94.25	212.428571429	120.333333333
alpha_rarefaction_340_0.txt	340	0	174.0	174.4375	141.25	227.0	93.875	308.260869565	232.166666667	343.0	279.565217391	319.5	272.228571429	482.153846154	472.619047619	424.033333333	367.882352941	235.615384615	346.0	337.714285714	154.0	97.9090909091	93.8	91.0714285714	248.571428571	166.461538462	212.272727273	112.5	116.0	78.0909090909	95.8571428571	235.583333333	110.0	108.5	309.75	89.9090909091
alpha_rarefaction_340_1.txt	340	1	168.0	235.583333333	147.5	277.545454545	116.0	374.666666667	255.055555556	346.0	275.476190476	316.888888889	406.315789474	423.228571429	353.0	592.045454545	291.789473684	280.884615385	265.0	274.0	137.857142857	139.5	104.666666667	98.875	229.153846154	225.583333333	216.0	66.1	158.142857143	244.0	149.5	158.928571429	264.0	107.666666667	405.153846154	160.625
alpha_rarefaction_340_2.txt	340	2	266.0	294.6	119.333333333	167.666666667	120.428571429	368.052631579	406.272727273	359.214285714	257.730769231	247.1	527.0	470.756756757	343.115384615	527.869565217	426.285714286	216.142857143	176.5	287.0	114.0	89.5454545455	90.625	96.8571428571	182.4	262.0	159.571428571	84.2727272727	68.375	89.5	100.5	295.142857143	124.928571429	91.625	250.545454545	170.6
alpha_rarefaction_340_3.txt	340	3	158.3	247.4	163.857142857	224.333333333	511.5	317.894736842	410.545454545	382.071428571	304.235294118	233.689655172	543.5	470.0	324.1	472.130434783	394.375	270.375	251.375	189.12	214.5	226.5	76.875	106.333333333	225.615384615	203.071428571	187.8	110.5	89.5	106.5	142.666666667	169.3	136.363636364	161.6	223.107142857	116.583333333
alpha_rarefaction_340_4.txt	340	4	248.3	279.461538462	251.2	354.0	104.666666667	410.789473684	408.714285714	318.2	265.588235294	242.615384615	428.037037037	491.689655172	363.565217391	582.0	256.157894737	243.035714286	246.166666667	249.619047619	127.5	218.111111111	110.6	108.75	221.111111111	171.230769231	273.5	78.1111111111	107.0	98.4285714286	148.0	154.272727273	179.0	95.6	283.833333333	113.769230769
alpha_rarefaction_340_5.txt	340	5	233.375	270.333333333	102.75	260.928571429	111.0	322.476190476	254.055555556	311.5	382.769230769	291.75	396.956521739	482.451612903	458.25	567.75	344.526315789	348.142857143	328.5	252.0	105.272727273	116.6	87.3333333333	110.166666667	216.333333333	149.090909091	170.083333333	139.0	105.75	84.0833333333	113.375	228.1	118.4	78.0909090909	313.666666667	121.0
alpha_rarefaction_340_6.txt	340	6	150.2	165.526315789	257.0	203.3125	124.5	456.0	246.619047619	331.058823529	262.214285714	277.833333333	466.058823529	485.0	255.0	479.541666667	438.0	311.12	312.090909091	265.44	169.6	124.090909091	94.6	127.545454545	175.5	236.0	206.666666667	132.125	99.6	93.5	111.0	246.0	202.545454545	101.0	342.555555556	110.0
alpha_rarefaction_340_7.txt	340	7	155.666666667	239.5	104.666666667	215.769230769	154.142857143	358.142857143	244.0	306.5	294.526315789	214.375	520.0	496.615384615	379.869565217	515.111111111	360.555555556	213.260869565	245.166666667	278.285714286	129.333333333	156.5	130.0	147.0	202.545454545	250.111111111	177.111111111	117.0	84.0	70.25	94.1666666667	260.875	196.0	82.5	317.05	189.25
alpha_rarefaction_340_8.txt	340	8	129.909090909	276.272727273	248.166666667	301.6	191.25	323.125	294.833333333	280.05	247.8	222.081081081	513.0	431.527777778	418.0	532.391304348	354.25	293.0	214.235294118	277.884615385	101.0	114.666666667	75.4615384615	105.333333333	153.5	172.0	231.125	110.6	118.0	111.0	155.5	223.857142857	184.875	98.0	282.0	145.111111111
alpha_rarefaction_340_9.txt	340	9	191.909090909	218.428571429	115.5	209.25	113.666666667	603.0	558.111111111	379.4	290.315789474	241.885714286	396.5	523.028571429	337.0	588.045454545	238.5	217.5	220.769230769	293.789473684	119.111111111	156.0	104.666666667	75.0	283.1	163.058823529	155.214285714	164.428571429	123.333333333	79.875	90.5	185.1	126.583333333	93.0	316.352941176	104.545454545
alpha_rarefaction_450_0.txt	450	0	198.833333333	235.434782609	249.0	253.0	179.083333333	382.107142857	418.066666667	376.956521739	289.64	306.0	354.516129032	532.87804878	559.136363636	477.972972973	414.772727273	250.181818182	344.875	296.875	146.909090909	182.333333333	135.0	305.5	295.769230769	302.25	376.111111111	108.615384615	104.875	107.142857143	111.090909091	142.0	137.75	91.9090909091	329.0	214.666666667
alpha_rarefaction_450_1.txt	450	1	233.5	242.652173913	211.5	286.5	235.142857143	592.125	403.117647059	533.0	412.055555556	275.757575758	488.04	648.6	430.0	678.12	573.4	321.047619048	319.055555556	336.807692308	199.0	142.6	154.0	107.0	400.0	225.473684211	218.153846154	92.5	119.461538462	194.5	114.6	322.75	152.5625	104.714285714	373.038461538	200.6
alpha_rarefaction_450_2.txt	450	2	244.230769231	659.75	163.6	311.6875	149.333333333	528.647058824	315.473684211	364.142857143	320.0	294.0	555.15	687.129032258	371.794117647	670.607142857	407.954545455	275.111111111	353.526315789	236.387096774	141.0	198.0	72.6666666667	181.272727273	239.4	220.0	283.1	260.2	117.0	115.375	124.142857143	331.909090909	166.0	189.5	303.833333333	187.083333333
alpha_rarefaction_450_3.txt	450	3	267.666666667	264.3125	121.647058824	240.0	208.125	558.473684211	246.25	459.333333333	336.1	307.6875	478.24	580.783783784	431.0	443.466666667	430.5	302.53125	276.15	469.454545455	168.3	200.25	138.3	128.5	213.105263158	240.055555556	159.058823529	111.0	105.272727273	177.0	113.0	402.875	156.25	82.1111111111	422.0625	150.75
alpha_rarefaction_450_4.txt	450	4	186.235294118	276.333333333	166.333333333	307.714285714	208.125	543.0	425.0	376.555555556	330.25	346.25	466.772727273	439.444444444	491.555555556	609.416666667	426.375	379.0	295.833333333	324.689655172	154.545454545	270.142857143	93.0625	162.0	238.058823529	234.769230769	202.0	137.125	77.5	174.857142857	85.1111111111	140.117647059	175.461538462	112.375	341.037037037	186.0
alpha_rarefaction_450_5.txt	450	5	191.0	169.714285714	188.0	320.214285714	177.5	482.541666667	278.714285714	318.473684211	458.333333333	330.6875	459.888888889	604.75	436.285714286	475.634146341	364.12	371.12	252.789473684	478.0	168.3	149.5	152.0	162.111111111	235.615384615	298.0	343.5	118.461538462	92.5	103.5	91.0	197.666666667	171.0	141.0	236.5	122.583333333
alpha_rarefaction_450_6.txt	450	6	165.0	219.0	118.0	271.055555556	140.75	427.0	261.142857143	366.045454545	343.454545455	270.34375	543.791666667	763.181818182	583.875	636.433333333	490.714285714	331.25	282.956521739	303.785714286	183.625	194.142857143	108.111111111	157.214285714	270.882352941	165.526315789	279.272727273	100.25	114.5	91.0	98.8333333333	388.0	274.333333333	147.0	281.476190476	104.714285714
alpha_rarefaction_450_7.txt	450	7	220.066666667	242.4	120.076923077	287.75	189.0	417.217391304	358.125	430.0	382.166666667	310.8	481.689655172	575.0	473.137931034	718.107142857	362.625	302.7	289.555555556	356.142857143	118.769230769	128.230769231	105.333333333	150.272727273	234.0	182.882352941	161.0	132.0	128.0	111.666666667	79.1	220.769230769	143.125	100.545454545	327.25	119.625
alpha_rarefaction_450_8.txt	450	8	175.176470588	274.333333333	242.0	264.9375	151.0	419.535714286	381.0	535.461538462	406.666666667	385.357142857	822.647058824	598.142857143	431.09375	597.875	497.714285714	401.772727273	346.230769231	283.714285714	150.1	154.769230769	238.375	180.5	258.866666667	221.714285714	180.555555556	119.666666667	164.166666667	196.0	108.333333333	169.571428571	282.111111111	95.9090909091	339.0	159.0
alpha_rarefaction_450_9.txt	450	9	196.117647059	289.166666667	143.25	305.714285714	240.0	454.230769231	335.473684211	680.333333333	306.0	306.923076923	528.4	545.75	445.24137931	697.535714286	537.05	271.730769231	300.0	356.0	134.583333333	218.125	130.857142857	133.857142857	331.375	399.545454545	578.0	150.0	133.125	115.666666667	144.0	163.5	200.6	108.0	324.75	113.071428571
alpha_rarefaction_560_0.txt	560	0	250.5	337.25	177.5	354.363636364	212.125	725.894736842	445.142857143	418.55	296.487179487	342.45	455.459459459	601.489795918	406.459459459	692.0	459.0	325.756756757	351.714285714	359.777777778	238.666666667	197.428571429	97.9090909091	117.090909091	267.391304348	257.214285714	308.25	90.2142857143	118.6	132.545454545	185.545454545	321.153846154	197.25	137.0	482.714285714	158.333333333
alpha_rarefaction_560_1.txt	560	1	350.5	351.9	143.461538462	287.05	161.0	461.37037037	467.105263158	636.55	523.0	295.275	511.0	593.936170213	548.206896552	742.441176471	482.434782609	349.636363636	294.285714286	341.75	143.363636364	188.625	116.153846154	113.615384615	228.24	234.555555556	220.0	124.583333333	175.5	174.333333333	357.0	258.5	168.4	117.111111111	347.576923077	213.333333333
alpha_rarefaction_560_2.txt	560	2	160.217391304	302.789473684	227.333333333	314.6875	165.0	441.09375	369.038461538	516.5	288.8	342.03030303	475.029411765	642.58490566	451.527777778	648.028571429	347.5	356.964285714	322.105263158	395.035714286	138.666666667	125.75	181.625	139.4	312.6875	239.8	249.0	135.545454545	98.3636363636	127.5	169.428571429	221.473684211	336.909090909	104.75	423.65	213.666666667
alpha_rarefaction_560_3.txt	560	3	276.235294118	362.157894737	169.083333333	352.071428571	174.272727273	425.090909091	316.166666667	533.476190476	584.866666667	339.756756757	590.322580645	676.894736842	399.025	667.894736842	565.473684211	376.6	325.043478261	349.785714286	142.0	205.0	143.2	161.090909091	296.4375	307.066666667	203.076923077	101.833333333	149.1	197.5	143.0	290.272727273	328.5	102.0	380.038461538	163.066666667
alpha_rarefaction_560_4.txt	560	4	258.4	312.142857143	144.1	304.125	229.666666667	467.03125	544.2	441.517241379	562.0	317.75	551.636363636	567.326086957	416.2	744.181818182	458.785714286	338.96875	427.0625	316.0	140.666666667	186.0	136.666666667	165.166666667	397.625	197.44	183.352941176	118.176470588	98.9090909091	179.5	172.666666667	348.363636364	352.666666667	113.75	429.115384615	156.0
alpha_rarefaction_560_5.txt	560	5	205.4	307.105263158	254.6	259.055555556	186.0	553.076923077	440.588235294	431.0	362.37037037	300.176470588	624.833333333	652.428571429	512.0625	531.914893617	443.444444444	324.59375	273.5	508.052631579	152.545454545	269.25	145.333333333	196.363636364	262.125	418.1	390.214285714	120.0	122.125	95.0666666667	130.272727273	296.090909091	264.928571429	118.0	408.107142857	200.0
alpha_rarefaction_560_6.txt	560	6	240.666666667	233.5	194.6	299.647058824	174.5	444.03125	453.894736842	400.384615385	397.206896552	435.322580645	587.857142857	656.0625	437.487179487	691.0	430.1875	385.965517241	274.6	410.483870968	148.363636364	132.230769231	114.058823529	205.0	267.352941176	289.066666667	350.5	135.583333333	138.125	109.333333333	152.25	251.0	253.230769231	150.0	361.285714286	195.214285714
alpha_rarefaction_560_7.txt	560	7	268.166666667	306.235294118	160.4	302.047619048	260.142857143	360.558823529	355.260869565	502.545454545	353.964285714	319.441860465	629.24137931	604.466666667	482.028571429	669.903225806	529.272727273	307.53125	281.0	427.913043478	170.1	191.5	119.588235294	145.5	242.714285714	228.833333333	208.789473684	116.090909091	186.166666667	137.545454545	126.0	432.583333333	311.0	164.625	365.870967742	161.833333333
alpha_rarefaction_560_8.txt	560	8	230.0	300.2	159.666666667	345.833333333	280.1	403.71875	378.5	525.714285714	444.260869565	301.763157895	659.04	596.936170213	439.5	566.357142857	571.12	325.5	357.434782609	375.935483871	189.545454545	174.111111111	226.5	123.588235294	376.0	305.615384615	274.545454545	120.0	123.1	231.428571429	122.125	233.0	289.461538462	96.1111111111	454.043478261	175.666666667
alpha_rarefaction_560_9.txt	560	9	240.619047619	262.0	214.333333333	342.058823529	153.272727273	483.130434783	563.666666667	486.4	530.157894737	326.59375	681.565217391	700.727272727	501.516129032	685.333333333	398.576923077	359.5	342.454545455	431.8	132.1	153.125	128.5	147.1	218.647058824	279.647058824	314.2	219.428571429	129.5	168.625	173.6	186.5	334.230769231	341.333333333	418.791666667	182.5
alpha_rarefaction_670_0.txt	670	0	223.25	298.344827586	163.4	408.333333333	197.076923077	471.487179487	349.576923077	445.0	385.111111111	343.318181818	627.0	617.901639344	556.571428571	604.25	397.451612903	366.090909091	360.384615385	413.0625	147.909090909	173.4	137.0	142.117647059	252.714285714	268.714285714	326.461538462	129.882352941	201.0	165.090909091	136.714285714	291.0	179.0	115.75	356.0	198.25
alpha_rarefaction_670_1.txt	670	1	295.066666667	282.272727273	175.058823529	374.4375	218.090909091	586.034482759	458.476190476	655.652173913	424.666666667	378.227272727	500.567567568	612.59375	541.081081081	629.381818182	502.028571429	369.75	337.7	380.405405405	164.153846154	223.5	181.0	176.5	296.142857143	347.866666667	213.625	112.153846154	111.153846154	89.0555555556	140.909090909	248.333333333	250.0	143.428571429	396.774193548	256.545454545
alpha_rarefaction_670_2.txt	670	2	201.8	293.142857143	196.75	412.666666667	194.071428571	397.069767442	493.772727273	561.8	359.090909091	372.4	492.170731707	702.053571429	542.323529412	640.065217391	461.25	437.730769231	368.038461538	406.684210526	176.0	150.235294118	118.285714286	140.0	345.75	290.2	244.0	232.0	166.111111111	99.375	158.0	227.545454545	236.066666667	140.363636364	371.777777778	202.0
alpha_rarefaction_670_3.txt	670	3	213.5	294.681818182	138.571428571	297.037037037	273.666666667	430.25	373.0	509.555555556	398.035714286	333.384615385	554.676470588	681.518518519	615.5	751.818181818	519.5	325.486486486	379.142857143	471.03125	160.714285714	211.363636364	185.545454545	167.666666667	280.44	353.176470588	295.769230769	116.0625	152.75	102.0	245.0	336.055555556	242.555555556	163.1	360.323529412	146.0
alpha_rarefaction_670_4.txt	670	4	220.894736842	511.555555556	142.333333333	404.157894737	210.272727273	444.243243243	468.3	634.681818182	439.375	385.117647059	533.078947368	630.018181818	511.923076923	717.75	491.153846154	404.214285714	456.894736842	532.565217391	258.5	176.526315789	192.909090909	128.090909091	357.555555556	325.894736842	190.352941176	103.833333333	151.909090909	150.333333333	122.055555556	339.5	413.875	166.571428571	514.217391304	192.588235294
alpha_rarefaction_670_5.txt	670	5	202.636363636	308.8	158.176470588	380.25	222.615384615	437.46875	543.315789474	577.136363636	405.529411765	375.625	584.538461538	800.279069767	506.219512195	670.130434783	491.464285714	310.243243243	423.217391304	389.25	141.583333333	163.0	134.583333333	189.545454545	309.045454545	230.5	297.571428571	197.0	143.5	95.2352941176	154.571428571	210.0	303.875	157.333333333	402.7	242.5
alpha_rarefaction_670_6.txt	670	6	311.0	244.37037037	173.0	365.058823529	212.75	473.0	345.129032258	467.357142857	409.0	299.692307692	765.730769231	656.75	494.567567568	702.727272727	677.565217391	358.625	319.107142857	442.344827586	219.666666667	161.666666667	136.0	149.3	232.545454545	293.272727273	343.363636364	255.0	163.1	123.461538462	143.363636364	251.25	348.076923077	155.928571429	564.15	162.928571429
alpha_rarefaction_670_7.txt	670	7	245.166666667	356.954545455	285.111111111	339.125	273.666666667	668.913043478	461.714285714	461.964285714	432.64	353.88372093	807.885714286	681.518518519	522.5	664.477272727	548.037037037	342.085714286	339.045454545	463.0	187.0	210.5	129.5	233.090909091	246.75	261.333333333	370.588235294	119.769230769	157.272727273	145.3	231.0	285.076923077	237.0	186.076923077	416.885714286	215.25
alpha_rarefaction_670_8.txt	670	8	387.0	316.260869565	256.076923077	375.5	206.25	449.219512195	440.545454545	526.24137931	374.757575758	351.972972973	648.794117647	673.75	469.47826087	700.325	515.4375	301.243243243	387.0	378.870967742	396.333333333	213.833333333	152.75	123.8	389.3125	381.2	202.8	147.363636364	118.375	170.111111111	225.5	275.0	252.1875	174.083333333	402.0625	289.1
alpha_rarefaction_670_9.txt	670	9	182.75	385.666666667	161.2	377.5	182.8125	489.181818182	494.772727273	632.260869565	490.857142857	326.4	672.7	717.666666667	472.923076923	718.317073171	572.363636364	367.935483871	493.315789474	510.75	176.0	132.9375	118.75	161.153846154	333.368421053	265.3	198.047619048	208.75	118.75	117.625	129.272727273	300.117647059	351.866666667	194.25	535.538461538	177.0
alpha_rarefaction_780_0.txt	780	0	264.157894737	271.371428571	236.583333333	297.714285714	261.928571429	663.6875	439.0	601.5	370.666666667	325.019607843	710.527777778	724.85	537.790697674	778.5	589.459459459	365.636363636	331.888888889	508.434782609	228.090909091	193.5	108.789473684	264.25	330.894736842	294.454545455	240.0	132.214285714	133.928571429	144.4	184.272727273	320.0	254.433333333	193.909090909	402.333333333	170.5
alpha_rarefaction_780_1.txt	780	1	241.0	310.038461538	186.076923077	354.454545455	226.8	562.0	445.75	467.03030303	402.024390244	357.553191489	841.5	693.981132075	526.902439024	713.875	516.902439024	378.682926829	392.0	452.333333333	168.333333333	275.75	140.333333333	149.473684211	356.041666667	293.315789474	346.6875	158.714285714	151.5	170.3	150.1	268.0	262.055555556	196.363636364	403.75	180.0
alpha_rarefaction_780_2.txt	780	2	323.2	411.5	159.5	471.0	275.333333333	492.023809524	490.24	650.433333333	353.357142857	297.32	686.634146341	722.0	547.30952381	743.111111111	611.344827586	346.0	399.0	479.24137931	239.0	210.5	117.058823529	148.125	408.5	419.0	352.555555556	148.473684211	133.076923077	129.052631579	182.0	332.2	304.555555556	146.076923077	519.555555556	229.0
alpha_rarefaction_780_3.txt	780	3	256.24	334.043478261	216.769230769	406.2	214.071428571	499.184210526	551.375	474.777777778	505.037037037	379.923076923	806.088235294	570.142857143	552.25	834.52	427.0	391.25	328.24137931	453.046511628	163.666666667	155.05	151.066666667	197.083333333	419.772727273	310.625	221.6	205.833333333	132.5	142.545454545	162.833333333	354.875	246.538461538	136.647058824	418.363636364	298.25
alpha_rarefaction_780_4.txt	780	4	220.285714286	290.034482759	210.461538462	371.125	286.25	429.365853659	556.681818182	855.5	388.571428571	291.145833333	749.8	557.625	516.642857143	747.294117647	532.058823529	370.875	379.25	551.516129032	167.058823529	178.55	176.0	128.166666667	450.833333333	338.454545455	277.714285714	216.545454545	152.333333333	202.0	149.461538462	259.619047619	267.055555556	140.571428571	429.428571429	203.047619048
alpha_rarefaction_780_5.txt	780	5	254.1875	365.038461538	274.625	404.869565217	205.055555556	566.088235294	461.607142857	592.034482759	430.214285714	348.172413793	618.326086957	776.064516129	561.0	685.372881356	547.516129032	380.081081081	429.2	505.774193548	172.2	173.833333333	160.714285714	187.071428571	292.476190476	278.8	306.8	162.5625	167.214285714	193.0	157.769230769	276.333333333	303.555555556	236.0	583.136363636	172.875
alpha_rarefaction_780_6.txt	780	6	285.0	271.6	228.176470588	306.142857143	209.230769231	567.451612903	596.285714286	603.5	604.875	308.9	733.657894737	634.2	599.227272727	700.294117647	677.451612903	339.947368421	380.0	418.0625	211.0	231.214285714	245.090909091	176.0	358.105263158	249.5	287.681818182	206.6	169.111111111	119.666666667	206.75	284.882352941	296.4375	179.090909091	450.75	251.461538462
alpha_rarefaction_780_7.txt	780	7	203.2	494.625	258.909090909	451.285714286	293.3	549.813953488	427.322580645	594.035714286	467.090909091	442.161290323	544.790697674	687.164179104	499.333333333	730.818181818	542.516129032	381.428571429	376.37037037	404.65	218.333333333	209.25	141.666666667	164.0	275.75	317.130434783	228.894736842	181.090909091	178.5	137.0	191.142857143	281.3	440.230769231	157.714285714	425.277777778	184.875
alpha_rarefaction_780_8.txt	780	8	272.055555556	416.55	236.583333333	294.8	214.75	582.21875	429.65625	464.108108108	454.09375	363.775	737.724137931	620.545454545	620.0	819.042553191	472.076923077	424.416666667	451.260869565	440.657894737	240.75	240.0	204.071428571	180.083333333	265.24	229.275862069	218.047619048	133.3125	136.5	150.5	247.0	296.4	232.476190476	200.5	529.12	186.5
alpha_rarefaction_780_9.txt	780	9	403.75	314.5	204.3125	380.416666667	217.769230769	625.444444444	450.2	457.032258065	384.277777778	317.818181818	721.162162162	696.109090909	526.558139535	781.0	635.181818182	321.441860465	382.222222222	405.84375	258.0	218.0	152.066666667	148.909090909	391.8	319.0	305.3	166.833333333	113.714285714	157.0	177.0	347.6875	350.071428571	168.571428571	501.620689655	208.55
alpha_rarefaction_890_0.txt	890	0	295.2	367.25	281.230769231	418.5	348.666666667	648.571428571	508.037037037	600.447368421	451.071428571	386.052631579	781.65	719.378787879	666.0	808.037735849	697.0	412.794117647	423.483870968	463.166666667	166.5625	219.9375	148.0	246.090909091	378.935483871	437.352941176	277.3	208.25	179.6	139.714285714	202.363636364	223.125	406.117647059	135.315789474	513.27027027	236.333333333
alpha_rarefaction_890_1.txt	890	1	317.105263158	417.565217391	192.076923077	306.285714286	230.615384615	623.238095238	503.65625	571.6	484.551724138	384.5625	689.692307692	859.0	659.902439024	741.85	736.517241379	387.038461538	358.451612903	430.069767442	203.0	205.882352941	161.352941176	221.75	330.0	248.111111111	282.791666667	182.0	159.5625	167.833333333	145.2	245.3	383.230769231	164.928571429	456.885714286	176.5625
alpha_rarefaction_890_2.txt	890	2	302.315789474	326.37037037	160.652173913	501.0	236.0	560.0	410.451612903	623.6875	458.675675676	401.0	645.446808511	724.264705882	651.341463415	686.52173913	684.620689655	342.775	432.322580645	395.318181818	236.153846154	211.055555556	139.526315789	184.058823529	329.260869565	416.789473684	278.0	201.0	160.25	170.2	216.5	287.15	334.352941176	211.5	436.87804878	224.545454545
alpha_rarefaction_890_3.txt	890	3	289.05	377.142857143	217.75	590.333333333	220.882352941	659.384615385	531.5	581.833333333	485.1875	334.02	653.0	778.033898305	662.923076923	664.71875	594.146341463	378.42	413.428571429	641.7	244.75	208.75	188.230769231	271.111111111	345.666666667	287.25	299.913043478	182.0	152.875	148.076923077	197.25	384.052631579	283.714285714	150.882352941	393.936170213	205.0
alpha_rarefaction_890_4.txt	890	4	233.785714286	441.0	283.75	313.6	228.066666667	610.459459459	688.55	512.027777778	384.108695652	415.357142857	727.317073171	948.263157895	641.157894737	789.175438596	766.777777778	375.15625	342.7	468.243243243	225.461538462	190.461538462	141.647058824	242.1	419.954545455	322.730769231	305.652173913	141.15	354.2	149.647058824	175.875	307.454545455	445.0	137.928571429	467.833333333	241.066666667
alpha_rarefaction_890_5.txt	890	5	338.055555556	375.038461538	189.588235294	487.181818182	325.0	550.727272727	588.047619048	771.0	626.6	375.926829268	854.454545455	750.754098361	604.024390244	700.754098361	516.552631579	349.318181818	350.333333333	536.285714286	264.625	240.555555556	118.166666667	179.25	380.217391304	395.052631579	266.5	141.647058824	251.375	156.75	178.6	425.789473684	233.55	147.363636364	421.146341463	234.428571429
alpha_rarefaction_890_6.txt	890	6	257.913043478	263.447368421	246.1875	475.772727273	254.571428571	489.019607843	556.0	614.344827586	476.763157895	395.2	818.371428571	799.758064516	519.018867925	797.528301887	571.833333333	420.024390244	407.230769231	443.294117647	177.615384615	165.882352941	139.714285714	189.5	324.965517241	267.375	390.3125	177.4	263.0	178.25	234.857142857	280.045454545	281.166666667	121.0	482.486486486	191.176470588
alpha_rarefaction_890_7.txt	890	7	283.44	375.315789474	176.058823529	350.666666667	192.052631579	566.075	616.44	587.5	475.763157895	346.306122449	839.607142857	758.518518519	560.471698113	777.064516129	533.166666667	353.41025641	350.15625	424.875	238.0	181.5625	187.4	165.714285714	380.625	445.9	301.526315789	141.75	119.071428571	186.272727273	171.5	275.4	245.260869565	192.0	463.325	171.5
alpha_rarefaction_890_8.txt	890	8	284.956521739	422.2	235.0	412.0	233.176470588	656.837837838	448.058823529	747.222222222	504.65625	421.738095238	813.525	671.363636364	610.5	888.529411765	612.8125	448.676470588	402.0	545.533333333	188.5	203.214285714	173.571428571	174.5625	471.0	403.333333333	305.05	181.0	244.125	146.4	262.25	371.4	306.64	185.333333333	441.25	249.666666667
alpha_rarefaction_890_9.txt	890	9	319.416666667	366.285714286	201.666666667	362.12	220.214285714	586.222222222	414.027777778	679.0	496.416666667	341.018867925	670.222222222	745.5	540.06	629.533333333	602.15625	401.27027027	437.791666667	447.322580645	248.583333333	321.0	154.5	169.214285714	311.5	378.052631579	352.789473684	136.555555556	178.769230769	134.461538462	202.8	272.315789474	264.75	218.5	429.552631579	221.25
alpha_rarefaction_1000_0.txt	1000	0	250.222222222	419.75	232.714285714	555.0	284.4	569.3	548.28125	891.137931034	563.025641026	391.775	745.019230769	758.045454545	638.765957447	765.957746479	697.625	379.052631579	464.8	494.193548387	177.055555556	275.076923077	138.045454545	238.0625	392.038461538	322.625	328.043478261	259.0	126.0	162.0	206.5	272.607142857	417.583333333	209.833333333	471.522727273	191.291666667
alpha_rarefaction_1000_1.txt	1000	1	311.166666667	376.033333333	273.0	346.181818182	307.928571429	679.0	465.0	741.384615385	527.0	457.146341463	847.552631579	806.761904762	672.477272727	764.545454545	693.567567568	470.032258065	490.884615385	520.372093023	203.588235294	168.894736842	214.117647059	133.352941176	354.90625	326.12	365.272727273	150.4375	160.666666667	203.25	215.25	350.666666667	365.058823529	241.583333333	590.103448276	236.476190476
alpha_rarefaction_1000_2.txt	1000	2	250.25	280.0	250.5	375.387096774	273.0	641.682926829	577.451612903	526.285714286	511.029411765	409.538461538	755.375	789.086956522	622.12244898	717.442857143	617.394736842	443.529411765	364.5	497.394736842	197.230769231	210.5	198.4	243.714285714	354.129032258	347.964285714	379.0	147.5	183.769230769	265.0	226.090909091	283.5	307.0	198.909090909	622.5	261.375
alpha_rarefaction_1000_3.txt	1000	3	345.0	350.0	197.25	346.529411765	268.4	563.3	557.777777778	847.551724138	485.170731707	385.130434783	844.428571429	812.880597015	643.326086957	786.739130435	635.416666667	402.75	449.3125	700.1	229.461538462	292.571428571	152.125	223.235294118	538.05	413.375	392.55	147.8125	139.25	171.272727273	188.0	415.117647059	247.454545455	170.214285714	545.84375	312.875
alpha_rarefaction_1000_4.txt	1000	4	404.117647059	338.896551724	205.526315789	352.0	241.058823529	704.692307692	658.807692308	626.333333333	525.923076923	467.630434783	844.073170732	782.545454545	634.454545455	853.098360656	616.7	420.75	446.103448276	575.078947368	226.461538462	268.571428571	161.461538462	242.714285714	273.428571429	334.689655172	342.272727273	158.230769231	187.333333333	193.076923077	220.5	225.0	310.526315789	228.333333333	501.171428571	214.333333333
alpha_rarefaction_1000_5.txt	1000	5	313.434782609	381.25	192.4375	469.0625	258.4	684.5	501.277777778	629.0	497.0	487.617647059	668.803571429	880.333333333	669.651162791	734.447761194	937.965517241	435.956521739	459.0	543.0	199.0	312.833333333	171.615384615	213.909090909	310.303030303	405.285714286	231.307692308	163.0	146.285714286	217.230769231	236.8	307.0	285.869565217	382.166666667	547.6	223.647058824
alpha_rarefaction_1000_6.txt	1000	6	264.916666667	464.551724138	205.647058824	426.37037037	284.5	669.837837838	623.037037037	600.0	543.026315789	367.3	1073.7	656.379310345	784.277777778	749.818181818	635.65	447.416666667	424.088235294	650.25	275.4	236.894736842	163.055555556	188.769230769	349.785714286	369.636363636	316.045454545	173.090909091	168.5	281.0	307.6	295.476190476	405.055555556	208.6	482.25	211.5
alpha_rarefaction_1000_7.txt	1000	7	322.047619048	365.428571429	193.55	388.714285714	259.625	623.41025641	487.088235294	593.166666667	633.636363636	398.272727273	929.279069767	648.176470588	589.788461538	827.064516129	783.71875	366.875	478.615384615	507.5	192.5	201.4	192.090909091	162.4	379.0	333.444444444	450.166666667	142.75	152.2	187.461538462	210.833333333	481.789473684	318.045454545	188.071428571	501.416666667	215.3125
alpha_rarefaction_1000_8.txt	1000	8	300.344827586	359.333333333	218.375	354.5	264.352941176	562.386363636	454.323529412	670.5	472.384615385	381.865384615	1008.02857143	892.254237288	632.448979592	789.246153846	524.666666667	382.384615385	477.322580645	498.486486486	488.2	193.545454545	164.0	198.4	365.037037037	282.37037037	418.055555556	165.368421053	247.090909091	157.909090909	162.0	308.047619048	319.5	183.090909091	454.45	201.476190476
alpha_rarefaction_1000_9.txt	1000	9	324.130434783	313.206896552	190.352941176	390.571428571	219.473684211	554.090909091	482.394736842	603.073170732	553.416666667	367.957446809	703.684210526	744.5	582.0	813.652173913	715.941176471	400.025641026	442.46875	497.7	384.5	251.473684211	187.769230769	176.4	454.260869565	294.0	272.6	198.111111111	153.882352941	117.166666667	339.375	290.869565217	288.791666667	215.545454545	470.5	228.5
alpha_rarefaction_1110_0.txt	1110	0	403.476190476	419.12	300.0	559.84	278.882352941	595.97826087	513.083333333	700.375	610.717948718	410.264150943	883.775510204	760.038961039	702.0	757.068493151	609.340909091	492.837837838	485.03125	494.441176471	283.363636364	247.1875	211.5	253.583333333	334.0	370.636363636	374.5	201.076923077	165.666666667	173.833333333	384.375	343.888888889	348.8	213.0	588.527777778	201.4375
alpha_rarefaction_1110_1.txt	1110	1	267.0	425.0	194.454545455	437.428571429	278.882352941	667.3125	497.583333333	672.6	549.083333333	557.567567568	911.25	780.243243243	672.127659574	765.692307692	607.5	358.282608696	447.777777778	513.447368421	290.076923077	268.461538462	234.333333333	182.769230769	442.535714286	398.84	313.166666667	134.0	224.75	136.333333333	195.8125	404.869565217	347.0	211.833333333	640.0	263.166666667
alpha_rarefaction_1110_2.txt	1110	2	281.5	403.517241379	332.461538462	442.913043478	273.588235294	610.1875	672.666666667	648.675675676	588.552631579	401.638297872	648.387096774	959.275862069	800.813953488	797.835443038	692.552631579	443.956521739	569.12	526.405405405	271.571428571	254.176470588	146.05	206.833333333	408.181818182	332.0	328.0	149.8125	156.363636364	166.333333333	206.214285714	326.260869565	330.416666667	201.0	542.027027027	191.55
alpha_rarefaction_1110_3.txt	1110	3	437.434782609	357.620689655	175.666666667	599.5	278.882352941	766.666666667	503.756756757	822.46875	451.22	447.23255814	962.272727273	860.763888889	620.773584906	759.5	713.447368421	517.0	445.941176471	611.757575758	201.352941176	263.666666667	213.647058824	220.105263158	568.789473684	446.25	401.052631579	178.9	145.714285714	176.0	261.6	336.043478261	380.157894737	177.0	494.568181818	212.052631579
alpha_rarefaction_1110_4.txt	1110	4	286.375	558.791666667	323.0	494.576923077	278.882352941	648.446808511	859.625	568.725490196	529.552631579	413.982142857	848.163265306	743.011111111	653.145833333	817.623188406	558.130434783	359.553191489	467.617647059	465.166666667	275.214285714	308.2	184.058823529	183.555555556	333.085714286	374.913043478	380.0	173.5	200.882352941	192.461538462	156.882352941	279.535714286	312.272727273	208.071428571	588.228571429	203.55
alpha_rarefaction_1110_5.txt	1110	5	277.730769231	400.037037037	202.833333333	418.885714286	278.882352941	660.212765957	469.571428571	503.7	595.075	407.622222222	695.269230769	937.130434783	728.765957447	773.368421053	682.894736842	415.47826087	473.032258065	495.020408163	266.0	242.9	184.5625	189.5	314.117647059	369.25	274.037037037	289.428571429	165.352941176	201.083333333	166.176470588	518.8125	383.333333333	239.0	607.363636364	221.0
alpha_rarefaction_1110_6.txt	1110	6	302.037037037	394.037037037	179.875	360.689655172	278.882352941	593.02	564.294117647	810.0	519.071428571	404.245283019	737.178571429	722.111111111	676.571428571	765.092105263	549.509090909	430.92	563.607142857	469.021276596	297.545454545	306.230769231	177.956521739	232.214285714	333.59375	373.222222222	309.64	212.666666667	167.105263158	196.866666667	222.375	401.65	362.666666667	219.545454545	564.416666667	233.625
alpha_rarefaction_1110_7.txt	1110	7	315.5	293.692307692	192.65	548.391304348	278.882352941	613.8	570.636363636	540.52173913	667.285714286	406.622222222	820.833333333	878.549295775	659.1	770.012345679	538.365384615	422.657894737	497.03030303	613.0	211.954545455	219.363636364	151.8125	176.058823529	376.555555556	407.44	391.166666667	194.5	185.5	170.789473684	216.25	286.7	337.25	230.214285714	511.731707317	223.526315789
alpha_rarefaction_1110_8.txt	1110	8	310.965517241	356.7	227.882352941	450.375	278.882352941	657.666666667	802.125	611.466666667	546.0	412.42	896.022222222	764.5	776.341463415	744.878378378	518.607142857	401.022222222	406.0	480.5	249.0	239.071428571	182.153846154	162.875	389.965517241	328.896551724	407.055555556	264.0	142.047619048	174.153846154	223.5	354.272727273	275.315789474	212.117647059	493.25	210.142857143
alpha_rarefaction_1110_9.txt	1110	9	336.689655172	392.833333333	229.588235294	305.0	278.882352941	684.636363636	502.0	583.651162791	482.75	376.275	782.565217391	874.150684932	658.82	849.436619718	644.692307692	499.6	519.033333333	625.176470588	291.25	296.230769231	221.647058824	211.666666667	360.21875	355.0	328.0	178.666666667	254.272727273	151.105263158	217.625	349.24	312.136363636	189.071428571	600.0	285.0