	sequences per sample	iteration	L1S140	L1S208	L1S8	L1S281	L3S242	L2S309	L2S357	L4S112	L2S155	L2S382	L4S63	L2S222	L3S341	L3S360	L2S204	L4S137	L3S294	L2S175	L5S203	L6S93	L6S20	L6S68	L1S257	L3S378	L1S105	L5S174	L5S155	L5S222	L5S104	L1S57	L1S76	L5S240	L3S313	L2S240
alpha_rarefaction_10_0.txt	10	0	7.0	8.0	6.0	8.0	6.0	6.0	8.0	8.0	9.0	10.0	9.0	8.0	9.0	10.0	4.0	7.0	10.0	10.0	7.0	10.0	5.0	7.0	9.0	7.0	8.0	8.0	5.0	7.0	7.0	9.0	6.0	6.0	8.0	6.0
alpha_rarefaction_10_1.txt	10	1	8.0	8.0	7.0	10.0	4.0	10.0	10.0	10.0	10.0	10.0	9.0	10.0	10.0	9.0	6.0	9.0	10.0	9.0	8.0	6.0	6.0	7.0	7.0	6.0	8.0	8.0	7.0	7.0	6.0	9.0	7.0	10.0	9.0	8.0
alpha_rarefaction_10_2.txt	10	2	6.0	6.0	7.0	9.0	8.0	8.0	9.0	8.0	9.0	9.0	9.0	10.0	8.0	10.0	8.0	10.0	9.0	10.0	9.0	9.0	5.0	7.0	9.0	7.0	7.0	5.0	8.0	10.0	8.0	6.0	8.0	7.0	8.0	10.0
alpha_rarefaction_10_3.txt	10	3	7.0	8.0	5.0	8.0	7.0	9.0	10.0	9.0	9.0	9.0	9.0	10.0	9.0	10.0	9.0	7.0	9.0	9.0	8.0	10.0	7.0	8.0	8.0	10.0	8.0	5.0	7.0	9.0	8.0	8.0	6.0	8.0	9.0	7.0
alpha_rarefaction_10_4.txt	10	4	5.0	9.0	6.0	7.0	5.0	9.0	8.0	9.0	7.0	9.0	10.0	9.0	10.0	10.0	9.0	10.0	8.0	9.0	10.0	7.0	5.0	8.0	6.0	7.0	7.0	7.0	8.0	8.0	8.0	10.0	8.0	6.0	9.0	7.0
alpha_rarefaction_10_5.txt	10	5	7.0	7.0	7.0	7.0	7.0	7.0	8.0	9.0	9.0	8.0	9.0	9.0	10.0	10.0	9.0	10.0	10.0	10.0	9.0	5.0	7.0	7.0	8.0	6.0	8.0	8.0	6.0	8.0	7.0	7.0	8.0	9.0	8.0	7.0
alpha_rarefaction_10_6.txt	10	6	6.0	8.0	5.0	5.0	7.0	8.0	8.0	8.0	10.0	9.0	9.0	9.0	10.0	9.0	8.0	10.0	7.0	7.0	9.0	9.0	7.0	7.0	9.0	9.0	8.0	9.0	8.0	7.0	8.0	8.0	9.0	7.0	8.0	8.0
alpha_rarefaction_10_7.txt	10	7	6.0	7.0	7.0	8.0	7.0	10.0	8.0	9.0	9.0	10.0	10.0	10.0	10.0	9.0	7.0	9.0	7.0	8.0	10.0	9.0	8.0	8.0	8.0	7.0	6.0	8.0	6.0	8.0	6.0	7.0	7.0	9.0	10.0	9.0
alpha_rarefaction_10_8.txt	10	8	5.0	6.0	6.0	10.0	6.0	9.0	9.0	8.0	9.0	8.0	10.0	10.0	9.0	9.0	6.0	9.0	9.0	9.0	8.0	9.0	9.0	6.0	6.0	9.0	7.0	8.0	7.0	8.0	8.0	8.0	6.0	8.0	10.0	7.0
alpha_rarefaction_10_9.txt	10	9	6.0	9.0	8.0	8.0	8.0	10.0	8.0	9.0	8.0	10.0	8.0	10.0	8.0	10.0	8.0	8.0	9.0	7.0	9.0	10.0	5.0	10.0	8.0	6.0	9.0	8.0	4.0	9.0	7.0	10.0	9.0	5.0	10.0	9.0
alpha_rarefaction_120_0.txt	120	0	34.0	46.0	29.0	47.0	33.0	61.0	54.0	62.0	57.0	71.0	74.0	85.0	66.0	83.0	58.0	58.0	58.0	56.0	34.0	42.0	34.0	33.0	56.0	39.0	40.0	35.0	39.0	34.0	34.0	47.0	40.0	25.0	57.0	32.0
alpha_rarefaction_120_1.txt	120	1	40.0	50.0	22.0	54.0	24.0	74.0	56.0	60.0	55.0	69.0	67.0	88.0	74.0	86.0	55.0	62.0	59.0	57.0	48.0	42.0	27.0	34.0	45.0	35.0	37.0	33.0	33.0	29.0	37.0	44.0	46.0	31.0	58.0	36.0
alpha_rarefaction_120_2.txt	120	2	35.0	42.0	28.0	37.0	24.0	66.0	49.0	60.0	62.0	75.0	78.0	91.0	61.0	85.0	53.0	64.0	52.0	63.0	35.0	42.0	27.0	32.0	47.0	33.0	37.0	28.0	29.0	35.0	30.0	39.0	41.0	29.0	67.0	43.0
alpha_rarefaction_120_3.txt	120	3	33.0	45.0	33.0	48.0	31.0	70.0	57.0	61.0	56.0	69.0	70.0	91.0	70.0	79.0	59.0	66.0	59.0	68.0	43.0	38.0	30.0	40.0	48.0	39.0	44.0	27.0	31.0	33.0	35.0	50.0	44.0	31.0	58.0	38.0
alpha_rarefaction_120_4.txt	120	4	40.0	45.0	34.0	49.0	31.0	63.0	64.0	61.0	56.0	77.0	81.0	95.0	70.0	77.0	60.0	63.0	62.0	58.0	41.0	43.0	36.0	32.0	42.0	29.0	39.0	33.0	27.0	35.0	30.0	52.0	34.0	29.0	64.0	31.0
alpha_rarefaction_120_5.txt	120	5	29.0	45.0	31.0	45.0	29.0	66.0	59.0	60.0	61.0	77.0	68.0	90.0	70.0	80.0	60.0	66.0	57.0	62.0	35.0	45.0	32.0	36.0	48.0	40.0	41.0	30.0	29.0	36.0	30.0	41.0	38.0	31.0	56.0	37.0
alpha_rarefaction_120_6.txt	120	6	30.0	51.0	29.0	57.0	31.0	66.0	55.0	59.0	60.0	79.0	79.0	85.0	75.0	82.0	52.0	74.0	54.0	55.0	39.0	39.0	35.0	30.0	39.0	42.0	35.0	36.0	34.0	32.0	37.0	40.0	30.0	37.0	57.0	34.0
alpha_rarefaction_120_7.txt	120	7	32.0	50.0	31.0	54.0	29.0	67.0	54.0	58.0	66.0	73.0	69.0	92.0	67.0	91.0	55.0	63.0	54.0	58.0	34.0	41.0	29.0	33.0	45.0	38.0	46.0	32.0	30.0	32.0	32.0	47.0	41.0	29.0	64.0	34.0
alpha_rarefaction_120_8.txt	120	8	36.0	44.0	29.0	53.0	31.0	51.0	64.0	65.0	61.0	75.0	78.0	83.0	68.0	81.0	66.0	63.0	54.0	61.0	40.0	36.0	31.0	33.0	50.0	36.0	38.0	37.0	29.0	35.0	33.0	47.0	41.0	30.0	58.0	36.0
alpha_rarefaction_120_9.txt	120	9	40.0	44.0	33.0	46.0	33.0	65.0	50.0	66.0	65.0	74.0	69.0	91.0	63.0	76.0	60.0	62.0	55.0	56.0	43.0	41.0	33.0	33.0	52.0	43.0	44.0	35.0	36.0	33.0	35.0	39.0	34.0	35.0	57.0	35.0
alpha_rarefaction_230_0.txt	230	0	62.0	76.0	48.0	82.0	39.0	106.0	92.0	107.0	96.0	115.0	120.0	147.0	105.0	132.0	100.0	93.0	91.0	100.0	56.0	55.0	37.0	53.0	67.0	53.0	54.0	54.0	50.0	49.0	41.0	65.0	61.0	43.0	94.0	56.0
alpha_rarefaction_230_1.txt	230	1	59.0	74.0	47.0	77.0	49.0	105.0	91.0	95.0	88.0	120.0	126.0	149.0	106.0	150.0	100.0	96.0	77.0	91.0	49.0	60.0	42.0	45.0	71.0	45.0	55.0	42.0	42.0	48.0	43.0	58.0	58.0	51.0	84.0	53.0
alpha_rarefaction_230_2.txt	230	2	56.0	74.0	38.0	83.0	47.0	105.0	83.0	92.0	93.0	108.0	114.0	145.0	112.0	139.0	101.0	96.0	89.0	91.0	52.0	52.0	49.0	55.0	77.0	59.0	60.0	41.0	52.0	49.0	45.0	74.0	60.0	43.0	91.0	55.0
alpha_rarefaction_230_3.txt	230	3	59.0	69.0	51.0	75.0	39.0	111.0	87.0	105.0	105.0	115.0	133.0	153.0	100.0	135.0	98.0	105.0	86.0	93.0	48.0	52.0	48.0	48.0	70.0	56.0	56.0	52.0	43.0	47.0	48.0	81.0	63.0	49.0	104.0	52.0
alpha_rarefaction_230_4.txt	230	4	61.0	67.0	47.0	80.0	44.0	109.0	82.0	92.0	104.0	115.0	132.0	161.0	107.0	132.0	90.0	98.0	82.0	93.0	52.0	65.0	46.0	50.0	71.0	59.0	61.0	48.0	42.0	38.0	45.0	63.0	61.0	42.0	93.0	56.0
alpha_rarefaction_230_5.txt	230	5	56.0	75.0	50.0	83.0	48.0	101.0	90.0	102.0	98.0	119.0	109.0	141.0	96.0	132.0	99.0	93.0	84.0	99.0	51.0	60.0	46.0	52.0	72.0	53.0	63.0	52.0	42.0	49.0	45.0	68.0	53.0	38.0	95.0	53.0
alpha_rarefaction_230_6.txt	230	6	55.0	74.0	39.0	69.0	44.0	115.0	78.0	88.0	92.0	112.0	117.0	142.0	108.0	140.0	107.0	103.0	80.0	103.0	50.0	55.0	49.0	45.0	71.0	63.0	58.0	46.0	48.0	52.0	41.0	72.0	60.0	51.0	89.0	60.0
alpha_rarefaction_230_7.txt	230	7	58.0	69.0	41.0	80.0	41.0	104.0	95.0	95.0	98.0	107.0	120.0	155.0	110.0	143.0	89.0	101.0	90.0	90.0	55.0	63.0	55.0	53.0	73.0	47.0	61.0	47.0	44.0	48.0	38.0	65.0	73.0	42.0	104.0	54.0
alpha_rarefaction_230_8.txt	230	8	66.0	80.0	31.0	75.0	41.0	107.0	84.0	109.0	88.0	126.0	114.0	144.0	105.0	142.0	104.0	92.0	78.0	91.0	49.0	44.0	47.0	42.0	71.0	67.0	60.0	52.0	43.0	43.0	49.0	72.0	56.0	39.0	93.0	52.0
alpha_rarefaction_230_9.txt	230	9	57.0	64.0	45.0	77.0	47.0	107.0	90.0	89.0	96.0	116.0	113.0	148.0	105.0	143.0	114.0	93.0	77.0	94.0	56.0	55.0	49.0	43.0	73.0	67.0	61.0	48.0	42.0	47.0	40.0	63.0	64.0	47.0	86.0	58.0
alpha_rarefaction_340_0.txt	340	0	76.0	85.0	58.0	101.0	50.0	138.0	113.0	128.0	128.0	141.0	150.0	207.0	155.0	178.0	127.0	126.0	115.0	134.0	61.0	66.0	56.0	60.0	100.0	76.0	87.0	54.0	58.0	53.0	53.0	93.0	66.0	50.0	127.0	58.0
alpha_rarefaction_340_1.txt	340	1	74.0	93.0	54.0	100.0	54.0	137.0	117.0	131.0	125.0	155.0	151.0	191.0	147.0	187.0	117.0	137.0	105.0	120.0	67.0	67.0	65.0	55.0	93.0	83.0	75.0	49.0	63.0	57.0	55.0	85.0	87.0	56.0	124.0	68.0
alpha_rarefaction_340_2.txt	340	2	70.0	93.0	57.0	94.0	54.0	138.0	119.0	122.0	130.0	147.0	164.0	204.0	145.0	180.0	146.0	114.0	97.0	125.0	60.0	60.0	50.0	54.0	87.0	85.0	79.0	57.0	47.0	52.0	48.0	83.0	72.0	51.0	121.0	76.0
alpha_rarefaction_340_3.txt	340	3	68.0	100.0	58.0	96.0	60.0	130.0	116.0	121.0	123.0	138.0	160.0	196.0	149.0	172.0	127.0	132.0	109.0	111.0	71.0	69.0	48.0	58.0	94.0	85.0	75.0	68.0	57.0	60.0	60.0	79.0	69.0	56.0	124.0	67.0
alpha_rarefaction_340_4.txt	340	4	83.0	99.0	62.0	117.0	53.0	145.0	129.0	118.0	111.0	133.0	168.0	189.0	144.0	183.0	114.0	133.0	112.0	121.0	68.0	82.0	61.0	58.0	85.0	77.0	81.0	50.0	53.0	52.0	60.0	76.0	81.0	55.0	117.0	68.0
alpha_rarefaction_340_5.txt	340	5	74.0	97.0	56.0	103.0	53.0	136.0	116.0	127.0	121.0	143.0	155.0	195.0	153.0	174.0	129.0	140.0	114.0	119.0	63.0	67.0	54.0	56.0	88.0	67.0	80.0	65.0	55.0	57.0	59.0	85.0	74.0	53.0	120.0	59.0
alpha_rarefaction_340_6.txt	340	6	75.0	93.0	62.0	100.0	52.0	147.0	118.0	126.0	109.0	159.0	151.0	203.0	139.0	172.0	123.0	140.0	105.0	126.0	64.0	70.0	54.0	67.0	88.0	77.0	76.0	62.0	49.0	56.0	51.0	78.0	82.0	51.0	125.0	62.0
alpha_rarefaction_340_7.txt	340	7	74.0	92.0	53.0	93.0	59.0	141.0	110.0	128.0	124.0	145.0	149.0	184.0	147.0	190.0	128.0	120.0	111.0	124.0	67.0	62.0	60.0	59.0	82.0	79.0	72.0	59.0	54.0	51.0	52.0	82.0	86.0	48.0	130.0	71.0
alpha_rarefaction_340_8.txt	340	8	66.0	93.0	68.0	100.0	51.0	141.0	105.0	126.0	120.0	143.0	149.0	195.0	145.0	179.0	131.0	131.0	103.0	134.0	59.0	75.0	56.0	57.0	80.0	74.0	78.0	61.0	55.0	51.0	54.0	76.0	72.0	56.0	124.0	67.0
alpha_rarefaction_340_9.txt	340	9	76.0	92.0	56.0	90.0	55.0	151.0	123.0	130.0	124.0	147.0	149.0	208.0	143.0	183.0	120.0	117.0	98.0	119.0	64.0	68.0	65.0	52.0	94.0	82.0	78.0	64.0	61.0	51.0	58.0	77.0	68.0	54.0	121.0	65.0
alpha_rarefaction_450_0.txt	450	0	84.0	118.0	74.0	115.0	77.0	168.0	139.0	153.0	140.0	168.0	175.0	238.0	178.0	215.0	157.0	152.0	127.0	141.0	76.0	82.0	65.0	69.0	110.0	101.0	100.0	68.0	61.0	57.0	66.0	95.0	86.0	60.0	143.0	84.0
alpha_rarefaction_450_1.txt	450	1	94.0	122.0	68.0	114.0	74.0	168.0	146.0	170.0	148.0	165.0	183.0	243.0	175.0	213.0	167.0	147.0	130.0	154.0	76.0	76.0	64.0	74.0	108.0	102.0	91.0	61.0	71.0	71.0	65.0	94.0	85.0	67.0	159.0	83.0
alpha_rarefaction_450_2.txt	450	2	94.0	125.0	69.0	124.0	67.0	163.0	132.0	147.0	142.0	174.0	180.0	240.0	179.0	222.0	155.0	146.0	138.0	137.0	71.0	83.0	61.0	83.0	105.0	94.0	94.0	71.0	59.0	61.0	62.0	106.0	91.0	66.0	155.0	85.0
alpha_rarefaction_450_3.txt	450	3	84.0	109.0	71.0	110.0	73.0	170.0	122.0	156.0	161.0	174.0	183.0	237.0	181.0	221.0	158.0	163.0	126.0	161.0	78.0	82.0	68.0	73.0	107.0	102.0	87.0	67.0	63.0	66.0	59.0	101.0	81.0	54.0	143.0	79.0
alpha_rarefaction_450_4.txt	450	4	89.0	118.0	66.0	120.0	73.0	166.0	150.0	144.0	152.0	173.0	174.0	238.0	181.0	204.0	158.0	151.0	129.0	154.0	80.0	88.0	64.0	76.0	108.0	94.0	92.0	67.0	61.0	69.0	57.0	87.0	85.0	58.0	154.0	76.0
alpha_rarefaction_450_5.txt	450	5	98.0	99.0	56.0	122.0	74.0	175.0	132.0	135.0	155.0	176.0	182.0	238.0	177.0	221.0	154.0	161.0	122.0	157.0	78.0	85.0	70.0	71.0	126.0	97.0	102.0	70.0	61.0	60.0	49.0	95.0	85.0	67.0	132.0	73.0
alpha_rarefaction_450_6.txt	450	6	87.0	107.0	56.0	121.0	69.0	168.0	129.0	150.0	149.0	164.0	189.0	253.0	190.0	223.0	162.0	153.0	135.0	151.0	76.0	77.0	63.0	80.0	112.0	93.0	96.0	64.0	56.0	64.0	65.0	93.0	101.0	62.0	131.0	78.0
alpha_rarefaction_450_7.txt	450	7	94.0	111.0	66.0	109.0	66.0	166.0	135.0	157.0	159.0	175.0	197.0	234.0	184.0	229.0	148.0	157.0	127.0	148.0	73.0	77.0	64.0	72.0	108.0	89.0	86.0	66.0	62.0	60.0	56.0	98.0	84.0	61.0	154.0	78.0
alpha_rarefaction_450_8.txt	450	8	91.0	101.0	74.0	114.0	61.0	173.0	146.0	147.0	148.0	179.0	200.0	248.0	185.0	204.0	169.0	163.0	127.0	147.0	76.0	82.0	79.0	77.0	107.0	91.0	95.0	61.0	65.0	64.0	60.0	89.0	92.0	59.0	144.0	77.0
alpha_rarefaction_450_9.txt	450	9	92.0	118.0	60.0	118.0	72.0	175.0	134.0	153.0	154.0	180.0	193.0	250.0	178.0	226.0	168.0	144.0	134.0	154.0	76.0	83.0	60.0	63.0	95.0	105.0	95.0	62.0	63.0	64.0	70.0	90.0	83.0	64.0	155.0	73.0
alpha_rarefaction_560_0.txt	560	0	98.0	137.0	74.0	122.0	77.0	199.0	170.0	161.0	167.0	198.0	211.0	280.0	197.0	265.0	193.0	181.0	148.0	169.0	81.0	99.0	66.0	72.0	130.0	104.0	107.0	67.0	69.0	72.0	83.0	119.0	101.0	67.0	176.0	93.0
alpha_rarefaction_560_1.txt	560	1	102.0	138.0	74.0	133.0	75.0	188.0	163.0	191.0	183.0	186.0	221.0	270.0	203.0	258.0	172.0	181.0	140.0	172.0	76.0	81.0	73.0	73.0	126.0	108.0	108.0	75.0	73.0	74.0	75.0	106.0	90.0	62.0	161.0	88.0
alpha_rarefaction_560_2.txt	560	2	98.0	128.0	80.0	127.0	75.0	195.0	167.0	181.0	146.0	189.0	209.0	293.0	204.0	252.0	178.0	173.0	143.0	177.0	84.0	79.0	74.0	82.0	125.0	112.0	105.0	75.0	64.0	72.0	69.0	112.0	111.0	66.0	161.0	83.0
alpha_rarefaction_560_3.txt	560	3	113.0	137.0	79.0	132.0	76.0	194.0	153.0	182.0	163.0	195.0	225.0	267.0	199.0	258.0	177.0	184.0	147.0	173.0	82.0	90.0	83.0	79.0	123.0	112.0	93.0	76.0	75.0	74.0	78.0	107.0	114.0	71.0	166.0	91.0
alpha_rarefaction_560_4.txt	560	4	102.0	134.0	70.0	126.0	72.0	205.0	159.0	187.0	181.0	194.0	222.0	266.0	190.0	256.0	182.0	178.0	148.0	164.0	86.0	87.0	82.0	66.0	136.0	109.0	96.0	79.0	62.0	77.0	77.0	116.0	107.0	67.0	177.0	90.0
alpha_rarefaction_560_5.txt	560	5	99.0	128.0	74.0	121.0	87.0	200.0	161.0	172.0	164.0	185.0	227.0	286.0	208.0	251.0	179.0	173.0	137.0	175.0	78.0	97.0	77.0	85.0	137.0	110.0	123.0	72.0	64.0	68.0	73.0	107.0	107.0	67.0	174.0	94.0
alpha_rarefaction_560_6.txt	560	6	102.0	129.0	77.0	132.0	72.0	194.0	161.0	174.0	179.0	205.0	215.0	282.0	209.0	264.0	188.0	183.0	145.0	184.0	81.0	81.0	77.0	76.0	117.0	109.0	102.0	77.0	68.0	68.0	69.0	107.0	103.0	72.0	170.0	93.0
alpha_rarefaction_560_7.txt	560	7	114.0	125.0	82.0	140.0	78.0	181.0	157.0	178.0	170.0	202.0	223.0	270.0	208.0	244.0	177.0	168.0	138.0	172.0	84.0	88.0	76.0	81.0	121.0	106.0	106.0	71.0	69.0	77.0	64.0	128.0	103.0	72.0	176.0	83.0
alpha_rarefaction_560_8.txt	560	8	104.0	140.0	73.0	138.0	91.0	188.0	158.0	180.0	174.0	194.0	218.0	273.0	205.0	252.0	193.0	180.0	155.0	179.0	87.0	83.0	76.0	80.0	127.0	109.0	97.0	72.0	67.0	77.0	64.0	118.0	109.0	60.0	174.0	94.0
alpha_rarefaction_560_9.txt	560	9	112.0	120.0	86.0	137.0	75.0	183.0	164.0	170.0	173.0	190.0	215.0	284.0	201.0	263.0	168.0	174.0	148.0	164.0	76.0	94.0	76.0	73.0	111.0	112.0	114.0	78.0	70.0	76.0	79.0	104.0	115.0	68.0	169.0	79.0
alpha_rarefaction_670_0.txt	670	0	116.0	154.0	85.0	155.0	87.0	222.0	163.0	199.0	179.0	212.0	237.0	311.0	233.0	284.0	186.0	191.0	170.0	201.0	84.0	95.0	77.0	89.0	137.0	122.0	113.0	84.0	71.0	83.0	81.0	133.0	109.0	69.0	191.0	102.0
alpha_rarefaction_670_1.txt	670	1	115.0	135.0	94.0	146.0	88.0	216.0	173.0	208.0	201.0	224.0	230.0	314.0	235.0	296.0	216.0	203.0	166.0	197.0	88.0	96.0	82.0	89.0	138.0	121.0	103.0	74.0	73.0	71.0	77.0	118.0	106.0	68.0	189.0	101.0
alpha_rarefaction_670_2.txt	670	2	116.0	135.0	73.0	154.0	88.0	211.0	180.0	200.0	184.0	217.0	234.0	325.0	231.0	282.0	210.0	190.0	166.0	206.0	92.0	92.0	83.0	80.0	141.0	115.0	114.0	85.0	75.0	74.0	76.0	124.0	110.0	73.0	196.0	96.0
alpha_rarefaction_670_3.txt	670	3	113.0	140.0	80.0	152.0	90.0	208.0	178.0	199.0	180.0	209.0	226.0	313.0	227.0	295.0	197.0	189.0	162.0	209.0	90.0	100.0	83.0	81.0	141.0	128.0	110.0	81.0	81.0	71.0	80.0	133.0	116.0	77.0	184.0	91.0
alpha_rarefaction_670_4.txt	670	4	108.0	160.0	74.0	154.0	85.0	207.0	174.0	205.0	185.0	212.0	239.0	307.0	233.0	299.0	216.0	194.0	164.0	201.0	86.0	104.0	86.0	74.0	140.0	129.0	103.0	78.0	81.0	82.0	83.0	125.0	112.0	86.0	188.0	102.0
alpha_rarefaction_670_5.txt	670	5	111.0	145.0	89.0	141.0	91.0	203.0	180.0	196.0	192.0	205.0	246.0	314.0	230.0	288.0	192.0	187.0	172.0	195.0	83.0	94.0	76.0	87.0	139.0	126.0	115.0	87.0	66.0	73.0	87.0	117.0	121.0	75.0	188.0	94.0
alpha_rarefaction_670_6.txt	670	6	131.0	136.0	88.0	145.0	89.0	211.0	169.0	195.0	189.0	197.0	239.0	312.0	224.0	286.0	211.0	206.0	163.0	192.0	89.0	99.0	79.0	79.0	129.0	131.0	111.0	87.0	77.0	75.0	76.0	127.0	123.0	82.0	189.0	89.0
alpha_rarefaction_670_7.txt	670	7	111.0	154.0	95.0	157.0	90.0	215.0	171.0	194.0	184.0	217.0	273.0	313.0	242.0	286.0	203.0	192.0	157.0	209.0	88.0	100.0	77.0	88.0	126.0	122.0	135.0	74.0	79.0	75.0	84.0	115.0	111.0	88.0	199.0	96.0
alpha_rarefaction_670_8.txt	670	8	114.0	146.0	101.0	148.0	87.0	222.0	173.0	205.0	183.0	210.0	246.0	310.0	233.0	284.0	207.0	178.0	159.0	189.0	81.0	99.0	81.0	71.0	139.0	126.0	117.0	80.0	79.0	79.0	68.0	129.0	114.0	84.0	190.0	100.0
alpha_rarefaction_670_9.txt	670	9	109.0	148.0	86.0	157.0	90.0	211.0	181.0	197.0	196.0	210.0	238.0	319.0	227.0	285.0	220.0	185.0	172.0	193.0	90.0	89.0	72.0	85.0	141.0	119.0	108.0	85.0	72.0	76.0	72.0	128.0	125.0	76.0	203.0	87.0
alpha_rarefaction_780_0.txt	780	0	122.0	162.0	94.0	161.0	104.0	246.0	197.0	224.0	198.0	226.0	268.0	345.0	253.0	315.0	237.0	197.0	170.0	198.0	98.0	106.0	81.0	92.0	143.0	136.0	129.0	82.0	81.0	87.0	86.0	146.0	141.0	87.0	204.0	97.0
alpha_rarefaction_780_1.txt	780	1	127.0	156.0	88.0	160.0	89.0	248.0	195.0	209.0	213.0	230.0	268.0	326.0	247.0	322.0	237.0	216.0	178.0	201.0	103.0	113.0	78.0	95.0	158.0	127.0	134.0	88.0	87.0	80.0	76.0	135.0	124.0	85.0	210.0	102.0
alpha_rarefaction_780_2.txt	780	2	123.0	159.0	89.0	181.0	102.0	240.0	195.0	237.0	200.0	219.0	276.0	357.0	252.0	325.0	226.0	216.0	181.0	212.0	92.0	100.0	80.0	89.0	156.0	144.0	135.0	94.0	79.0	88.0	88.0	132.0	129.0	83.0	209.0	111.0
alpha_rarefaction_780_3.txt	780	3	133.0	156.0	94.0	151.0	96.0	232.0	202.0	216.0	204.0	229.0	278.0	327.0	250.0	335.0	212.0	197.0	171.0	230.0	101.0	101.0	88.0	95.0	162.0	140.0	125.0	91.0	77.0	82.0	84.0	137.0	134.0	86.0	202.0	114.0
alpha_rarefaction_780_4.txt	780	4	129.0	155.0	92.0	148.0	102.0	228.0	193.0	233.0	198.0	215.0	274.0	317.0	247.0	317.0	225.0	207.0	173.0	224.0	95.0	107.0	86.0	87.0	159.0	144.0	115.0	96.0	84.0	79.0	80.0	131.0	129.0	82.0	208.0	113.0
alpha_rarefaction_780_5.txt	780	5	116.0	163.0	89.0	172.0	100.0	233.0	198.0	222.0	192.0	241.0	272.0	355.0	251.0	324.0	220.0	206.0	185.0	214.0	97.0	95.0	90.0	96.0	142.0	136.0	143.0	95.0	90.0	83.0	85.0	137.0	128.0	89.0	202.0	111.0
alpha_rarefaction_780_6.txt	780	6	127.0	142.0	102.0	148.0	95.0	226.0	197.0	215.0	211.0	211.0	276.0	312.0	265.0	314.0	241.0	199.0	185.0	206.0	96.0	109.0	100.0	92.0	152.0	131.0	133.0	89.0	78.0	80.0	83.0	126.0	123.0	85.0	200.0	106.0
alpha_rarefaction_780_7.txt	780	7	120.0	182.0	98.0	171.0	98.0	254.0	197.0	216.0	213.0	227.0	260.0	347.0	251.0	328.0	215.0	207.0	178.0	214.0	93.0	103.0	87.0	95.0	137.0	143.0	116.0	87.0	91.0	85.0	74.0	135.0	139.0	87.0	210.0	102.0
alpha_rarefaction_780_8.txt	780	8	122.0	159.0	94.0	152.0	91.0	233.0	199.0	216.0	208.0	222.0	254.0	331.0	252.0	325.0	219.0	216.0	181.0	220.0	103.0	105.0	98.0	90.0	142.0	131.0	119.0	87.0	77.0	86.0	88.0	126.0	124.0	90.0	204.0	107.0
alpha_rarefaction_780_9.txt	780	9	127.0	157.0	101.0	170.0	95.0	228.0	196.0	203.0	199.0	226.0	276.0	327.0	249.0	339.0	240.0	204.0	180.0	201.0	99.0	89.0	89.0	78.0	159.0	141.0	131.0	88.0	76.0	79.0	87.0	135.0	130.0	88.0	208.0	114.0
alpha_rarefaction_890_0.txt	890	0	149.0	161.0	106.0	166.0	103.0	262.0	207.0	253.0	226.0	234.0	299.0	361.0	281.0	341.0	246.0	220.0	197.0	223.0	99.0	113.0	93.0	101.0	182.0	152.0	131.0	102.0	85.0	84.0	91.0	131.0	149.0	90.0	235.0	108.0
alpha_rarefaction_890_1.txt	890	1	138.0	171.0	94.0	176.0	99.0	269.0	221.0	235.0	213.0	248.0	307.0	381.0	280.0	344.0	247.0	238.0	189.0	229.0	101.0	112.0	95.0	98.0	152.0	134.0	141.0	92.0	92.0	89.0	85.0	128.0	134.0	91.0	221.0	100.0
alpha_rarefaction_890_2.txt	890	2	136.0	161.0	103.0	174.0	106.0	258.0	199.0	241.0	225.0	236.0	295.0	370.0	280.0	350.0	246.0	214.0	202.0	222.0	109.0	116.0	92.0	103.0	159.0	151.0	135.0	99.0	85.0	95.0	89.0	137.0	139.0	89.0	226.0	121.0
alpha_rarefaction_890_3.txt	890	3	135.0	160.0	94.0	187.0	106.0	269.0	209.0	229.0	215.0	237.0	287.0	366.0	277.0	338.0	252.0	238.0	206.0	249.0	107.0	109.0	94.0	100.0	166.0	142.0	141.0	98.0	91.0	85.0	91.0	154.0	137.0	90.0	221.0	106.0
alpha_rarefaction_890_4.txt	890	4	132.0	166.0	105.0	171.0	102.0	258.0	209.0	230.0	221.0	251.0	294.0	389.0	272.0	351.0	241.0	211.0	181.0	231.0	107.0	100.0	91.0	99.0	167.0	151.0	143.0	96.0	89.0	94.0	93.0	149.0	129.0	85.0	224.0	115.0
alpha_rarefaction_890_5.txt	890	5	135.0	173.0	99.0	184.0	101.0	258.0	201.0	241.0	239.0	235.0	293.0	363.0	270.0	341.0	238.0	218.0	182.0	238.0	118.0	125.0	87.0	93.0	165.0	150.0	130.0	91.0	92.0	85.0	84.0	160.0	123.0	80.0	226.0	108.0
alpha_rarefaction_890_6.txt	890	6	134.0	165.0	108.0	183.0	106.0	255.0	221.0	229.0	228.0	237.0	289.0	375.0	276.0	343.0	236.0	231.0	185.0	219.0	98.0	105.0	84.0	107.0	171.0	139.0	140.0	99.0	88.0	92.0	87.0	140.0	127.0	84.0	227.0	107.0
alpha_rarefaction_890_7.txt	890	7	144.0	155.0	95.0	171.0	102.0	256.0	216.0	241.0	227.0	237.0	277.0	356.0	283.0	356.0	231.0	208.0	186.0	228.0	103.0	105.0	99.0	95.0	166.0	157.0	131.0	93.0	79.0	88.0	89.0	149.0	131.0	90.0	227.0	101.0
alpha_rarefaction_890_8.txt	890	8	137.0	178.0	95.0	186.0	107.0	264.0	209.0	240.0	222.0	246.0	306.0	367.0	286.0	354.0	235.0	228.0	188.0	235.0	101.0	101.0	93.0	98.0	168.0	150.0	139.0	97.0	91.0	89.0	90.0	139.0	150.0	85.0	219.0	111.0
alpha_rarefaction_890_9.txt	890	9	145.0	175.0	99.0	172.0	98.0	267.0	209.0	226.0	230.0	238.0	292.0	364.0	276.0	348.0	234.0	221.0	188.0	217.0	106.0	113.0	90.0	92.0	162.0	148.0	142.0	91.0	92.0	86.0	90.0	134.0	126.0	91.0	219.0	102.0
alpha_rarefaction_1000_0.txt	1000	0	139.0	179.0	102.0	192.0	114.0	282.0	231.0	272.0	257.0	250.0	323.0	383.0	296.0	382.0	254.0	227.0	198.0	232.0	109.0	120.0	97.0	116.0	178.0	152.0	150.0	100.0	89.0	96.0	96.0	154.0	134.0	95.0	244.0	120.0
alpha_rarefaction_1000_1.txt	1000	1	148.0	187.0	105.0	187.0	115.0	264.0	215.0	246.0	241.0	262.0	308.0	396.0	294.0	369.0	263.0	228.0	207.0	257.0	113.0	112.0	110.0	92.0	181.0	155.0	158.0	94.0	98.0	97.0	96.0	171.0	145.0	99.0	240.0	128.0
alpha_rarefaction_1000_2.txt	1000	2	149.0	164.0	103.0	189.0	108.0	283.0	236.0	228.0	233.0	253.0	324.0	394.0	297.0	367.0	257.0	230.0	201.0	245.0	103.0	122.0	103.0	113.0	178.0	164.0	151.0	98.0	97.0	100.0	96.0	147.0	141.0	92.0	245.0	119.0
alpha_rarefaction_1000_3.txt	1000	3	159.0	164.0	101.0	189.0	112.0	276.0	239.0	267.0	241.0	250.0	304.0	399.0	297.0	378.0	255.0	235.0	211.0	260.0	111.0	125.0	93.0	112.0	187.0	146.0	150.0	94.0	88.0	93.0	94.0	158.0	128.0	93.0	233.0	130.0
alpha_rarefaction_1000_4.txt	1000	4	147.0	175.0	106.0	187.0	111.0	287.0	229.0	258.0	247.0	271.0	319.0	387.0	308.0	379.0	266.0	229.0	204.0	261.0	108.0	120.0	92.0	112.0	169.0	164.0	152.0	92.0	87.0	95.0	93.0	152.0	140.0	100.0	235.0	116.0
alpha_rarefaction_1000_5.txt	1000	5	147.0	187.0	103.0	172.0	111.0	288.0	231.0	265.0	236.0	256.0	317.0	402.0	295.0	365.0	279.0	248.0	209.0	249.0	115.0	123.0	92.0	98.0	175.0	160.0	133.0	97.0	97.0	103.0	99.0	145.0	145.0	97.0	241.0	116.0
alpha_rarefaction_1000_6.txt	1000	6	143.0	193.0	105.0	192.0	112.0	277.0	231.0	243.0	245.0	256.0	314.0	387.0	296.0	368.0	268.0	239.0	207.0	239.0	119.0	124.0	103.0	102.0	173.0	158.0	146.0	91.0	98.0	104.0	106.0	145.0	157.0	91.0	239.0	120.0
alpha_rarefaction_1000_7.txt	1000	7	148.0	191.0	108.0	167.0	113.0	268.0	225.0	253.0	253.0	257.0	338.0	390.0	297.0	376.0	269.0	217.0	204.0	252.0	105.0	113.0	98.0	106.0	177.0	161.0	164.0	94.0	92.0	97.0	96.0	172.0	148.0	97.0	235.0	112.0
alpha_rarefaction_1000_8.txt	1000	8	156.0	176.0	104.0	191.0	114.0	266.0	219.0	262.0	237.0	258.0	326.0	398.0	300.0	377.0	256.0	223.0	211.0	243.0	110.0	121.0	95.0	103.0	178.0	147.0	154.0	106.0	102.0	87.0	93.0	146.0	141.0	89.0	235.0	120.0
alpha_rarefaction_1000_9.txt	1000	9	150.0	172.0	103.0	200.0	110.0	265.0	230.0	265.0	243.0	254.0	326.0	395.0	302.0	384.0	263.0	229.0	208.0	231.0	109.0	128.0	101.0	98.0	184.0	156.0	143.0	93.0	93.0	86.0	103.0	150.0	147.0	95.0	236.0	120.0
alpha_rarefaction_1110_0.txt	1110	0	163.0	188.0	105.0	214.0	120.0	280.0	235.0	262.0	268.0	271.0	351.0	406.0	316.0	390.0	279.0	252.0	223.0	244.0	117.0	129.0	101.0	111.0	184.0	159.0	152.0	103.0	103.0	95.0	108.0	175.0	153.0	103.0	257.0	112.0
alpha_rarefaction_1110_1.txt	1110	1	162.0	199.0	114.0	216.0	120.0	305.0	235.0	267.0	251.0	287.0	353.0	415.0	310.0	398.0	283.0	235.0	222.0	250.0	120.0	123.0	106.0	96.0	196.0	172.0	150.0	92.0	101.0	93.0	103.0	172.0	161.0	97.0	255.0	129.0
alpha_rarefaction_1110_2.txt	1110	2	154.0	193.0	119.0	187.0	119.0	293.0	242.0	265.0	258.0	267.0	337.0	414.0	324.0	407.0	278.0	256.0	218.0	252.0	123.0	128.0	103.0	115.0	199.0	167.0	150.0	96.0	89.0	101.0	104.0	156.0	156.0	99.0	252.0	120.0
alpha_rarefaction_1110_3.txt	1110	3	172.0	180.0	102.0	217.0	120.0	307.0	237.0	279.0	251.0	267.0	348.0	425.0	310.0	398.0	280.0	255.0	218.0	264.0	114.0	125.0	113.0	114.0	193.0	168.0	156.0	110.0	90.0	90.0	102.0	158.0	155.0	102.0	254.0	122.0
alpha_rarefaction_1110_4.txt	1110	4	148.0	204.0	106.0	206.0	120.0	298.0	254.0	277.0	251.0	280.0	343.0	427.0	310.0	395.0	264.0	232.0	221.0	253.0	122.0	133.0	103.0	107.0	183.0	164.0	152.0	103.0	107.0	102.0	96.0	158.0	150.0	102.0	256.0	118.0
alpha_rarefaction_1110_5.txt	1110	5	150.0	190.0	111.0	208.0	120.0	302.0	230.0	265.0	265.0	267.0	324.0	434.0	318.0	396.0	273.0	247.0	219.0	270.0	122.0	129.0	108.0	107.0	180.0	163.0	148.0	100.0	99.0	99.0	97.0	171.0	157.0	99.0	255.0	128.0
alpha_rarefaction_1110_6.txt	1110	6	157.0	184.0	111.0	190.0	120.0	292.0	240.0	283.0	253.0	274.0	334.0	411.0	314.0	394.0	279.0	258.0	226.0	262.0	120.0	131.0	111.0	110.0	182.0	171.0	153.0	110.0	100.0	105.0	108.0	164.0	150.0	99.0	254.0	123.0
alpha_rarefaction_1110_7.txt	1110	7	156.0	184.0	110.0	206.0	120.0	287.0	241.0	264.0	276.0	266.0	350.0	426.0	315.0	401.0	275.0	241.0	227.0	279.0	126.0	108.0	98.0	104.0	182.0	172.0	168.0	107.0	98.0	101.0	97.0	162.0	159.0	108.0	250.0	124.0
alpha_rarefaction_1110_8.txt	1110	8	157.0	185.0	113.0	196.0	120.0	291.0	252.0	277.0	252.0	272.0	341.0	415.0	315.0	389.0	277.0	245.0	223.0	246.0	123.0	121.0	99.0	101.0	187.0	165.0	159.0	110.0	97.0	98.0	96.0	164.0	137.0	108.0	250.0	123.0
alpha_rarefaction_1110_9.txt	1110	9	166.0	193.0	111.0	188.0	120.0	302.0	232.0	269.0	252.0	255.0	328.0	434.0	311.0	404.0	272.0	245.0	222.0	265.0	127.0	121.0	114.0	109.0	183.0	173.0	150.0	105.0	104.0	99.0	107.0	163.0	146.0	98.0	259.0	117.0