Eigvals	25
1.14073245868	0.53470983932	0.38501511486	0.31451440734	0.252171224838	0.232313879671	0.200741524474	0.194135459766	0.183065968086	0.165910357776	0.158234908761	0.142962525239	0.128495219864	0.124194643744	0.12309171612	0.109073656814	0.101057996368	0.09612340412	0.0927139911474	0.0921926500871	0.0846062914977	0.0809881116806	0.0764500498851	0.0657138554562	0.0

Proportion explained	25
0.224588592687	0.105274229198	0.0758021761824	0.0619219235738	0.0496477329734	0.0457381982078	0.0395222000852	0.0382215911959	0.0360422181631	0.0326646037656	0.031153453382	0.0281466106327	0.0252982725061	0.0244515706077	0.0242344250701	0.0214745349769	0.019896403413	0.0189248757598	0.0182536269883	0.0181509848183	0.0166573746503	0.0159450236454	0.0150515653201	0.0129378121966	0.0

Species	0	0

Site	25	25
151	0.0704701986318	0.0360909437272	-0.194536459765	-0.0587600923303	0.00415269296802	0.0835722391652	0.0999316151658	-0.0953738445869	0.0513755435686	-0.100136490333	0.00993666601473	-0.0779406805664	-0.0513336124127	-0.00606849939037	0.00448283813691	-0.0578859701456	0.083602288855	-0.0147121760174	-0.0859665882643	0.0347713790355	-0.157255342056	-0.0768973971429	0.0368610219197	0.00392524078747	0.0
150	0.081609273783	-0.00513446678629	-0.139772954922	-0.0434712901344	-0.0696460226353	0.0449756901134	0.120511909181	-0.0782829490268	0.107133545245	0.120652431892	0.0779112221134	-0.0283523024196	-0.0447643496137	0.0228338760955	0.133154858027	-0.085857893578	-0.00207941993523	-0.0386833880139	0.11201723477	0.0345803037054	0.0917064653451	0.0199783816828	-0.00325258339947	-0.0684390582605	0.0
153	0.0499990299435	0.0991383911683	-0.134807294632	-0.0325092875306	0.0440696374471	0.0989086241795	-0.0901684037811	-0.112669911513	0.0228692611905	-0.0556871934138	0.0199121898087	-0.0213030958765	0.176094586987	-0.0338990209759	-0.101558329066	-0.0330810227395	0.0478177033402	0.123781780169	-0.0354095070315	0.0125180039916	0.100276358849	0.0428608803831	0.00498989199107	-0.0383877683931	0.0
152	0.131051765069	-0.154203745647	-0.195738898963	-0.0208687258712	0.162619778957	-0.0781480109273	0.105314667207	0.0837913805387	0.0327945856965	-0.123985298338	-0.016109216122	-0.000255780006388	-0.0444210115715	0.0592672869461	0.0494564077363	0.150913022198	0.0203025856635	-0.00333860603801	-0.0497221465851	0.0351130170132	0.0927857193315	0.0369630458321	-0.0363557181506	0.0400195496771	0.0
155	0.120367013725	-0.0443036000503	-0.0615549910024	0.0757437208784	0.263510239572	-0.0602554589967	-0.0343672561868	-0.0520204423378	-0.189120156836	0.0016348089512	-0.0665615677952	-0.116417008961	-0.0134434662341	-0.0801249216037	-0.0065589153984	-0.0839061685151	-0.0268515009081	-0.0574584288844	0.0912488027188	-0.0458345833732	-0.000566759405663	0.00873725897266	0.0204747403942	0.0229935681704	0.0
157	0.0809932297303	-0.0616444436463	0.182287560069	0.0514899750744	0.225187019822	0.0950420527317	0.0446546136193	0.0173323538293	0.108052477503	0.0603035666424	-0.0125905986801	0.0199329068914	-0.051317096116	0.09063046404	-0.0672755870233	0.0225361864265	-0.109536636115	0.0669957099713	-0.0146314735998	0.00116213617803	-0.0425441160618	-0.0122366370374	0.056909700084	-0.099306002504	0.0
156	-0.273934024336	0.148217395517	0.167588955247	-0.43275491527	0.0903885031688	-0.155676707572	0.0387861565759	-0.0467541416371	-0.0191345330748	0.0283356986731	0.0245672755518	0.00348069416536	0.0251977184626	-0.00380359050937	0.0235211550623	-0.000327362874044	-0.00990135286991	0.00847669157723	-0.0134065943437	-0.000279228580331	-0.00866488258483	-0.000772107907259	-0.0120018633496	0.0129092021017	0.0
158	0.110138196032	-0.15033532786	0.157857273936	-0.0614802424166	-0.077700114924	0.129555985436	0.0359417140881	-0.0126915168273	-0.11593506386	-0.122202993112	0.0670968758091	0.0982387489286	-0.0383032452361	0.114097460452	-0.0298696567015	-0.073718693172	0.0197136486556	0.0135858895946	0.0554125430592	0.0112487167226	0.0322100939677	0.0339441430675	0.0872201722334	0.0916953281294	0.0
178	0.12615927442	-0.0652299556093	0.0156515001589	0.0822865172091	-0.0728925146236	-0.248524101622	-0.027866889168	0.11154765618	0.0479065645632	0.0775082729058	-0.0460173540789	-0.0860007547485	0.0881945443051	0.143972539752	-0.0473881665781	-0.109307836031	0.0267721570552	-0.00577545747023	-0.0408813238457	0.0686509043893	-0.00596769235268	-0.00355490433706	0.0247525420681	0.0210863217871	0.0
177	0.0754608020536	0.0912873258903	0.0144851322689	0.0385834217038	-0.0750921860987	-0.15345938905	-0.16248771429	-0.123817347583	0.0570518793723	-0.0736135243568	-0.118328974598	0.0612892363717	-0.148843060654	0.0383752517602	0.0424874851728	0.0100359125176	0.0633067839641	0.0542936702344	0.0141459948824	-0.106863415086	0.018638368831	-0.00175230128447	0.024146701122	-0.0419143257912	0.0
176	0.0913096960106	0.101607782388	-0.0305601913276	0.0922954807424	-0.0506730687313	-0.116989174289	0.147365050065	0.126075890298	-0.0101638777278	-0.0162026732781	0.121771973822	0.0476604478827	0.0893459665225	-0.0957162880322	0.045856513794	0.0352784707363	-0.00149100560215	0.0592255604978	0.0194378168359	-0.126615295877	-0.0371503775827	0.00100770675752	0.101689819013	-0.0128662286082	0.0
175	0.0978652832921	0.0685632483337	0.0121903627091	0.0561484551657	-0.0441352171244	-0.0306337173115	0.10077153188	-0.142003297016	-0.00806851820353	0.11039455306	-0.140968881166	0.139424279708	0.048507694734	-0.0624476601447	-0.083687433758	0.102329286964	0.0266560659341	-0.0881376378734	0.0192687863086	0.0870068607697	-0.00234058648532	-0.000249657240308	0.0598202945978	0.0219945427372	0.0
173	0.125875946588	-0.133147843889	0.288524468803	0.0517698577566	-0.092382897605	0.0106000729745	0.0464590277021	-0.0120523670657	-0.141859012286	0.0147172720209	0.0526667335456	-0.127012383788	-0.0386137940832	-0.061513522789	0.00612295141107	0.0646534972116	0.108550754266	0.00396627564132	-0.0603738733019	0.0309175877617	0.0405543209913	-0.019666401419	-0.0371168946106	-0.0855618504498	0.0
172	0.0198178676662	0.124340641703	0.121151572532	0.0712685295606	0.14899674977	0.0981127552791	-0.110163404276	0.0980456208018	0.0276700554881	-0.0180091399275	-0.00276001804472	0.127926424167	0.105299421111	0.0258093802508	0.143217985834	-0.0290114737951	0.111686012985	-0.0812294154257	0.00105822504707	0.0122775637723	-0.0217834465591	-0.040362239118	-0.0462159858078	-0.0139901829785	0.0
171	0.136587747004	0.0051607234854	0.110902975415	0.0799720431021	-0.00773394122545	-0.0202038364933	0.0878020095915	0.0040679200531	0.0813043450829	-0.00847568030474	-0.0355637830284	0.031483334548	-0.0290643868367	-0.0883793568837	-0.0154678425151	-0.0477368348871	-0.00917511745042	0.138664019613	0.0744383120886	0.0393824870604	-0.0456962345665	-0.00558393719189	-0.152390354539	0.0813787567947	0.0
170	0.0444019991761	0.125253935456	0.0857124369564	0.0377936340277	-0.102907789565	-0.0389396493647	0.0117586365152	-0.010246787646	0.0525592706093	-0.227715794122	0.0066806014871	-0.0111577274138	0.0354800770243	-0.0339227811986	-0.0395484958286	-0.0318076293162	-0.151813417343	-0.131422137779	-0.00920157959723	0.0143169709731	0.0180594138615	0.00710334993309	-0.046986467454	-0.0522141225601	0.0
146	-0.654971909484	-0.143124109257	-0.0204848662892	0.111787270943	-0.00950963108597	-0.00452718414454	0.000443412692672	-0.0180159322513	0.00270568517283	-0.00911139664431	0.00406695466634	0.00721441104821	-0.00456412137386	-0.00722678740249	0.0142687658868	-0.0059088289134	0.0292643974604	-0.00757145787832	-0.00479125435186	0.0167786652408	-0.078702374377	0.180693276725	-0.00916957039349	-0.0247083246827	0.0
147	-0.65482513664	-0.147727869577	-0.0221220725727	0.108459888547	-0.00831048662277	-0.000147247026083	0.0111485527091	-0.0225901157932	0.0148680582035	-0.0067774050486	0.002705028385	0.00321151971948	0.00717073164464	-0.00737880058468	-0.0119279625553	-0.00363114715278	-0.024530430869	0.013819706741	0.00344284982205	-0.0148870498901	0.0802110736557	-0.178693770929	0.012805691822	0.0308065165265	0.0
168	0.0568828409861	0.153479539544	-0.0365560285399	0.0819282219841	-0.0101548905633	0.0152741362078	-0.0737762819722	-0.0210235657467	-0.0856198937703	0.0969196489761	0.0562710065818	0.0538013211531	-0.0808437023736	-0.0542471331532	0.0977700769644	-0.0464888923474	-0.111620527517	0.0311220106878	-0.171445365138	0.053131958645	0.0331286663194	0.0235936539834	0.0166669887112	0.0538000523827	0.0
165	-0.0521601960492	0.255415952484	-0.0445967094422	0.0422088907933	-0.0700218253687	0.0410790574378	-0.111108207469	-0.0109610143142	-0.0743661609111	-0.00165760946187	0.047695351265	-0.115261608232	0.0250398417041	0.0991744277116	0.0486668477801	0.150722780416	-0.0515184398309	0.0447505029349	0.108051337317	0.0720983382539	-0.061138714765	-0.0194093954774	0.00785146819648	0.0226245579088	0.0
166	-0.108745401889	0.171299462933	-0.0492246242521	-0.0889067492617	-0.104675683172	0.174077048459	0.0839650107876	0.191178631409	-0.0582631016684	0.0338602632765	-0.234363472241	-0.0527135382192	-0.0193446397556	0.0125082312009	-0.00548283470597	-0.022129233	-0.00674210420091	0.0106892816788	-0.0177906644946	-0.0635560361402	0.0303001309206	0.0168765016217	-0.00710713584887	-0.00903921468996	0.0
167	-0.0457128923163	0.217647016642	-0.0678917956025	0.0121462627836	0.031222559179	0.0146969663319	-0.0510107279393	0.0958313902042	0.040780320907	0.0765685722896	0.159610252906	0.0126031647076	-0.122966664709	-0.000169277349006	-0.192246006133	0.0073034254185	0.0685471221138	-0.078525721925	0.0121316953324	-0.0406251390115	0.0214673643029	0.00774394920773	-0.0417652070935	0.0229117375855	0.0
161	0.135641095408	-0.194710781747	0.114862689406	-0.0456548614235	-0.0403012096495	0.0978410309693	-0.0984756176722	-0.0456774618934	0.18709751379	0.0635095006509	-0.00296522464527	-0.121079210478	0.0497165448349	-0.0486115934193	0.0316748062617	0.0587452950874	-0.0212473901593	-0.0602776815028	-0.0254882550766	-0.0986996656934	-0.00316072544777	0.0295323956303	0.0246852458244	0.101051055171	0.0
162	0.0956459607427	-0.289124082374	-0.126881424155	-0.167548617217	-0.0649364833913	-0.0048629224122	-0.180443667478	0.156477791744	-0.0013841956881	-0.00183868345082	-0.00476901557368	0.0640842671989	-0.0315671928126	-0.127686629521	-0.0181886954024	0.00700480195655	-0.0258955179411	0.0150775572778	0.0478256532448	0.0848432239959	-0.0355076425658	-0.0264461821936	0.0326768999802	-0.0506924796047	0.0
163	0.140072340452	-0.20881613283	-0.146486616036	-0.0419273888173	-0.0690732184969	0.00863173992288	0.00501426245225	-0.0801679398199	-0.130254592368	0.0810092924525	0.0301059740168	0.0871433342194	0.0693432164517	0.104526944749	-0.0214807664021	0.0212763075345	-0.0538166595506	-0.0173165478107	-0.0293706257969	-0.111437703856	-0.0588590815649	-0.0234096125183	-0.119189397311	-0.0300768712363	0.0

Biplot	0	0

Site constraints	0	0
