# Constructed from biom file
#OTU ID	L1S8	L1S57	L1S76	L1S105	L1S140	L1S208	L1S257	L1S281	L2S155	L2S175	L2S204	L2S222	L2S240	L2S309	L2S357	L2S382	L3S242	L3S294	L3S313	L3S341	L3S360	L3S378	L4S63	L4S112	L4S137	L5S104	L5S155	L5S174	L5S203	L5S222	L5S240	L6S20	L6S68	L6S93
Unassigned;Other;Other;Other;Other	0.000120192307692	0.0	0.000113160574856	0.000110314396029	0.0	0.000101399310485	0.000697836706211	0.0	0.000615006150062	0.0	0.0	0.0	0.000283527076836	0.00217155266015	0.000994694960212	0.000197941409343	0.0	0.000679347826087	0.0	0.0	0.0	0.0	0.000911992704058	0.00041203131438	0.000349375491309	0.0	0.0	0.0	0.0	0.0	0.000470145745181	0.000507485409794	0.00027468754292	0.00023504524621
k__Archaea;p__Crenarchaeota;c__Thaumarchaeota;o__Nitrososphaerales;f__Nitrososphaeraceae	0.0	0.0	0.0	0.0	0.0	0.0	0.0	0.0	0.000820008200082	0.0	0.000484144274994	0.000495662949195	0.0	0.0	0.0	0.0	0.0	0.0	0.0	0.000810372771475	0.00161290322581	0.0	0.000638394892841	0.00041203131438	0.0	0.0	0.0	0.0	0.0	0.0	0.0	0.0	0.0	0.0
k__Bacteria;p__Acidobacteria;c__Acidobacteria-6;o__iii1-15;f__	0.0	0.0	0.0	0.0	0.0	0.0	0.0	0.0	0.000205002050021	0.0	0.000242072137497	0.000247831474597	0.0	0.00108577633008	0.000331564986737	0.0	0.0	0.0	0.000766871165644	0.0	0.00161290322581	0.0	0.000182398540812	0.0	0.0	0.0	0.0	0.000459558823529	0.0	0.0	0.0	0.0	0.0	0.0
k__Bacteria;p__Acidobacteria;c__Acidobacteriia;o__Acidobacteriales;f__Acidobacteriaceae	0.0	0.0	0.0	0.0	0.0	0.0	0.0	0.0	0.0	0.0	0.0	0.0	0.0	0.0	0.0	0.0	0.0	0.0	0.0	0.0	0.00161290322581	0.0	0.0	0.0	0.0	0.0	0.0	0.0	0.0	0.0	0.0	0.0	0.0	0.0
k__Bacteria;p__Acidobacteria;c__Solibacteres;o__Solibacterales;f__	0.0	0.0	0.0	0.0	0.0	0.0	0.0	0.0	0.0	0.0	0.0	0.000495662949195	0.0	0.0	0.0	0.0	0.0	0.0	0.0	0.0	0.0	0.0	0.000364797081623	0.0	0.0	0.0	0.0	0.0	0.0	0.0	0.0	0.0	0.0	0.0
k__Bacteria;p__Acidobacteria;c__[Chloracidobacteria];o__RB41;f__Ellin6075	0.0	0.0	0.0	0.0	0.0	0.0	0.0	0.0	0.0	0.0	0.000726216412491	0.000247831474597	0.0	0.000542888165038	0.0	0.0	0.0	0.0	0.000766871165644	0.0	0.000806451612903	0.0	0.000911992704058	0.000515039142975	0.0	0.0	0.0	0.0	0.0	0.0	0.0	0.0	0.0	0.0
k__Bacteria;p__Acidobacteria;c__iii1-8;o__DS-18;f__	0.0	0.0	0.0	0.0	0.0	0.0	0.0	0.0	0.0	0.0	0.0	0.0	0.0	0.0	0.0	0.0	0.0	0.0	0.0	0.0	0.0	0.0	0.000273597811218	0.0	0.0	0.0	0.0	0.0	0.0	0.0	0.0	0.0	0.0	0.0
k__Bacteria;p__Actinobacteria;c__Acidimicrobiia;o__Acidimicrobiales;f__	0.0	0.0	0.0	0.0	0.0	0.0	0.0	0.0	0.000205002050021	0.0	0.000242072137497	0.000247831474597	0.0	0.0	0.0	0.0	0.0	0.0	0.000766871165644	0.0	0.0	0.0	0.000273597811218	0.000103007828595	0.0	0.0	0.0	0.0	0.0	0.0	0.0	0.0	0.0	0.0
k__Bacteria;p__Actinobacteria;c__Acidimicrobiia;o__Acidimicrobiales;f__C111	0.0	0.0	0.0	0.0	0.0	0.0	0.0	0.0	0.0	0.0	0.0	0.000247831474597	0.0	0.0	0.0	0.0	0.0	0.0	0.0	0.000810372771475	0.000806451612903	0.0	9.11992704058e-05	0.0	0.0	0.0	0.0	0.0	0.0	0.0	0.0	0.0	0.0	0.0
k__Bacteria;p__Actinobacteria;c__Acidimicrobiia;o__Acidimicrobiales;f__Iamiaceae	0.0	0.0	0.0	0.0	0.0	0.0	0.0	0.0	0.0	0.0	0.0	0.000247831474597	0.0	0.0	0.0	0.0	0.0	0.0	0.0	0.0	0.0	0.0	9.11992704058e-05	0.0	0.0	0.0	0.0	0.0	0.0	0.0	0.0	0.0	0.0	0.0
k__Bacteria;p__Actinobacteria;c__Actinobacteria;o__Actinomycetales;Other	0.0	0.0	0.0	0.0	0.0	0.0	0.0	0.0	0.000205002050021	0.0	0.0	0.000247831474597	0.0	0.0	0.0	0.0	0.0	0.000679347826087	0.0	0.0	0.0	0.0	0.0	0.0	0.0	0.0	0.0	0.0	0.0	0.0	0.0	0.0	0.0	0.0
k__Bacteria;p__Actinobacteria;c__Actinobacteria;o__Actinomycetales;f__	0.0	0.0	0.0	0.0	0.0	0.0	0.0	0.0	0.00225502255023	0.000735699834468	0.000726216412491	0.00371747211896	0.0	0.00217155266015	0.000663129973475	0.0	0.0	0.00271739130435	0.00306748466258	0.00405186385737	0.000806451612903	0.0	0.0015503875969	0.00020601565719	0.0	0.0	0.0	0.0	0.0	0.0	0.0	0.0	0.0	0.0
k__Bacteria;p__Actinobacteria;c__Actinobacteria;o__Actinomycetales;f__Actinomycetaceae	0.0	0.000102113754723	0.0	0.000110314396029	0.0	0.0	0.0	0.0	0.00123001230012	0.00349457421372	0.000968288549988	0.00247831474597	0.00836404876666	0.00380021715527	0.00298408488064	0.0128661916073	0.0	0.00203804347826	0.00536809815951	0.0	0.00403225806452	0.0	0.00638394892841	0.00329625051504	0.0102192331208	0.0155688622754	0.0100908173562	0.0317095588235	0.016156462585	0.00757849151931	0.00470145745181	0.0190307028673	0.00645515725862	0.00305558820073
k__Bacteria;p__Actinobacteria;c__Actinobacteria;o__Actinomycetales;f__Bogoriellaceae	0.0	0.0	0.0	0.0	0.0	0.0	0.0	0.0	0.0	0.0	0.0	0.000247831474597	0.0	0.0	0.000331564986737	0.0	0.0	0.0	0.0	0.0	0.0	0.0	9.11992704058e-05	0.0	0.0	0.0	0.0	0.0	0.0	0.0	0.0	0.0	0.0	0.0
k__Bacteria;p__Actinobacteria;c__Actinobacteria;o__Actinomycetales;f__Brevibacteriaceae	0.0	0.0	0.0	0.0	0.0	0.0	0.0	0.0	0.0010250102501	0.000551774875851	0.000726216412491	0.000247831474597	0.0	0.000542888165038	0.0	0.0	0.0	0.00135869565217	0.0	0.00162074554295	0.000806451612903	0.0	0.000455996352029	0.00041203131438	0.000262031618482	0.0	0.0	0.0	0.0	0.0	0.0	0.0	0.0	0.0
k__Bacteria;p__Actinobacteria;c__Actinobacteria;o__Actinomycetales;f__Cellulomonadaceae	0.0	0.0	0.0	0.0	0.0	0.0	0.0	0.0	0.000615006150062	0.000367849917234	0.000726216412491	0.00247831474597	0.0	0.000542888165038	0.000331564986737	0.0	0.0	0.0	0.0	0.0	0.00241935483871	0.0	0.00136798905609	0.00144210960033	0.0	0.0	0.0	0.0	0.0	0.0	0.000470145745181	0.0	0.0	0.0
k__Bacteria;p__Actinobacteria;c__Actinobacteria;o__Actinomycetales;f__Corynebacteriaceae	0.000120192307692	0.0	0.000113160574856	0.000110314396029	0.000943730093193	0.000202798620969	0.0	0.0	0.282082820828	0.291521059408	0.0285645122246	0.0460966542751	0.00567054153672	0.0912052117264	0.128647214854	0.0631433095804	0.0	0.321331521739	0.289877300613	0.0486223662885	0.0403225806452	0.0	0.110259917921	0.112381540997	0.0929338806883	0.00159680638723	0.0	0.000459558823529	0.00170068027211	0.0	0.000470145745181	0.000253742704897	0.00041203131438	0.0
k__Bacteria;p__Actinobacteria;c__Actinobacteria;o__Actinomycetales;f__Dermabacteraceae	0.0	0.0	0.0	0.0	0.0	0.0	0.0	0.0	0.000615006150062	0.00128747471032	0.000484144274994	0.000247831474597	0.0	0.00108577633008	0.000663129973475	0.000593824228029	0.0	0.000679347826087	0.000766871165644	0.000810372771475	0.00161290322581	0.0	0.000911992704058	0.000721054800165	0.000436719364137	0.0	0.0	0.0	0.0	0.0	0.0	0.0	0.0	0.0
k__Bacteria;p__Actinobacteria;c__Actinobacteria;o__Actinomycetales;f__Dermacoccaceae	0.0	0.0	0.0	0.0	0.0	0.0	0.0	0.0	0.000205002050021	0.0	0.0	0.0	0.0	0.0	0.000994694960212	0.0	0.0	0.00135869565217	0.0	0.0	0.000806451612903	0.0	0.000182398540812	0.000103007828595	0.0	0.0	0.0	0.0	0.0	0.0	0.0	0.0	0.0	0.0
k__Bacteria;p__Actinobacteria;c__Actinobacteria;o__Actinomycetales;f__Dermatophilaceae	0.0	0.0	0.0	0.0	0.0	0.0	0.0	0.0	0.0	0.000183924958617	0.000242072137497	0.000247831474597	0.0	0.0	0.000663129973475	0.0	0.0	0.0	0.0	0.0	0.000806451612903	0.0	0.000364797081623	0.000103007828595	0.0	0.0	0.0	0.0	0.0	0.0	0.0	0.0	0.0	0.0
k__Bacteria;p__Actinobacteria;c__Actinobacteria;o__Actinomycetales;f__Dietziaceae	0.0	0.0	0.0	0.0	0.0	0.0	0.0	0.0	0.000410004100041	0.000735699834468	0.000968288549988	0.000743494423792	0.0	0.00108577633008	0.000331564986737	0.0	0.0	0.000679347826087	0.000766871165644	0.0	0.00161290322581	0.0	0.000182398540812	0.000309023485785	8.73438728273e-05	0.0	0.0	0.0	0.0	0.0	0.0	0.0	0.0	0.0
k__Bacteria;p__Actinobacteria;c__Actinobacteria;o__Actinomycetales;f__Geodermatophilaceae	0.0	0.0	0.0	0.0	0.0	0.0	0.0	0.000132485426603	0.000205002050021	0.000367849917234	0.0	0.000743494423792	0.0	0.000542888165038	0.000331564986737	0.0	0.0	0.0	0.0	0.0	0.00241935483871	0.0	0.00145918832649	0.00020601565719	0.0	0.0	0.0	0.0	0.0	0.0	0.0	0.0	0.0	0.0
k__Bacteria;p__Actinobacteria;c__Actinobacteria;o__Actinomycetales;f__Intrasporangiaceae	0.0	0.0	0.0	0.0	0.0	0.0	0.0	0.0	0.000205002050021	0.000551774875851	0.000968288549988	0.00470879801735	0.0	0.00108577633008	0.000994694960212	0.0	0.0	0.000679347826087	0.0	0.00243111831442	0.00322580645161	0.0	0.00264477884177	0.00154511742892	8.73438728273e-05	0.0	0.0	0.0	0.0	0.0	0.0	0.0	0.0	0.0
k__Bacteria;p__Actinobacteria;c__Actinobacteria;o__Actinomycetales;f__Kineosporiaceae	0.0	0.0	0.0	0.0	0.0	0.0	0.0	0.0	0.0	0.0	0.0	0.000495662949195	0.0	0.0	0.0	0.0	0.0	0.000679347826087	0.0	0.0	0.0	0.0	0.000820793433653	0.00020601565719	0.0	0.0	0.0	0.0	0.0	0.0	0.0	0.0	0.0	0.0
k__Bacteria;p__Actinobacteria;c__Actinobacteria;o__Actinomycetales;f__Microbacteriaceae	0.0	0.0	0.0	0.0	0.0	0.0	0.0	0.0	0.00164001640016	0.00239102446202	0.00338900992496	0.00817843866171	0.0	0.00380021715527	0.00165782493369	0.0	0.0	0.0	0.000766871165644	0.00486223662885	0.00967741935484	0.0	0.00711354309166	0.00267820354347	8.73438728273e-05	0.0	0.0	0.0	0.0	0.0	0.0	0.0	0.0	0.0
k__Bacteria;p__Actinobacteria;c__Actinobacteria;o__Actinomycetales;f__Micrococcaceae	0.000120192307692	0.000102113754723	0.0	0.0	0.0	0.0	0.000139567341242	0.0	0.00574005740057	0.0193121206548	0.00847252481239	0.0163568773234	0.0371420470655	0.00922909880565	0.00729442970822	0.00950118764846	0.0	0.00747282608696	0.0230061349693	0.0121555915721	0.0129032258065	0.0	0.0124031007752	0.0128759785744	0.0092584505197	0.0830339321357	0.0343087790111	0.0243566176471	0.0412414965986	0.0129916997474	0.054536906441	0.0168738898757	0.0383189122373	0.00528851803972
k__Bacteria;p__Actinobacteria;c__Actinobacteria;o__Actinomycetales;f__Mycobacteriaceae	0.0	0.0	0.0	0.0	0.0	0.0	0.0	0.0	0.0	0.000367849917234	0.0	0.000495662949195	0.0	0.000542888165038	0.0	0.000197941409343	0.0	0.0	0.000766871165644	0.00162074554295	0.00161290322581	0.0	0.00127678978568	0.000103007828595	0.0	0.0	0.0	0.0	0.0	0.0	0.0	0.0	0.0	0.0
k__Bacteria;p__Actinobacteria;c__Actinobacteria;o__Actinomycetales;f__Nakamurellaceae	0.0	0.0	0.0	0.0	0.0	0.0	0.0	0.0	0.0	0.0	0.000484144274994	0.000991325898389	0.0	0.0	0.000663129973475	0.0	0.0	0.000679347826087	0.0	0.0	0.0	0.0	0.000547195622435	0.00020601565719	0.0	0.0	0.0	0.0	0.0	0.0	0.0	0.0	0.0	0.0
k__Bacteria;p__Actinobacteria;c__Actinobacteria;o__Actinomycetales;f__Nocardiaceae	0.0	0.0	0.0	0.0	0.0	0.0	0.0	0.0	0.00164001640016	0.000183924958617	0.000242072137497	0.00148698884758	0.0	0.00217155266015	0.000331564986737	0.0	0.0	0.0	0.0	0.0032414910859	0.00322580645161	0.0	0.00246238030096	0.00154511742892	0.000174687745655	0.0	0.0	0.0	0.0	0.0	0.0	0.0	0.0	0.0
k__Bacteria;p__Actinobacteria;c__Actinobacteria;o__Actinomycetales;f__Nocardioidaceae	0.0	0.0	0.0	0.000110314396029	0.0	0.0	0.0	0.0	0.00143501435014	0.0011035497517	0.00314693778746	0.00495662949195	0.0	0.00217155266015	0.00165782493369	0.000197941409343	0.0	0.00135869565217	0.00306748466258	0.00243111831442	0.00887096774194	0.000641848523748	0.00665754673963	0.00175113308611	0.000174687745655	0.0	0.0	0.0	0.0	0.0	0.0	0.0	0.0	0.0
k__Bacteria;p__Actinobacteria;c__Actinobacteria;o__Actinomycetales;f__Nocardiopsaceae	0.0	0.0	0.0	0.0	0.0	0.0	0.0	0.0	0.0	0.0	0.0	0.0	0.0	0.0	0.0	0.0	0.0	0.0	0.0	0.0	0.0	0.0	9.11992704058e-05	0.000103007828595	0.0	0.0	0.0	0.0	0.0	0.0	0.0	0.0	0.0	0.0
k__Bacteria;p__Actinobacteria;c__Actinobacteria;o__Actinomycetales;f__Promicromonosporaceae	0.0	0.0	0.0	0.0	0.0	0.0	0.0	0.0	0.0	0.0	0.0	0.000495662949195	0.0	0.0	0.0	0.0	0.0	0.0	0.0	0.0	0.0	0.0	0.0	0.0	0.0	0.0	0.0	0.0	0.0	0.0	0.0	0.0	0.0	0.0
k__Bacteria;p__Actinobacteria;c__Actinobacteria;o__Actinomycetales;f__Propionibacteriaceae	0.0	0.0	0.0	0.0	0.0	0.0	0.0	0.0	0.00205002050021	0.00772484826191	0.000726216412491	0.00223048327138	0.000141763538418	0.0217155266015	0.00862068965517	0.00811559778306	0.0	0.00679347826087	0.00996932515337	0.00162074554295	0.0	0.0	0.0114911080711	0.0104037906881	0.0028823478033	0.0	0.0	0.0	0.000425170068027	0.0	0.0	0.0	0.0	0.000117522623105
k__Bacteria;p__Actinobacteria;c__Actinobacteria;o__Actinomycetales;f__Pseudonocardiaceae	0.0	0.0	0.0	0.0	0.0	0.0	0.0	0.0	0.000410004100041	0.000183924958617	0.00121036068748	0.000743494423792	0.0	0.000542888165038	0.000331564986737	0.0	0.0	0.000679347826087	0.000766871165644	0.0	0.0	0.0	0.00164158686731	0.00061804697157	0.0	0.0	0.0	0.0	0.0	0.0	0.0	0.0	0.0	0.0
k__Bacteria;p__Actinobacteria;c__Actinobacteria;o__Actinomycetales;f__Sporichthyaceae	0.0	0.0	0.0	0.0	0.0	0.0	0.0	0.0	0.000205002050021	0.0	0.000726216412491	0.000743494423792	0.0	0.0	0.000331564986737	0.0	0.0	0.0	0.0	0.0	0.0	0.0	0.000638394892841	0.000103007828595	0.0	0.0	0.0	0.0	0.0	0.0	0.0	0.0	0.0	0.0
k__Bacteria;p__Actinobacteria;c__Actinobacteria;o__Actinomycetales;f__Streptomycetaceae	0.0	0.0	0.0	0.0	0.0	0.0	0.0	0.0	0.000205002050021	0.0	0.0	0.0	0.0	0.0	0.0	0.0	0.0	0.0	0.0	0.0	0.0	0.0	9.11992704058e-05	0.00020601565719	0.0	0.0	0.0	0.0	0.0	0.0	0.0	0.0	0.0	0.0
k__Bacteria;p__Actinobacteria;c__Actinobacteria;o__Actinomycetales;f__Streptosporangiaceae	0.0	0.0	0.0	0.0	0.0	0.0	0.0	0.0	0.0	0.0	0.000242072137497	0.000247831474597	0.0	0.0	0.0	0.0	0.0	0.0	0.0	0.000810372771475	0.0	0.0	9.11992704058e-05	0.0	0.0	0.0	0.0	0.0	0.0	0.0	0.0	0.0	0.0	0.0
k__Bacteria;p__Actinobacteria;c__Actinobacteria;o__Actinomycetales;f__Williamsiaceae	0.0	0.0	0.0	0.0	0.0	0.0	0.0	0.0	0.0	0.0	0.000242072137497	0.000247831474597	0.0	0.0	0.000331564986737	0.000197941409343	0.0	0.000679347826087	0.0	0.0	0.0	0.0	0.000911992704058	0.00020601565719	0.0	0.0	0.0	0.0	0.0	0.0	0.0	0.0	0.0	0.0
k__Bacteria;p__Actinobacteria;c__Actinobacteria;o__Actinomycetales;f__Yaniellaceae	0.0	0.0	0.0	0.0	0.0	0.0	0.0	0.0	0.0	0.000183924958617	0.0	0.000247831474597	0.0	0.0	0.000331564986737	0.0	0.0	0.0	0.0	0.0	0.0	0.0	0.000273597811218	0.0	0.0	0.0	0.0	0.0	0.0	0.0	0.0	0.0	0.0	0.0
k__Bacteria;p__Actinobacteria;c__Actinobacteria;o__Bifidobacteriales;f__Bifidobacteriaceae	0.0	0.0	0.0	0.0	0.0	0.0	0.000418702023726	0.000132485426603	0.000205002050021	0.000551774875851	0.0	0.0	0.000141763538418	0.0	0.0	0.00296912114014	0.0	0.0	0.0	0.0	0.0	0.0	0.000364797081623	0.0	0.000436719364137	0.0	0.0	0.0	0.0	0.0	0.0	0.0	0.0	0.0
k__Bacteria;p__Actinobacteria;c__Coriobacteriia;o__Coriobacteriales;f__Coriobacteriaceae	0.0	0.000102113754723	0.000113160574856	0.0	0.0	0.000202798620969	0.000279134682484	0.0	0.000205002050021	0.000367849917234	0.0	0.000247831474597	0.000141763538418	0.0	0.0	0.0055423594616	0.0	0.0	0.0	0.0	0.0	0.0	0.000455996352029	0.0	0.0019215652022	0.000399201596806	0.00050454086781	0.00275735294118	0.0	0.000360880548538	0.000470145745181	0.00088809946714	0.00109875017168	0.00176283934657
k__Bacteria;p__Actinobacteria;c__MB-A2-108;o__0319-7L14;f__	0.0	0.0	0.0	0.0	0.0	0.0	0.0	0.0	0.0	0.0	0.0	0.000247831474597	0.0	0.0	0.0	0.0	0.0	0.0	0.0	0.0	0.0	0.0	0.000364797081623	0.000103007828595	0.0	0.0	0.0	0.0	0.0	0.0	0.0	0.0	0.0	0.0
k__Bacteria;p__Actinobacteria;c__Nitriliruptoria;o__Euzebyales;f__Euzebyaceae	0.0	0.0	0.0	0.0	0.0	0.0	0.0	0.0	0.0	0.000551774875851	0.0	0.000495662949195	0.0	0.000542888165038	0.0	0.0	0.0	0.0	0.0	0.0	0.00161290322581	0.0	9.11992704058e-05	0.0	0.0	0.0	0.0	0.0	0.0	0.0	0.0	0.0	0.0	0.0
k__Bacteria;p__Actinobacteria;c__Nitriliruptoria;o__Nitriliruptorales;f__Nitriliruptoraceae	0.0	0.0	0.0	0.0	0.0	0.0	0.0	0.0	0.0	0.0	0.0	0.0	0.0	0.0	0.0	0.0	0.0	0.0	0.0	0.0	0.0	0.0	0.000182398540812	0.0	0.0	0.0	0.0	0.0	0.0	0.0	0.0	0.0	0.0	0.0
k__Bacteria;p__Actinobacteria;c__Rubrobacteria;o__Rubrobacterales;f__Rubrobacteraceae	0.0	0.0	0.0	0.0	0.0	0.0	0.0	0.0	0.000205002050021	0.0	0.0	0.000743494423792	0.0	0.000542888165038	0.0	0.0	0.0	0.000679347826087	0.0	0.0	0.0	0.0	0.000455996352029	0.000515039142975	0.0	0.0	0.0	0.0	0.0	0.0	0.0	0.0	0.0	0.0
k__Bacteria;p__Actinobacteria;c__Thermoleophilia;o__Gaiellales;f__Gaiellaceae	0.0	0.0	0.0	0.0	0.0	0.0	0.0	0.0	0.0	0.000183924958617	0.000726216412491	0.00148698884758	0.0	0.00108577633008	0.000331564986737	0.000197941409343	0.0	0.0	0.00153374233129	0.00162074554295	0.00161290322581	0.0	0.00182398540812	0.000309023485785	0.0	0.0	0.0	0.0	0.0	0.0	0.0	0.0	0.0	0.0
k__Bacteria;p__Actinobacteria;c__Thermoleophilia;o__Solirubrobacterales;f__	0.0	0.0	0.000113160574856	0.0	0.0	0.0	0.0	0.0	0.000615006150062	0.0	0.00217864923747	0.00198265179678	0.0	0.00108577633008	0.000331564986737	0.0	0.0	0.00135869565217	0.0	0.000810372771475	0.0	0.0	0.00164158686731	0.000309023485785	0.0	0.0	0.0	0.0	0.0	0.0	0.0	0.0	0.0	0.0
k__Bacteria;p__Actinobacteria;c__Thermoleophilia;o__Solirubrobacterales;f__Conexibacteraceae	0.0	0.0	0.0	0.0	0.0	0.0	0.0	0.0	0.0	0.0	0.0	0.0	0.0	0.0	0.0	0.0	0.0	0.0	0.0	0.0	0.0	0.0	9.11992704058e-05	0.000103007828595	0.0	0.0	0.0	0.0	0.0	0.0	0.0	0.0	0.0	0.0
k__Bacteria;p__Actinobacteria;c__Thermoleophilia;o__Solirubrobacterales;f__Patulibacteraceae	0.0	0.0	0.0	0.0	0.0	0.0	0.0	0.0	0.000410004100041	0.0	0.000242072137497	0.0	0.0	0.000542888165038	0.000331564986737	0.0	0.0	0.0	0.0	0.0	0.0	0.0	0.000364797081623	0.000103007828595	0.0	0.0	0.0	0.0	0.0	0.0	0.0	0.0	0.0	0.0
k__Bacteria;p__Actinobacteria;c__Thermoleophilia;o__Solirubrobacterales;f__Solirubrobacteraceae	0.0	0.0	0.0	0.0	0.0	0.0	0.0	0.0	0.0	0.0	0.0	0.000743494423792	0.0	0.000542888165038	0.0	0.0	0.0	0.0	0.0	0.0	0.0	0.0	0.000455996352029	0.0	0.0	0.0	0.0	0.0	0.0	0.0	0.0	0.0	0.0	0.0
k__Bacteria;p__Armatimonadetes;c__Armatimonadia;o__Armatimonadales;f__Armatimonadaceae	0.0	0.0	0.0	0.0	0.0	0.0	0.0	0.0	0.0	0.0	0.0	0.0	0.0	0.0	0.0	0.0	0.0	0.0	0.0	0.0	0.0	0.0	0.000182398540812	0.0	0.0	0.0	0.0	0.0	0.0	0.0	0.0	0.0	0.0	0.0
k__Bacteria;p__Armatimonadetes;c__[Fimbriimonadia];o__[Fimbriimonadales];f__[Fimbriimonadaceae]	0.0	0.0	0.0	0.0	0.0	0.0	0.0	0.0	0.0	0.0	0.0	0.000247831474597	0.0	0.0	0.0	0.0	0.0	0.0	0.0	0.0	0.0	0.0	0.000273597811218	0.0	0.0	0.0	0.0	0.0	0.0	0.0	0.0	0.0	0.0	0.0
k__Bacteria;p__Bacteroidetes;c__Bacteroidia;o__Bacteroidales;f__	0.0	0.0	0.0	0.0	0.0	0.0	0.0	0.0	0.0	0.0	0.0	0.0	0.0	0.0	0.0	0.000989707046714	0.0	0.0	0.0	0.0	0.0	0.0	0.0	0.0	0.000698750982619	0.0	0.0	0.0	0.0	0.0	0.0	0.0	0.0	0.000117522623105
k__Bacteria;p__Bacteroidetes;c__Bacteroidia;o__Bacteroidales;f__Bacteroidaceae	0.653966346154	0.545900132748	0.626683263551	0.598676227248	0.675592780465	0.608091664977	0.489741800419	0.487281399046	0.00369003690037	0.00183924958617	0.00726216412491	0.0161090458488	0.000425290615254	0.0228013029316	0.00629973474801	0.00217735550277	0.682226211849	0.00271739130435	0.00460122699387	0.0105348460292	0.0104838709677	0.646341463415	0.00273597811218	0.00679851668727	0.000436719364137	0.00359281437126	0.00454086781029	0.00137867647059	0.00212585034014	0.00144352219415	0.00423131170663	0.00126871352449	0.00096140640022	0.00105770360794
k__Bacteria;p__Bacteroidetes;c__Bacteroidia;o__Bacteroidales;f__Porphyromonadaceae	0.0	0.0	0.000113160574856	0.00209597352454	0.0152176477527	0.0231190427905	0.0713189113747	0.0272919978802	0.00656006560066	0.0104837226412	0.00944081336238	0.0198265179678	0.103629146583	0.00922909880565	0.00762599469496	0.0267220902613	0.0	0.000679347826087	0.010736196319	0.0064829821718	0.0185483870968	0.0173299101412	0.00984952120383	0.00690152451586	0.0180801816753	0.00239520958084	0.0110998990918	0.00183823529412	0.0178571428571	0.0216528329123	0.0907381288199	0.0376807916772	0.0734789177311	0.0398401692326
k__Bacteria;p__Bacteroidetes;c__Bacteroidia;o__Bacteroidales;f__Prevotellaceae	0.000360576923077	0.000102113754723	0.000226321149711	0.0101489244346	0.00778577326885	0.0	0.000139567341242	0.0	0.00656006560066	0.0305315431304	0.00411522633745	0.0089219330855	0.0470654947547	0.00977198697068	0.0053050397878	0.112034837688	0.00179533213645	0.00271739130435	0.0122699386503	0.0129659643436	0.00806451612903	0.00320924261874	0.00911992704058	0.00515039142975	0.0346755175124	0.109381237525	0.06912209889	0.368566176471	0.078656462585	0.189823168531	0.0559473436765	0.0413600608982	0.0416151627524	0.301798096134
k__Bacteria;p__Bacteroidetes;c__Bacteroidia;o__Bacteroidales;f__Rikenellaceae	0.0	0.000612682528337	0.000565802874279	0.000441257584115	0.0153356140144	0.0384303386737	0.0488485694348	0.0296767355591	0.0	0.0	0.0	0.000247831474597	0.0	0.0	0.0	0.000197941409343	0.0	0.0	0.0	0.000810372771475	0.0	0.0211810012837	0.0	0.000309023485785	0.0	0.0	0.0	0.0	0.0	0.0	0.0	0.0	0.00013734377146	0.000117522623105
k__Bacteria;p__Bacteroidetes;c__Bacteroidia;o__Bacteroidales;f__S24-7	0.0	0.0	0.0	0.0	0.0	0.0	0.0	0.0	0.0010250102501	0.0	0.0	0.0	0.0	0.0	0.0	0.0	0.0	0.0	0.0	0.0	0.0	0.0	0.000182398540812	0.00020601565719	0.0	0.0	0.0	0.0	0.0	0.0	0.0	0.0	0.0	0.0
k__Bacteria;p__Bacteroidetes;c__Bacteroidia;o__Bacteroidales;f__[Barnesiellaceae]	0.0	0.0	0.0	0.0	0.0	0.000811194483878	0.00153524075366	0.00198728139905	0.0	0.0	0.0	0.0	0.0	0.0	0.0	0.0	0.0	0.0	0.0	0.0	0.0	0.0	0.0	0.0	0.0	0.0	0.0	0.0	0.0	0.0	0.0	0.0	0.0	0.0
k__Bacteria;p__Bacteroidetes;c__Bacteroidia;o__Bacteroidales;f__[Odoribacteraceae]	0.0	0.0	0.0	0.0	0.0	0.00365037517745	0.00697836706211	0.00463698993111	0.0	0.0	0.0	0.0	0.0	0.0	0.0	0.0	0.0	0.0	0.0	0.0	0.0	0.0	0.0	0.00041203131438	0.0	0.0	0.0	0.0	0.0	0.0	0.0	0.0	0.0	0.0
k__Bacteria;p__Bacteroidetes;c__Bacteroidia;o__Bacteroidales;f__[Paraprevotellaceae]	0.0144230769231	0.0373736342285	0.00905284598846	0.00441257584115	0.0	0.0	0.0	0.0	0.00410004100041	0.0215192201582	0.0077463083999	0.0131350681537	0.00226821661469	0.00488599348534	0.00895225464191	0.0251385589865	0.0170556552962	0.00475543478261	0.00613496932515	0.0534846029173	0.0104838709677	0.0	0.00346557227542	0.00999175937371	0.0179054939296	0.00159680638723	0.0	0.0211397058824	0.0046768707483	0.00144352219415	0.00188058298072	0.00241055569652	0.00659250103008	0.0770948407568
k__Bacteria;p__Bacteroidetes;c__Cytophagia;o__Cytophagales;f__Cytophagaceae	0.0	0.0	0.0	0.0	0.0	0.0	0.0	0.0	0.00123001230012	0.00183924958617	0.00266279351247	0.00495662949195	0.0	0.0043431053203	0.00232095490716	0.00257323832146	0.0	0.000679347826087	0.00230061349693	0.00243111831442	0.00725806451613	0.0	0.00538075695394	0.00288421920066	0.0512708533496	0.0	0.0	0.0	0.0	0.0	0.0	0.0	0.0	0.0
k__Bacteria;p__Bacteroidetes;c__Cytophagia;o__Cytophagales;f__Flammeovirgaceae	0.0	0.0	0.0	0.0	0.0	0.0	0.0	0.0	0.000410004100041	0.0	0.0	0.0	0.0	0.0	0.0	0.0	0.0	0.0	0.0	0.0	0.0	0.0	0.0	0.0	0.0	0.0	0.0	0.0	0.0	0.0	0.0	0.0	0.0	0.0
k__Bacteria;p__Bacteroidetes;c__Flavobacteriia;o__Flavobacteriales;f__Cryomorphaceae	0.0	0.0	0.0	0.0	0.0	0.0	0.0	0.0	0.0	0.0	0.0	0.000743494423792	0.0	0.0	0.0	0.0	0.0	0.0	0.0	0.0	0.0	0.0	0.0	0.00020601565719	0.0	0.0	0.0	0.0	0.0	0.0	0.0	0.0	0.0	0.0
k__Bacteria;p__Bacteroidetes;c__Flavobacteriia;o__Flavobacteriales;f__Flavobacteriaceae	0.0	0.0	0.0	0.0	0.0	0.0	0.0	0.0	0.000820008200082	0.00275887437925	0.0198499152748	0.031970260223	0.00141763538418	0.00488599348534	0.0026525198939	0.0166270783848	0.0	0.00135869565217	0.00153374233129	0.00729335494327	0.0217741935484	0.0	0.0047423620611	0.0061804697157	0.00794829242729	0.000399201596806	0.0	0.000919117647059	0.00212585034014	0.0	0.000470145745181	0.000253742704897	0.00082406262876	0.00129274885415
k__Bacteria;p__Bacteroidetes;c__Flavobacteriia;o__Flavobacteriales;f__[Weeksellaceae]	0.0	0.0	0.0	0.0	0.0	0.0	0.0	0.0	0.00307503075031	0.00257494942064	0.00314693778746	0.0275092936803	0.00170116246102	0.00760043431053	0.00165782493369	0.00475059382423	0.0	0.000679347826087	0.000766871165644	0.0032414910859	0.0258064516129	0.0	0.00574555403557	0.00494437577256	0.00305703554896	0.00159680638723	0.00050454086781	0.0	0.000425170068027	0.000360880548538	0.000470145745181	0.00101497081959	0.00096140640022	0.00152779410036
k__Bacteria;p__Bacteroidetes;c__Sphingobacteriia;o__Sphingobacteriales;f__	0.0	0.0	0.0	0.0	0.0	0.0	0.0	0.0	0.000410004100041	0.0	0.0	0.0	0.0	0.0	0.0	0.0	0.0	0.0	0.0	0.0	0.0	0.0	0.0	0.0	0.0	0.0	0.0	0.0	0.0	0.0	0.0	0.0	0.0	0.0
k__Bacteria;p__Bacteroidetes;c__Sphingobacteriia;o__Sphingobacteriales;f__Sphingobacteriaceae	0.0	0.0	0.0	0.0	0.0	0.0	0.0	0.0	0.00123001230012	0.00128747471032	0.0496247881869	0.0114002478315	0.0	0.00597176981542	0.00497347480106	0.0	0.0	0.00135869565217	0.0	0.0226904376013	0.00564516129032	0.0	0.00483356133151	0.0040173053152	0.0	0.0	0.0	0.0	0.0	0.0	0.0	0.0	0.00013734377146	0.0
k__Bacteria;p__Bacteroidetes;c__VC2_1_Bac22;o__;f__	0.0	0.0	0.0	0.0	0.0	0.0	0.0	0.0	0.0	0.0	0.0	0.0	0.0	0.0	0.0	0.0	0.0	0.0	0.0	0.0	0.0	0.0	0.000182398540812	0.0	0.0	0.0	0.0	0.0	0.0	0.0	0.0	0.0	0.0	0.0
k__Bacteria;p__Bacteroidetes;c__[Rhodothermi];o__[Rhodothermales];f__Rhodothermaceae	0.0	0.0	0.0	0.0	0.0	0.0	0.0	0.0	0.0	0.0	0.0	0.0	0.0	0.0	0.0	0.0	0.0	0.0	0.0	0.0	0.0	0.0	0.000273597811218	0.0	0.0	0.0	0.0	0.0	0.0	0.0	0.0	0.0	0.0	0.0
k__Bacteria;p__Bacteroidetes;c__[Saprospirae];o__[Saprospirales];f__Chitinophagaceae	0.0	0.0	0.0	0.0	0.0	0.000101399310485	0.0	0.0	0.0010250102501	0.00128747471032	0.00387315419995	0.00644361833953	0.0	0.0043431053203	0.0	0.0	0.0	0.000679347826087	0.00153374233129	0.00243111831442	0.00322580645161	0.0	0.00291837665299	0.00113308611454	0.0	0.0	0.0	0.0	0.0	0.0	0.0	0.0	0.0	0.0
k__Bacteria;p__Chloroflexi;c__Anaerolineae;o__Caldilineales;f__Caldilineaceae	0.0	0.0	0.0	0.0	0.0	0.0	0.0	0.0	0.0	0.0	0.000242072137497	0.0	0.0	0.0	0.0	0.0	0.0	0.0	0.0	0.0	0.0	0.0	0.000273597811218	0.0	0.0	0.0	0.0	0.0	0.0	0.0	0.0	0.0	0.0	0.0
k__Bacteria;p__Chloroflexi;c__Ellin6529;o__;f__	0.0	0.0	0.0	0.0	0.0	0.0	0.0	0.0	0.000410004100041	0.0	0.0	0.000743494423792	0.0	0.0	0.0	0.0	0.0	0.0	0.000766871165644	0.0	0.0	0.0	0.000273597811218	0.000103007828595	0.0	0.0	0.0	0.0	0.0	0.0	0.0	0.0	0.0	0.0
k__Bacteria;p__Chloroflexi;c__Gitt-GS-136;o__;f__	0.0	0.0	0.0	0.0	0.0	0.0	0.0	0.0	0.000410004100041	0.0	0.000242072137497	0.000991325898389	0.0	0.0	0.000331564986737	0.0	0.0	0.0	0.0	0.0	0.000806451612903	0.0	0.000182398540812	0.00041203131438	0.0	0.0	0.0	0.0	0.0	0.0	0.0	0.0	0.0	0.0
k__Bacteria;p__Cyanobacteria;c__Chloroplast;o__Chlorophyta;f__	0.0	0.0	0.0	0.0	0.0	0.0	0.0	0.0	0.000820008200082	0.0	0.0	0.000495662949195	0.0	0.000542888165038	0.0	0.0	0.0	0.000679347826087	0.0	0.0	0.0	0.0	0.000638394892841	0.0	0.0	0.0	0.0	0.0	0.0	0.0	0.0	0.0	0.0	0.0
k__Bacteria;p__Cyanobacteria;c__Chloroplast;o__Chlorophyta;f__Trebouxiophyceae	0.0	0.0	0.0	0.0	0.0	0.0	0.0	0.0	0.0	0.0	0.0	0.000743494423792	0.0	0.0	0.0	0.0	0.0	0.0	0.0	0.0	0.0	0.0	0.0	0.0	0.0	0.0	0.0	0.0	0.0	0.0	0.0	0.0	0.0	0.0
k__Bacteria;p__Cyanobacteria;c__Chloroplast;o__Streptophyta;f__	0.0	0.0	0.0	0.000110314396029	0.0	0.000304197931454	0.000139567341242	0.000132485426603	0.0184501845018	0.00275887437925	0.0505930767369	0.0693928128872	0.00141763538418	0.0363735070575	0.0208885941645	0.00296912114014	0.0	0.0740489130435	0.00536809815951	0.0453808752026	0.118548387097	0.0	0.0599179206566	0.0250309023486	0.00524063236964	0.130538922156	0.00050454086781	0.0	0.000425170068027	0.00288704438831	0.000940291490362	0.0	0.00013734377146	0.000117522623105
k__Bacteria;p__Deferribacteres;c__Deferribacteres;o__Deferribacterales;f__Deferribacteraceae	0.0	0.0	0.0	0.0	0.0	0.0	0.0	0.0	0.000410004100041	0.0	0.0	0.0	0.0	0.0	0.0	0.0	0.0	0.0	0.0	0.0	0.0	0.0	0.000182398540812	0.0	0.0	0.0	0.0	0.0	0.0	0.0	0.0	0.0	0.0	0.0
k__Bacteria;p__Firmicutes;c__Bacilli;Other;Other	0.0	0.0	0.0	0.0	0.0	0.0	0.0	0.0	0.0010250102501	0.00183924958617	0.00121036068748	0.00123915737299	0.000850581230508	0.0	0.000994694960212	0.00475059382423	0.0	0.00203804347826	0.00230061349693	0.00405186385737	0.00322580645161	0.0	0.000273597811218	0.00133910177173	0.00690016595336	0.0	0.0	0.000459558823529	0.0	0.000360880548538	0.000470145745181	0.0	0.00109875017168	0.000587613115525
k__Bacteria;p__Firmicutes;c__Bacilli;o__Bacillales;Other	0.0	0.0	0.0	0.0	0.0	0.0	0.0	0.0	0.000205002050021	0.000551774875851	0.000484144274994	0.000991325898389	0.0	0.000542888165038	0.000331564986737	0.0	0.0	0.0	0.0	0.00243111831442	0.00241935483871	0.0	0.00118559051528	0.000927070457355	0.000174687745655	0.0	0.0	0.0	0.0	0.0	0.0	0.0	0.0	0.0
k__Bacteria;p__Firmicutes;c__Bacilli;o__Bacillales;f__	0.0	0.0	0.0	0.0	0.0	0.0	0.0	0.0	0.0	0.0	0.000242072137497	0.000495662949195	0.0	0.0	0.0	0.0	0.0	0.000679347826087	0.0	0.0	0.0	0.0	0.000455996352029	0.0	0.0	0.0	0.0	0.0	0.0	0.0	0.0	0.0	0.0	0.0
k__Bacteria;p__Firmicutes;c__Bacilli;o__Bacillales;f__Alicyclobacillaceae	0.0	0.0	0.0	0.0	0.0	0.0	0.0	0.0	0.0010250102501	0.000919624793084	0.000242072137497	0.0	0.0	0.000542888165038	0.0	0.0	0.0	0.0	0.0	0.000810372771475	0.0	0.0	0.000455996352029	0.00020601565719	0.0	0.0	0.0	0.0	0.0	0.0	0.000470145745181	0.0	0.0	0.0
k__Bacteria;p__Firmicutes;c__Bacilli;o__Bacillales;f__Bacillaceae	0.0	0.0	0.0	0.0	0.0	0.0	0.0	0.0	0.000205002050021	0.000551774875851	0.00266279351247	0.0111524163569	0.000283527076836	0.0	0.00431034482759	0.0	0.0	0.00203804347826	0.000766871165644	0.00405186385737	0.0104838709677	0.0	0.000820793433653	0.00432632880099	0.0	0.000399201596806	0.0	0.0	0.0	0.000360880548538	0.0	0.0	0.00054937508584	0.0
k__Bacteria;p__Firmicutes;c__Bacilli;o__Bacillales;f__Paenibacillaceae	0.0	0.0	0.0	0.0	0.0	0.0	0.0	0.0	0.0	0.0	0.0	0.0	0.0	0.0	0.0	0.0	0.0	0.0	0.0	0.000810372771475	0.0	0.0	0.000455996352029	0.0	0.0	0.0	0.0	0.0	0.0	0.0	0.0	0.0	0.0	0.0
k__Bacteria;p__Firmicutes;c__Bacilli;o__Bacillales;f__Planococcaceae	0.0	0.0	0.0	0.0	0.0	0.0	0.0	0.0	0.00123001230012	0.000183924958617	0.00121036068748	0.00148698884758	0.000567054153672	0.00162866449511	0.000331564986737	0.0	0.0	0.00135869565217	0.00153374233129	0.00162074554295	0.00241935483871	0.0	0.00218878248974	0.00061804697157	0.000786094855446	0.000399201596806	0.00050454086781	0.000459558823529	0.0	0.0	0.000940291490362	0.0	0.0	0.0
k__Bacteria;p__Firmicutes;c__Bacilli;o__Bacillales;f__Staphylococcaceae	0.0	0.0	0.0	0.0	0.0	0.000405597241939	0.000697836706211	0.000132485426603	0.020090200902	0.0524186132058	0.0237230694747	0.0156133828996	0.000992344768925	0.173181324647	0.12698938992	0.0267220902613	0.0	0.0475543478261	0.11963190184	0.0575364667747	0.00967741935484	0.0	0.147651618787	0.169859909353	0.0496986636387	0.000399201596806	0.0	0.000459558823529	0.000425170068027	0.00108264164562	0.000940291490362	0.0	0.0	0.000117522623105
k__Bacteria;p__Firmicutes;c__Bacilli;o__Bacillales;f__[Exiguobacteraceae]	0.0	0.0	0.0	0.0	0.0	0.0	0.0	0.0	0.0	0.0	0.0	0.000247831474597	0.0	0.0	0.000663129973475	0.0	0.0	0.0	0.0	0.0	0.0	0.0	0.000364797081623	0.0	8.73438728273e-05	0.0	0.0	0.0	0.0	0.0	0.0	0.0	0.0	0.0
k__Bacteria;p__Firmicutes;c__Bacilli;o__Gemellales;f__Gemellaceae	0.0	0.0	0.000113160574856	0.000110314396029	0.0	0.000101399310485	0.0	0.0	0.00389503895039	0.0121390472687	0.00217864923747	0.00396530359356	0.00765523107457	0.00325732899023	0.0109416445623	0.00376088677751	0.0	0.00203804347826	0.013036809816	0.00567260940032	0.00564516129032	0.0	0.00401276789786	0.0140090646889	0.0125775176871	0.0111776447106	0.0110998990918	0.00735294117647	0.00680272108844	0.0162396246842	0.0075223319229	0.00241055569652	0.00494437577256	0.00117522623105
k__Bacteria;p__Firmicutes;c__Bacilli;o__Lactobacillales;Other	0.0	0.000102113754723	0.0	0.0	0.0	0.000101399310485	0.0	0.0	0.000820008200082	0.00312672429649	0.000484144274994	0.000495662949195	0.00864757584349	0.00271444082519	0.000994694960212	0.00178147268409	0.000897666068223	0.00135869565217	0.00460122699387	0.00243111831442	0.000806451612903	0.0	0.0031007751938	0.00422332097239	0.00436719364137	0.0275449101796	0.0146316851665	0.0124080882353	0.0178571428571	0.0119090581018	0.0235072872591	0.0041867546308	0.0196401593188	0.00411329180867
k__Bacteria;p__Firmicutes;c__Bacilli;o__Lactobacillales;f__	0.000120192307692	0.0	0.0	0.0	0.0	0.0	0.0	0.0	0.000410004100041	0.00680522346882	0.00145243282498	0.00148698884758	0.0	0.00217155266015	0.0	0.0	0.0	0.00135869565217	0.00536809815951	0.000810372771475	0.0	0.0	0.000364797081623	0.00041203131438	8.73438728273e-05	0.000399201596806	0.0	0.0	0.0	0.0	0.0	0.0	0.00013734377146	0.0
k__Bacteria;p__Firmicutes;c__Bacilli;o__Lactobacillales;f__Aerococcaceae	0.0	0.0	0.0	0.0	0.0	0.0	0.000139567341242	0.0	0.00287002870029	0.000551774875851	0.000968288549988	0.00272614622057	0.000283527076836	0.00271444082519	0.0255305039788	0.000395882818686	0.0	0.000679347826087	0.000766871165644	0.0	0.00564516129032	0.0	0.00282717738258	0.00515039142975	0.00104812647393	0.0	0.0	0.0	0.0	0.0	0.0	0.0	0.0	0.0
k__Bacteria;p__Firmicutes;c__Bacilli;o__Lactobacillales;f__Carnobacteriaceae	0.0	0.0	0.0	0.0	0.0	0.0	0.0	0.0	0.000615006150062	0.00183924958617	0.000968288549988	0.000743494423792	0.000567054153672	0.00162866449511	0.00397877984085	0.000197941409343	0.0	0.00135869565217	0.0	0.00567260940032	0.00161290322581	0.0	0.00118559051528	0.00504738360115	0.00401781815006	0.00279441117764	0.0	0.000459558823529	0.000850340136054	0.000721761097077	0.000470145745181	0.000761228114692	0.00178546902898	0.000822658361735
k__Bacteria;p__Firmicutes;c__Bacilli;o__Lactobacillales;f__Enterococcaceae	0.0	0.0	0.0	0.0	0.0	0.0	0.0	0.0	0.0	0.000183924958617	0.0	0.00322180916976	0.00070881769209	0.0	0.0	0.000395882818686	0.0	0.0	0.0	0.0	0.00403225806452	0.0	0.000455996352029	0.00020601565719	8.73438728273e-05	0.0	0.00151362260343	0.0	0.0	0.0	0.00188058298072	0.000253742704897	0.0	0.0
k__Bacteria;p__Firmicutes;c__Bacilli;o__Lactobacillales;f__Lactobacillaceae	0.000240384615385	0.0	0.0	0.0	0.0	0.000101399310485	0.0	0.000132485426603	0.00389503895039	0.0104837226412	0.00459937061244	0.00421313506815	0.0	0.00597176981542	0.0208885941645	0.0	0.0	0.000679347826087	0.0138036809816	0.00405186385737	0.00564516129032	0.0	0.0113999088007	0.0270910589205	0.000436719364137	0.0	0.0	0.0	0.0	0.0	0.0	0.000126871352449	0.0	0.0
k__Bacteria;p__Firmicutes;c__Bacilli;o__Lactobacillales;f__Leuconostocaceae	0.0	0.0	0.0	0.0	0.0	0.0	0.0	0.0	0.000820008200082	0.000367849917234	0.000726216412491	0.000247831474597	0.0	0.00108577633008	0.0	0.0	0.0	0.0	0.0	0.0	0.0	0.0	0.000820793433653	0.000309023485785	0.0	0.0	0.0	0.0	0.0	0.0	0.0	0.0	0.0	0.0
k__Bacteria;p__Firmicutes;c__Bacilli;o__Lactobacillales;f__Streptococcaceae	0.00348557692308	0.000510568773614	0.000113160574856	0.000441257584115	0.0	0.00121679172582	0.000279134682484	0.000662427133015	0.0928659286593	0.226227699099	0.0363108206245	0.0498141263941	0.103487383045	0.183496199783	0.185344827586	0.144101346002	0.00448833034111	0.0434782608696	0.194018404908	0.0737439222042	0.0411290322581	0.00192554557125	0.078431372549	0.192727647301	0.204559350162	0.186427145709	0.211402623613	0.122702205882	0.221513605442	0.116203536629	0.101081335214	0.0556965237249	0.108776266996	0.0881419673287
k__Bacteria;p__Firmicutes;c__Bacilli;o__Turicibacterales;f__Turicibacteraceae	0.000120192307692	0.000204227509446	0.000339481724567	0.000110314396029	0.000117966261649	0.000101399310485	0.000558269364969	0.0	0.0	0.0	0.0	0.0	0.0	0.000542888165038	0.0	0.0	0.0	0.0	0.0	0.0	0.00241935483871	0.0	9.11992704058e-05	0.0	0.0	0.0	0.0	0.0	0.0	0.0	0.0	0.0	0.0	0.0
k__Bacteria;p__Firmicutes;c__Clostridia;o__Clostridiales;Other	0.00300480769231	0.00285918513224	0.00430010184452	0.00187534473249	0.00601627934411	0.0013181910363	0.000697836706211	0.00344462109168	0.0	0.0	0.000484144274994	0.000991325898389	0.0	0.000542888165038	0.0	0.000791765637371	0.00269299820467	0.0	0.0	0.0	0.0	0.00192554557125	0.000273597811218	0.0	0.000174687745655	0.0	0.0	0.0	0.0	0.0	0.0	0.0	0.0	0.0
k__Bacteria;p__Firmicutes;c__Clostridia;o__Clostridiales;f__	0.00901442307692	0.0335954253038	0.0115423786353	0.0112520683949	0.0112067948567	0.0281890083147	0.0365666434054	0.0229199788023	0.00492004920049	0.00514989884127	0.000968288549988	0.00123915737299	0.0015593989226	0.00217155266015	0.0	0.0041567695962	0.00897666068223	0.00135869565217	0.00153374233129	0.000810372771475	0.0	0.00962772785623	0.00246238030096	0.000721054800165	0.00131015809241	0.0	0.00050454086781	0.0	0.00127551020408	0.0	0.00188058298072	0.000634356762243	0.00164812525752	0.00164531672347
k__Bacteria;p__Firmicutes;c__Clostridia;o__Clostridiales;f__Christensenellaceae	0.0	0.0	0.0	0.0	0.0	0.000304197931454	0.000697836706211	0.000662427133015	0.0	0.0	0.0	0.0	0.0	0.0	0.0	0.0	0.0	0.0	0.0	0.0	0.0	0.0	0.000273597811218	0.0	0.0	0.0	0.0	0.0	0.0	0.0	0.0	0.0	0.0	0.0
k__Bacteria;p__Firmicutes;c__Clostridia;o__Clostridiales;f__Clostridiaceae	0.00252403846154	0.00122536505667	0.00192372977255	0.00408163265306	0.000117966261649	0.00233218414115	0.00195394277739	0.00264970853206	0.00123001230012	0.00367849917234	0.00532558702493	0.00520446096654	0.0	0.00271444082519	0.00165782493369	0.0	0.00179533213645	0.00135869565217	0.00306748466258	0.00891410048622	0.00806451612903	0.000641848523748	0.00328317373461	0.00298722702925	0.000174687745655	0.0	0.0	0.0	0.0	0.0	0.0	0.0	0.0	0.0
k__Bacteria;p__Firmicutes;c__Clostridia;o__Clostridiales;f__Dehalobacteriaceae	0.0	0.0	0.0	0.0	0.0	0.000101399310485	0.000139567341242	0.0	0.0	0.0	0.0	0.0	0.0	0.0	0.0	0.0	0.0	0.0	0.0	0.0	0.0	0.0	0.0	0.0	0.0	0.0	0.0	0.0	0.0	0.0	0.0	0.0	0.0	0.0
k__Bacteria;p__Firmicutes;c__Clostridia;o__Clostridiales;f__Lachnospiraceae	0.0675480769231	0.183498417237	0.154464184678	0.163375620518	0.0769140025953	0.153518556074	0.18311235171	0.24297827239	0.00348503485035	0.00367849917234	0.00605180343742	0.00545229244114	0.0174369152254	0.00705754614549	0.00397877984085	0.0186064924782	0.0682226211849	0.00135869565217	0.00306748466258	0.0145867098865	0.00645161290323	0.0750962772786	0.00392156862745	0.00906468891636	0.0067254782077	0.00958083832335	0.0116044399596	0.0142463235294	0.0182823129252	0.00974377481054	0.0141043723554	0.0261354986044	0.017030627661	0.0151604183805
k__Bacteria;p__Firmicutes;c__Clostridia;o__Clostridiales;f__Peptococcaceae	0.0	0.0	0.0	0.0	0.0	0.0	0.0	0.0	0.000615006150062	0.000183924958617	0.000968288549988	0.000247831474597	0.000141763538418	0.000542888165038	0.000331564986737	0.000593824228029	0.0	0.0	0.0	0.0	0.0	0.0	0.000547195622435	0.0	0.0	0.000399201596806	0.0	0.0	0.0	0.0	0.0	0.00088809946714	0.0	0.000117522623105
k__Bacteria;p__Firmicutes;c__Clostridia;o__Clostridiales;f__Peptostreptococcaceae	0.000120192307692	0.0	0.0	0.0	0.0	0.0	0.0	0.0	0.000410004100041	0.000183924958617	0.00169450496248	0.00247831474597	0.00127587184576	0.0	0.000994694960212	0.00574030087094	0.0	0.0	0.000766871165644	0.0032414910859	0.000806451612903	0.0	0.00145918832649	0.000515039142975	0.00148484583806	0.0	0.0	0.0	0.0	0.0	0.00141043723554	0.00228368434408	0.0013734377146	0.000352567869315
k__Bacteria;p__Firmicutes;c__Clostridia;o__Clostridiales;f__Ruminococcaceae	0.0307692307692	0.109976513836	0.121308136245	0.119580805295	0.134127639495	0.110626647739	0.115143056525	0.147986221516	0.00246002460025	0.00147139966894	0.00484144274994	0.00396530359356	0.0	0.014657980456	0.00431034482759	0.000197941409343	0.0287253141831	0.00135869565217	0.00460122699387	0.0113452188006	0.00241935483871	0.16944801027	0.00182398540812	0.00576843840132	0.000262031618482	0.00119760479042	0.00050454086781	0.0	0.000425170068027	0.0	0.000940291490362	0.0	0.00013734377146	0.000117522623105
k__Bacteria;p__Firmicutes;c__Clostridia;o__Clostridiales;f__Veillonellaceae	0.0703125	0.0527928111917	0.01957677945	0.0186431329288	0.0327946207385	0.0160210910566	0.0133984647592	0.0117912029677	0.00881508815088	0.0204156704065	0.00750423626241	0.00842627013631	0.052594272753	0.00488599348534	0.0162466843501	0.0779889152811	0.0718132854578	0.0054347826087	0.0153374233129	0.0243111831442	0.00403225806452	0.0263157894737	0.00693114455084	0.0189534404615	0.0382566162984	0.0606786427146	0.0560040363269	0.1484375	0.0659013605442	0.0570191266691	0.0512458862247	0.0463080436437	0.042713912924	0.0719238453402
k__Bacteria;p__Firmicutes;c__Clostridia;o__Clostridiales;f__[Acidaminobacteraceae]	0.0	0.0	0.0	0.0	0.0	0.0	0.0	0.0	0.0	0.0	0.000726216412491	0.000743494423792	0.0	0.0	0.0	0.0	0.0	0.0	0.0	0.000810372771475	0.0	0.0	0.000182398540812	0.0	0.0	0.0	0.0	0.0	0.0	0.0	0.0	0.0	0.0	0.0
k__Bacteria;p__Firmicutes;c__Clostridia;o__Clostridiales;f__[Mogibacteriaceae]	0.0	0.0	0.0	0.0	0.000235932523298	0.000304197931454	0.0	0.0	0.000820008200082	0.000735699834468	0.0	0.000991325898389	0.00141763538418	0.0	0.000663129973475	0.0106888361045	0.0	0.0	0.00153374233129	0.0	0.000806451612903	0.0	0.000547195622435	0.00020601565719	0.00331906716744	0.000399201596806	0.00050454086781	0.00689338235294	0.00212585034014	0.00433056658246	0.000470145745181	0.00152245622938	0.00109875017168	0.00070513573863
k__Bacteria;p__Firmicutes;c__Clostridia;o__Clostridiales;f__[Tissierellaceae]	0.0	0.0	0.000226321149711	0.00132377275234	0.00306712280288	0.000202798620969	0.000418702023726	0.000264970853206	0.0770807708077	0.0520507632886	0.0251755022997	0.0205700123916	0.00368585199887	0.110749185668	0.0825596816976	0.0417656373713	0.0	0.0686141304348	0.0828220858896	0.0226904376013	0.0112903225806	0.00320924261874	0.14382124943	0.0558302430985	0.0373831775701	0.00159680638723	0.00050454086781	0.0	0.000850340136054	0.00577408877661	0.0	0.000507485409794	0.00054937508584	0.000822658361735
k__Bacteria;p__Firmicutes;c__Clostridia;o__OPB54;f__	0.0	0.0	0.0	0.0	0.0	0.0	0.0	0.0	0.0	0.0	0.0	0.000495662949195	0.0	0.0	0.0	0.0	0.0	0.0	0.0	0.0	0.0	0.0	0.0	0.0	0.0	0.0	0.0	0.0	0.0	0.0	0.0	0.0	0.0	0.0
k__Bacteria;p__Firmicutes;c__Erysipelotrichi;o__Erysipelotrichales;f__Erysipelotrichaceae	0.000120192307692	0.00561625650975	0.00882652483875	0.00364037506895	0.000117966261649	0.00415737172987	0.00279134682484	0.00158982511924	0.00143501435014	0.000367849917234	0.00580973129993	0.00396530359356	0.000567054153672	0.00217155266015	0.00132625994695	0.00395882818686	0.00179533213645	0.00135869565217	0.0	0.00729335494327	0.00322580645161	0.0	0.0015503875969	0.00360527400082	0.000873438728273	0.000399201596806	0.00050454086781	0.000919117647059	0.000425170068027	0.00324792493685	0.000940291490362	0.00114184217204	0.00233484411482	0.00505347279351
k__Bacteria;p__Fusobacteria;c__Fusobacteriia;o__Fusobacteriales;f__Fusobacteriaceae	0.000360576923077	0.0	0.000226321149711	0.00330943188086	0.0	0.0	0.000139567341242	0.0	0.0172201722017	0.0194960456134	0.00992495763738	0.0198265179678	0.099376240431	0.0211726384365	0.00729442970822	0.120744259699	0.000897666068223	0.00475543478261	0.010736196319	0.0113452188006	0.0145161290323	0.000641848523748	0.0334701322389	0.0082406262876	0.0407022447375	0.072255489022	0.0227043390515	0.0523897058824	0.0892857142857	0.186214363046	0.0808650681711	0.0833544785587	0.130613926658	0.0813256551886
k__Bacteria;p__Fusobacteria;c__Fusobacteriia;o__Fusobacteriales;f__Leptotrichiaceae	0.0	0.0	0.000226321149711	0.0	0.0	0.0	0.0	0.0	0.0274702747027	0.013426521979	0.0157346889373	0.014126394052	0.00737170399773	0.0157437567861	0.00397877984085	0.034639746635	0.00179533213645	0.00747282608696	0.00843558282209	0.00729335494327	0.0137096774194	0.0	0.0414956680347	0.00381128965801	0.0127522054328	0.00319361277445	0.00252270433905	0.00459558823529	0.00807823129252	0.0101046553591	0.00376116596145	0.00964222278609	0.0127729707458	0.0124573980491
k__Bacteria;p__GN02;c__BD1-5;o__;f__	0.0	0.0	0.0	0.0	0.0	0.0	0.0	0.0	0.0	0.000551774875851	0.0	0.000495662949195	0.0	0.0	0.0	0.000791765637371	0.0	0.0	0.0	0.0	0.0	0.0	0.0	0.0	0.000174687745655	0.0	0.0	0.0	0.0	0.0	0.0	0.0	0.0	0.0
k__Bacteria;p__Gemmatimonadetes;c__Gemm-3;o__;f__	0.0	0.0	0.0	0.0	0.0	0.0	0.0	0.0	0.0	0.0	0.0	0.0	0.0	0.0	0.0	0.0	0.0	0.0	0.0	0.0	0.0	0.0	0.000182398540812	0.0	0.0	0.0	0.0	0.0	0.0	0.0	0.0	0.0	0.0	0.0
k__Bacteria;p__Gemmatimonadetes;c__Gemmatimonadetes;o__Gemmatimonadales;f__Gemmatimonadaceae	0.0	0.0	0.0	0.0	0.0	0.0	0.0	0.0	0.0	0.0	0.0	0.000495662949195	0.0	0.0	0.0	0.0	0.0	0.0	0.0	0.0	0.0	0.0	0.0	0.0	0.0	0.0	0.0	0.0	0.0	0.0	0.0	0.0	0.0	0.0
k__Bacteria;p__Planctomycetes;c__OM190;o__agg27;f__	0.0	0.0	0.0	0.0	0.0	0.0	0.0	0.0	0.000615006150062	0.0	0.0	0.0	0.0	0.0	0.0	0.0	0.0	0.0	0.0	0.0	0.0	0.0	0.0	0.0	0.0	0.0	0.0	0.0	0.0	0.0	0.0	0.0	0.0	0.0
k__Bacteria;p__Planctomycetes;c__Phycisphaerae;o__WD2101;f__	0.0	0.0	0.0	0.0	0.0	0.0	0.0	0.0	0.000205002050021	0.000183924958617	0.0	0.0	0.0	0.0	0.0	0.000197941409343	0.0	0.0	0.0	0.000810372771475	0.0	0.0	0.0	0.00041203131438	0.0	0.0	0.0	0.0	0.0	0.0	0.0	0.0	0.0	0.0
k__Bacteria;p__Planctomycetes;c__Planctomycetia;o__Planctomycetales;f__Planctomycetaceae	0.0	0.0	0.0	0.0	0.0	0.0	0.0	0.0	0.0	0.0	0.0	0.0	0.0	0.0	0.0	0.0	0.0	0.0	0.0	0.0	0.0	0.0	0.000182398540812	0.00020601565719	0.0	0.0	0.0	0.0	0.0	0.0	0.0	0.0	0.0	0.0
k__Bacteria;p__Proteobacteria;c__Alphaproteobacteria;o__Caulobacterales;f__Caulobacteraceae	0.0	0.0	0.0	0.0	0.0	0.0	0.0	0.0	0.00348503485035	0.0011035497517	0.000968288549988	0.00421313506815	0.0	0.00108577633008	0.0	0.000197941409343	0.0	0.00271739130435	0.000766871165644	0.00243111831442	0.00645161290323	0.0	0.0190606475148	0.00103007828595	8.73438728273e-05	0.0	0.0	0.0	0.0	0.0	0.0	0.0	0.0	0.0
k__Bacteria;p__Proteobacteria;c__Alphaproteobacteria;o__Rhizobiales;Other	0.0	0.0	0.0	0.0	0.0	0.0	0.0	0.0	0.000205002050021	0.0	0.0	0.000743494423792	0.0	0.0	0.0	0.0	0.0	0.0	0.0	0.000810372771475	0.0	0.0	0.0	0.0	0.0	0.0	0.0	0.0	0.0	0.0	0.0	0.0	0.0	0.0
k__Bacteria;p__Proteobacteria;c__Alphaproteobacteria;o__Rhizobiales;f__	0.0	0.0	0.0	0.0	0.0	0.0	0.0	0.0	0.000820008200082	0.000367849917234	0.000726216412491	0.000991325898389	0.0	0.00108577633008	0.0	0.000197941409343	0.0	0.000679347826087	0.0	0.0	0.0	0.0	0.000729594163247	0.000103007828595	0.000611407109791	0.0	0.0	0.0	0.0	0.0	0.0	0.0	0.0	0.0
k__Bacteria;p__Proteobacteria;c__Alphaproteobacteria;o__Rhizobiales;f__Aurantimonadaceae	0.0	0.0	0.0	0.0	0.0	0.0	0.0	0.0	0.0	0.0	0.000242072137497	0.000247831474597	0.0	0.0	0.0	0.0	0.0	0.0	0.0	0.0	0.0	0.0	0.000182398540812	0.0	0.0	0.0	0.0	0.0	0.0	0.0	0.0	0.0	0.0	0.0
k__Bacteria;p__Proteobacteria;c__Alphaproteobacteria;o__Rhizobiales;f__Beijerinckiaceae	0.0	0.0	0.0	0.0	0.0	0.0	0.0	0.0	0.0	0.0	0.000484144274994	0.0	0.0	0.0	0.0	0.0	0.0	0.0	0.0	0.0	0.0	0.0	0.0	0.0	0.0	0.0	0.0	0.0	0.0	0.0	0.0	0.0	0.0	0.0
k__Bacteria;p__Proteobacteria;c__Alphaproteobacteria;o__Rhizobiales;f__Bradyrhizobiaceae	0.0	0.0	0.0	0.0	0.0	0.0	0.0	0.000132485426603	0.00184501845018	0.0011035497517	0.00121036068748	0.00148698884758	0.0	0.00325732899023	0.00165782493369	0.0	0.0	0.000679347826087	0.000766871165644	0.000810372771475	0.00161290322581	0.0	0.00218878248974	0.00123609394314	8.73438728273e-05	0.0	0.0	0.0	0.0	0.0	0.0	0.0	0.0	0.0
k__Bacteria;p__Proteobacteria;c__Alphaproteobacteria;o__Rhizobiales;f__Brucellaceae	0.0	0.0	0.0	0.000110314396029	0.0	0.0	0.0	0.0	0.0	0.0	0.0	0.00446096654275	0.0	0.0	0.0	0.0	0.0	0.0	0.000766871165644	0.0	0.00322580645161	0.0	0.00145918832649	0.0	0.0	0.0	0.0	0.0	0.0	0.0	0.0	0.0	0.0	0.0
k__Bacteria;p__Proteobacteria;c__Alphaproteobacteria;o__Rhizobiales;f__Hyphomicrobiaceae	0.0	0.0	0.0	0.0	0.0	0.0	0.0	0.0	0.000820008200082	0.000919624793084	0.00145243282498	0.00223048327138	0.0	0.00162866449511	0.0	0.0	0.0	0.0	0.0	0.00162074554295	0.00322580645161	0.0	0.00173278613771	0.00061804697157	0.0	0.0	0.0	0.0	0.0	0.0	0.0	0.0	0.0	0.0
k__Bacteria;p__Proteobacteria;c__Alphaproteobacteria;o__Rhizobiales;f__Methylobacteriaceae	0.0	0.0	0.0	0.0	0.0	0.0	0.0	0.0	0.00143501435014	0.000183924958617	0.00169450496248	0.00322180916976	0.0	0.00271444082519	0.000331564986737	0.0	0.0	0.0	0.00230061349693	0.00243111831442	0.00241935483871	0.0	0.00282717738258	0.00113308611454	8.73438728273e-05	0.0	0.0	0.0	0.0	0.0	0.0	0.0	0.0	0.0
k__Bacteria;p__Proteobacteria;c__Alphaproteobacteria;o__Rhizobiales;f__Methylocystaceae	0.0	0.0	0.0	0.0	0.0	0.0	0.0	0.0	0.0	0.000551774875851	0.0	0.0	0.0	0.0	0.0	0.0	0.0	0.0	0.0	0.0	0.0	0.0	9.11992704058e-05	0.0	0.0	0.0	0.0	0.0	0.0	0.0	0.0	0.0	0.0	0.0
k__Bacteria;p__Proteobacteria;c__Alphaproteobacteria;o__Rhizobiales;f__Phyllobacteriaceae	0.0	0.0	0.0	0.0	0.0	0.0	0.0	0.0	0.0	0.000183924958617	0.000242072137497	0.000495662949195	0.0	0.0	0.0	0.0	0.0	0.0	0.0	0.0	0.0	0.0	0.000911992704058	0.0	0.0	0.0	0.0	0.0	0.0	0.0	0.0	0.0	0.0	0.0
k__Bacteria;p__Proteobacteria;c__Alphaproteobacteria;o__Rhizobiales;f__Rhizobiaceae	0.0	0.0	0.0	0.0	0.0	0.0	0.0	0.0	0.0010250102501	0.0011035497517	0.00169450496248	0.000991325898389	0.0	0.0	0.0	0.000197941409343	0.0	0.0	0.00153374233129	0.0032414910859	0.000806451612903	0.0	0.00109439124487	0.000721054800165	0.0	0.0	0.0	0.0	0.0	0.0	0.0	0.0	0.0	0.0
k__Bacteria;p__Proteobacteria;c__Alphaproteobacteria;o__Rhizobiales;f__Rhodobiaceae	0.0	0.0	0.0	0.0	0.0	0.0	0.0	0.0	0.0	0.0	0.0	0.0	0.0	0.0	0.0	0.0	0.0	0.0	0.0	0.0	0.0	0.0	0.000455996352029	0.0	0.0	0.0	0.0	0.0	0.0	0.0	0.0	0.0	0.0	0.0
k__Bacteria;p__Proteobacteria;c__Alphaproteobacteria;o__Rhodobacterales;f__Rhodobacteraceae	0.0	0.0	0.0	0.0	0.0	0.000101399310485	0.0	0.0	0.00287002870029	0.00183924958617	0.00338900992496	0.00693928128872	0.0	0.0103148751357	0.00298408488064	0.000197941409343	0.0	0.00475543478261	0.00460122699387	0.00810372771475	0.00564516129032	0.0	0.0103967168263	0.00298722702925	0.000349375491309	0.0	0.0	0.0	0.0	0.0	0.0	0.0	0.0	0.0
k__Bacteria;p__Proteobacteria;c__Alphaproteobacteria;o__Rhodospirillales;f__	0.0	0.0	0.0	0.0	0.0	0.0	0.0	0.0	0.0	0.0	0.0	0.0	0.0	0.0	0.0	0.0	0.0	0.0	0.0	0.0	0.0	0.0	0.000273597811218	0.0	0.000174687745655	0.0	0.0	0.0	0.0	0.0	0.0	0.0	0.0	0.0
k__Bacteria;p__Proteobacteria;c__Alphaproteobacteria;o__Rhodospirillales;f__Acetobacteraceae	0.0	0.0	0.0	0.0	0.0	0.0	0.0	0.0	0.00123001230012	0.000551774875851	0.000726216412491	0.000247831474597	0.0	0.00325732899023	0.000331564986737	0.0	0.0	0.0	0.0	0.0	0.00161290322581	0.0	0.00264477884177	0.00082406262876	8.73438728273e-05	0.0	0.0	0.0	0.0	0.0	0.0	0.0	0.0	0.0
k__Bacteria;p__Proteobacteria;c__Alphaproteobacteria;o__Rhodospirillales;f__Rhodospirillaceae	0.0	0.0	0.0	0.0	0.0	0.0	0.0	0.0	0.000410004100041	0.0	0.000726216412491	0.000991325898389	0.0	0.0	0.0	0.0	0.0	0.000679347826087	0.0	0.00243111831442	0.0	0.0	0.000820793433653	0.00061804697157	0.0	0.0	0.0	0.0	0.0	0.0	0.0	0.0	0.0	0.0
k__Bacteria;p__Proteobacteria;c__Alphaproteobacteria;o__Rickettsiales;f__	0.0	0.0	0.0	0.0	0.0	0.0	0.0	0.0	0.0	0.0	0.000242072137497	0.0	0.0	0.0	0.0	0.0	0.0	0.0	0.0	0.0	0.0	0.0	9.11992704058e-05	0.0	0.0	0.0	0.0	0.0	0.0	0.0	0.0	0.0	0.0	0.0
k__Bacteria;p__Proteobacteria;c__Alphaproteobacteria;o__Rickettsiales;f__mitochondria	0.0	0.0	0.0	0.0	0.0	0.000101399310485	0.0	0.000132485426603	0.0223452234522	0.00128747471032	0.0128298232873	0.0094175960347	0.000567054153672	0.00651465798046	0.0142572944297	0.000197941409343	0.0	0.0142663043478	0.0	0.0064829821718	0.0209677419355	0.0	0.0126766985864	0.00700453234446	0.000698750982619	0.0223552894212	0.0	0.0	0.000425170068027	0.0	0.0	0.0	0.0	0.000117522623105
k__Bacteria;p__Proteobacteria;c__Alphaproteobacteria;o__Sphingomonadales;Other	0.0	0.0	0.0	0.0	0.0	0.0	0.0	0.0	0.000205002050021	0.0	0.000242072137497	0.000247831474597	0.0	0.0	0.000994694960212	0.0	0.0	0.0	0.0	0.0	0.000806451612903	0.0	0.000364797081623	0.0	0.0	0.0	0.0	0.0	0.0	0.0	0.0	0.0	0.0	0.0
k__Bacteria;p__Proteobacteria;c__Alphaproteobacteria;o__Sphingomonadales;f__	0.0	0.0	0.0	0.0	0.0	0.0	0.0	0.0	0.000205002050021	0.0	0.0	0.0	0.0	0.0	0.000331564986737	0.0	0.0	0.0	0.0	0.0	0.0	0.0	0.000182398540812	0.000103007828595	0.0	0.0	0.0	0.0	0.0	0.0	0.0	0.0	0.0	0.0
k__Bacteria;p__Proteobacteria;c__Alphaproteobacteria;o__Sphingomonadales;f__Erythrobacteraceae	0.0	0.0	0.0	0.0	0.0	0.0	0.0	0.0	0.0	0.000183924958617	0.00145243282498	0.000743494423792	0.0	0.0	0.0	0.000197941409343	0.0	0.000679347826087	0.00153374233129	0.0	0.0	0.0	0.00173278613771	0.000103007828595	0.00838501179142	0.0	0.0	0.0	0.0	0.0	0.0	0.0	0.0	0.0
k__Bacteria;p__Proteobacteria;c__Alphaproteobacteria;o__Sphingomonadales;f__Sphingomonadaceae	0.0	0.0	0.0	0.0	0.0	0.0	0.0	0.0	0.00553505535055	0.00606952363436	0.00556765916243	0.0168525402726	0.000141763538418	0.0119435396308	0.00464190981432	0.00118764845606	0.0	0.00475543478261	0.00460122699387	0.00729335494327	0.00483870967742	0.0	0.0141358869129	0.00484136794396	0.00445453751419	0.0	0.0	0.0	0.0	0.0	0.0	0.0	0.00013734377146	0.0
k__Bacteria;p__Proteobacteria;c__Betaproteobacteria;Other;Other	0.0	0.0	0.0	0.0	0.0	0.0	0.0	0.0	0.0	0.0	0.0	0.0	0.0	0.0	0.0	0.0	0.0	0.0	0.0	0.0	0.0	0.0	0.0	0.0	0.000698750982619	0.0	0.0	0.0	0.0	0.0	0.0	0.0	0.0	0.0
k__Bacteria;p__Proteobacteria;c__Betaproteobacteria;o__Burkholderiales;Other	0.0	0.000204227509446	0.000113160574856	0.0	0.0	0.0	0.000279134682484	0.000264970853206	0.000410004100041	0.0	0.0	0.00173482032218	0.000425290615254	0.0	0.000331564986737	0.0	0.0	0.0	0.0	0.000810372771475	0.00241935483871	0.0	9.11992704058e-05	0.00020601565719	0.000174687745655	0.0	0.0	0.0	0.0	0.0	0.0	0.0	0.0	0.0
k__Bacteria;p__Proteobacteria;c__Betaproteobacteria;o__Burkholderiales;f__	0.0	0.0	0.000339481724567	0.0	0.0	0.0	0.0	0.0	0.000205002050021	0.0	0.0	0.000495662949195	0.000567054153672	0.0	0.000331564986737	0.0	0.0	0.0	0.000766871165644	0.0	0.0	0.0	0.000273597811218	0.00020601565719	0.000174687745655	0.0	0.0	0.0	0.0	0.0	0.0	0.0	0.0	0.0
k__Bacteria;p__Proteobacteria;c__Betaproteobacteria;o__Burkholderiales;f__Alcaligenaceae	0.0	0.000714796283059	0.000452642299423	0.000110314396029	0.0	0.0	0.000837404047453	0.000397456279809	0.00164001640016	0.00128747471032	0.00169450496248	0.00446096654275	0.000141763538418	0.00108577633008	0.000663129973475	0.0	0.0	0.00203804347826	0.00920245398773	0.0	0.00564516129032	0.0	0.000455996352029	0.00020601565719	0.0	0.0	0.0	0.0	0.0	0.0	0.0	0.0	0.0	0.0
k__Bacteria;p__Proteobacteria;c__Betaproteobacteria;o__Burkholderiales;f__Burkholderiaceae	0.0	0.0	0.0	0.0	0.0	0.0	0.0	0.0	0.00246002460025	0.00128747471032	0.000726216412491	0.00991325898389	0.000850581230508	0.0	0.00298408488064	0.0372129849565	0.0	0.0	0.00230061349693	0.00162074554295	0.00564516129032	0.000641848523748	0.00191518467852	0.00267820354347	0.0173814306926	0.000399201596806	0.0	0.0	0.00212585034014	0.0	0.0	0.00279116975387	0.00082406262876	0.00023504524621
k__Bacteria;p__Proteobacteria;c__Betaproteobacteria;o__Burkholderiales;f__Comamonadaceae	0.000120192307692	0.0147043806801	0.0119950209347	0.003861003861	0.000589831308246	0.000101399310485	0.0128401953943	0.00569687334393	0.0147601476015	0.0033106492551	0.00459937061244	0.0198265179678	0.0252339098384	0.00108577633008	0.00232095490716	0.0110847189232	0.000897666068223	0.0251358695652	0.000766871165644	0.0064829821718	0.0185483870968	0.00320924261874	0.00383036935705	0.00453234445818	0.111101406236	0.0	0.0	0.0	0.000850340136054	0.000360880548538	0.000940291490362	0.000126871352449	0.00013734377146	0.000117522623105
k__Bacteria;p__Proteobacteria;c__Betaproteobacteria;o__Burkholderiales;f__Oxalobacteraceae	0.0	0.000408455018891	0.0	0.000110314396029	0.000117966261649	0.000506996552423	0.000139567341242	0.0	0.00451004510045	0.00367849917234	0.00726216412491	0.0156133828996	0.0	0.014115092291	0.00331564986737	0.000791765637371	0.0	0.00407608695652	0.00383435582822	0.00810372771475	0.0258064516129	0.0	0.0155950752394	0.00432632880099	0.000698750982619	0.0	0.0	0.0	0.0	0.0	0.0	0.0	0.0	0.0
k__Bacteria;p__Proteobacteria;c__Betaproteobacteria;o__IS-44;f__	0.0	0.0	0.0	0.0	0.0	0.0	0.0	0.0	0.0	0.0	0.0	0.0	0.0	0.0	0.0	0.0	0.0	0.0	0.0	0.0	0.0	0.0	0.000182398540812	0.0	0.0	0.0	0.0	0.0	0.0	0.0	0.0	0.0	0.0	0.0
k__Bacteria;p__Proteobacteria;c__Betaproteobacteria;o__Methylophilales;f__Methylophilaceae	0.0	0.0	0.0	0.0	0.0	0.0	0.0	0.0	0.00184501845018	0.000367849917234	0.0	0.000991325898389	0.0	0.0	0.0	0.000197941409343	0.0	0.000679347826087	0.0	0.000810372771475	0.0	0.0	0.000364797081623	0.000103007828595	0.00174687745655	0.0	0.0	0.0	0.0	0.0	0.0	0.0	0.0	0.0
k__Bacteria;p__Proteobacteria;c__Betaproteobacteria;o__Neisseriales;f__Neisseriaceae	0.000240384615385	0.0	0.000339481724567	0.000551571980143	0.000117966261649	0.000101399310485	0.0	0.0	0.0153751537515	0.0250137943719	0.0133139675623	0.0458488228005	0.219875248086	0.0298588490771	0.0494031830239	0.0566112430721	0.000897666068223	0.0210597826087	0.0199386503067	0.0210696920583	0.0298387096774	0.000641848523748	0.0219790241678	0.0396580140091	0.0646344658922	0.00838323353293	0.269424823411	0.0386029411765	0.208758503401	0.177914110429	0.217677480019	0.481476782543	0.266172229089	0.165001762839
k__Bacteria;p__Proteobacteria;c__Betaproteobacteria;o__Rhodocyclales;f__Rhodocyclaceae	0.0	0.0	0.0	0.0	0.0	0.0	0.0	0.0	0.000410004100041	0.0	0.0	0.0	0.0	0.0	0.0	0.0	0.0	0.0	0.0	0.0	0.0	0.0	0.0	0.000515039142975	0.000174687745655	0.0	0.0	0.0	0.0	0.0	0.0	0.0	0.0	0.0
k__Bacteria;p__Proteobacteria;c__Betaproteobacteria;o__SC-I-84;f__	0.0	0.0	0.0	0.0	0.0	0.0	0.0	0.0	0.000205002050021	0.0	0.000726216412491	0.0	0.0	0.0	0.0	0.0	0.0	0.0	0.0	0.0	0.0	0.0	0.0	0.000103007828595	0.0	0.0	0.0	0.0	0.0	0.0	0.0	0.0	0.0	0.0
k__Bacteria;p__Proteobacteria;c__Deltaproteobacteria;o__Bdellovibrionales;f__Bacteriovoracaceae	0.0	0.0	0.0	0.0	0.0	0.0	0.0	0.0	0.0	0.0	0.0	0.00123915737299	0.0	0.0	0.0	0.0	0.0	0.0	0.0	0.0	0.00241935483871	0.0	0.000182398540812	0.0	0.0	0.0	0.0	0.0	0.0	0.0	0.0	0.0	0.0	0.0
k__Bacteria;p__Proteobacteria;c__Deltaproteobacteria;o__Desulfobacterales;f__Desulfobulbaceae	0.0	0.0	0.0	0.0	0.0	0.0	0.0	0.0	0.0	0.0	0.0	0.0	0.0	0.0	0.0	0.000593824228029	0.0	0.0	0.0	0.0	0.0	0.0	0.0	0.0	0.0	0.0	0.0	0.0	0.0	0.0	0.0	0.0	0.0	0.0
k__Bacteria;p__Proteobacteria;c__Deltaproteobacteria;o__Desulfovibrionales;f__Desulfomicrobiaceae	0.0	0.0	0.0	0.0	0.0	0.0	0.0	0.0	0.0	0.0	0.000484144274994	0.000991325898389	0.0	0.0	0.0	0.0	0.0	0.0	0.0	0.0	0.0	0.0	0.0	0.0	0.0	0.0	0.0	0.0	0.0	0.0	0.0	0.0	0.0	0.0
k__Bacteria;p__Proteobacteria;c__Deltaproteobacteria;o__Desulfovibrionales;f__Desulfovibrionaceae	0.00853365384615	0.00377820892474	0.00350797782053	0.00937672366244	0.0119145924266	0.00324477793551	0.00767620376832	0.00543190249073	0.000205002050021	0.0	0.000484144274994	0.0	0.0	0.0	0.0	0.0	0.0170556552962	0.0	0.0	0.000810372771475	0.0	0.012836970475	0.0	0.0	0.0	0.0	0.0	0.0	0.0	0.0	0.0	0.0	0.0	0.0
k__Bacteria;p__Proteobacteria;c__Deltaproteobacteria;o__Myxococcales;f__	0.0	0.0	0.0	0.0	0.0	0.0	0.0	0.0	0.000205002050021	0.000183924958617	0.0	0.000743494423792	0.0	0.0	0.000331564986737	0.0	0.0	0.0	0.0	0.0	0.0	0.0	0.000547195622435	0.0	0.0	0.0	0.0	0.0	0.0	0.0	0.0	0.0	0.0	0.0
k__Bacteria;p__Proteobacteria;c__Deltaproteobacteria;o__Myxococcales;f__0319-6G20	0.0	0.0	0.0	0.0	0.0	0.0	0.0	0.0	0.0	0.0	0.0	0.000495662949195	0.0	0.0	0.0	0.0	0.0	0.0	0.0	0.0	0.0	0.0	0.0	0.0	0.0	0.0	0.0	0.0	0.0	0.0	0.0	0.0	0.0	0.0
k__Bacteria;p__Proteobacteria;c__Deltaproteobacteria;o__Myxococcales;f__Nannocystaceae	0.0	0.0	0.0	0.0	0.0	0.0	0.0	0.0	0.0	0.0	0.0	0.000495662949195	0.0	0.0	0.0	0.0	0.0	0.0	0.0	0.0	0.0	0.0	0.0	0.0	0.0	0.0	0.0	0.0	0.0	0.0	0.0	0.0	0.0	0.0
k__Bacteria;p__Proteobacteria;c__Deltaproteobacteria;o__Spirobacillales;f__	0.0	0.0	0.0	0.0	0.0	0.0	0.0	0.0	0.0	0.0	0.0	0.000743494423792	0.0	0.0	0.0	0.0	0.0	0.0	0.0	0.0	0.0	0.0	0.000273597811218	0.000103007828595	0.0	0.0	0.0	0.0	0.0	0.0	0.0	0.0	0.0	0.0
k__Bacteria;p__Proteobacteria;c__Deltaproteobacteria;o__Syntrophobacterales;f__Syntrophobacteraceae	0.0	0.0	0.0	0.0	0.0	0.0	0.0	0.0	0.0	0.0	0.0	0.000495662949195	0.0	0.0	0.0	0.0	0.0	0.0	0.0	0.0	0.0	0.0	0.0	0.0	0.0	0.0	0.0	0.0	0.0	0.0	0.0	0.0	0.0	0.0
k__Bacteria;p__Proteobacteria;c__Epsilonproteobacteria;o__Campylobacterales;f__Campylobacteraceae	0.0	0.0	0.0	0.000220628792057	0.0	0.000202798620969	0.0	0.000132485426603	0.00123001230012	0.0011035497517	0.000242072137497	0.00223048327138	0.00567054153672	0.00325732899023	0.00331564986737	0.0140538400633	0.0	0.0	0.000766871165644	0.000810372771475	0.00241935483871	0.0	0.00218878248974	0.000927070457355	0.00314437942178	0.00359281437126	0.0050454086781	0.00965073529412	0.0165816326531	0.00649584987369	0.00329102021627	0.00964222278609	0.0048070320011	0.0131625337878
k__Bacteria;p__Proteobacteria;c__Epsilonproteobacteria;o__Campylobacterales;f__Helicobacteraceae	0.0	0.0	0.0	0.0	0.0	0.0	0.0	0.0	0.0	0.0	0.000484144274994	0.0	0.0	0.0	0.0	0.0	0.0	0.0	0.0	0.0	0.0	0.0	0.0	0.00020601565719	0.0	0.0	0.0	0.0	0.0	0.0	0.0	0.0	0.0	0.0
k__Bacteria;p__Proteobacteria;c__Gammaproteobacteria;Other;Other	0.0	0.0	0.0	0.0	0.0	0.0	0.0	0.0	0.0	0.0	0.000484144274994	0.0	0.0	0.0	0.000331564986737	0.0	0.0	0.0	0.0	0.0	0.0	0.0	0.000182398540812	0.0	0.0	0.0	0.0	0.0	0.0	0.0	0.0	0.0	0.0	0.0
k__Bacteria;p__Proteobacteria;c__Gammaproteobacteria;o__Aeromonadales;f__Aeromonadaceae	0.0	0.0	0.0	0.0	0.0	0.0	0.0	0.0	0.0	0.000183924958617	0.0	0.00297397769517	0.0	0.00162866449511	0.000331564986737	0.0	0.0	0.0	0.0	0.00162074554295	0.00725806451613	0.0	0.000547195622435	0.00020601565719	0.0	0.0	0.0	0.0	0.0	0.0	0.0	0.0	0.0	0.0
k__Bacteria;p__Proteobacteria;c__Gammaproteobacteria;o__Aeromonadales;f__Succinivibrionaceae	0.0	0.0	0.0	0.0	0.0	0.0	0.0	0.000132485426603	0.000205002050021	0.0	0.000484144274994	0.000743494423792	0.0	0.0	0.000331564986737	0.0	0.0	0.0	0.0	0.000810372771475	0.0	0.0	0.000638394892841	0.0	0.0	0.0	0.0	0.0	0.0	0.0	0.0	0.0	0.0	0.0
k__Bacteria;p__Proteobacteria;c__Gammaproteobacteria;o__Alteromonadales;f__	0.0	0.0	0.0	0.0	0.0	0.0	0.0	0.0	0.0	0.0	0.0	0.000247831474597	0.0	0.0	0.0	0.000593824228029	0.0	0.0	0.0	0.0	0.0	0.0	0.0	0.0	0.00681282208053	0.0	0.0	0.0	0.0	0.0	0.0	0.0	0.0	0.0
k__Bacteria;p__Proteobacteria;c__Gammaproteobacteria;o__Alteromonadales;f__211ds20	0.0	0.0	0.0	0.0	0.0	0.0	0.0	0.0	0.0	0.0	0.0	0.000247831474597	0.0	0.0	0.0	0.0	0.0	0.0	0.0	0.0	0.0	0.0	9.11992704058e-05	0.0	0.0	0.0	0.0	0.0	0.0	0.0	0.0	0.0	0.0	0.0
k__Bacteria;p__Proteobacteria;c__Gammaproteobacteria;o__Alteromonadales;f__Alteromonadaceae	0.0	0.0	0.0	0.0	0.0	0.0	0.0	0.0	0.0	0.0	0.0	0.00123915737299	0.0	0.0	0.0	0.0	0.0	0.0	0.0	0.0	0.00161290322581	0.0	0.0	0.000103007828595	0.0	0.0	0.0	0.0	0.0	0.0	0.0	0.0	0.0	0.0
k__Bacteria;p__Proteobacteria;c__Gammaproteobacteria;o__Alteromonadales;f__OM60	0.0	0.0	0.0	0.0	0.0	0.0	0.0	0.0	0.0	0.0	0.0	0.0	0.0	0.0	0.0	0.0	0.0	0.0	0.0	0.0	0.0	0.0	0.0	0.00020601565719	0.0	0.0	0.0	0.0	0.0	0.0	0.0	0.0	0.0	0.0
k__Bacteria;p__Proteobacteria;c__Gammaproteobacteria;o__Alteromonadales;f__Shewanellaceae	0.0	0.0	0.0	0.0	0.0	0.0	0.0	0.0	0.0	0.000183924958617	0.0	0.0	0.0	0.0	0.0	0.0	0.0	0.0	0.0	0.0	0.0	0.0	0.0	0.000103007828595	0.0	0.0	0.0	0.0	0.0	0.0	0.0	0.0	0.0	0.0
k__Bacteria;p__Proteobacteria;c__Gammaproteobacteria;o__Cardiobacteriales;f__Cardiobacteriaceae	0.0	0.0	0.0	0.0	0.0	0.0	0.0	0.0	0.000615006150062	0.000735699834468	0.000242072137497	0.00123915737299	0.0	0.000542888165038	0.0	0.00930324623911	0.0	0.0	0.00153374233129	0.0	0.00241935483871	0.0	0.000364797081623	0.00082406262876	0.00419250589571	0.0	0.00050454086781	0.0	0.0	0.0	0.0	0.0	0.00027468754292	0.0
k__Bacteria;p__Proteobacteria;c__Gammaproteobacteria;o__Chromatiales;f__	0.0	0.0	0.0	0.0	0.0	0.0	0.0	0.0	0.0	0.0	0.000484144274994	0.0	0.0	0.0	0.0	0.0	0.0	0.0	0.0	0.0	0.0	0.0	0.0	0.0	0.0	0.0	0.0	0.0	0.0	0.0	0.0	0.0	0.0	0.0
k__Bacteria;p__Proteobacteria;c__Gammaproteobacteria;o__Enterobacteriales;f__Enterobacteriaceae	0.0286057692308	0.0	0.021161027498	0.00330943188086	0.00731390822225	0.000304197931454	0.0	0.000662427133015	0.00451004510045	0.0145300717307	0.00556765916243	0.0086741016109	0.000283527076836	0.00271444082519	0.00232095490716	0.000593824228029	0.0368043087971	0.00339673913043	0.00996932515337	0.00405186385737	0.00645161290323	0.00385109114249	0.00410396716826	0.0020601565719	0.000611407109791	0.0	0.0	0.0	0.0	0.000360880548538	0.0	0.0	0.00013734377146	0.0
k__Bacteria;p__Proteobacteria;c__Gammaproteobacteria;o__Legionellales;f__Legionellaceae	0.0	0.0	0.0	0.0	0.0	0.0	0.0	0.0	0.0	0.0	0.000484144274994	0.0	0.0	0.0	0.0	0.0	0.0	0.0	0.0	0.0	0.0	0.0	0.0	0.0	0.0	0.0	0.0	0.0	0.0	0.0	0.0	0.0	0.0	0.0
k__Bacteria;p__Proteobacteria;c__Gammaproteobacteria;o__Pasteurellales;f__Pasteurellaceae	0.000600961538462	0.000102113754723	0.0	0.000110314396029	0.000353898784948	0.000506996552423	0.0	0.000264970853206	0.0243952439524	0.0292440684201	0.0251755022997	0.131598513011	0.220158775163	0.0412595005429	0.0484084880637	0.0411718131433	0.00359066427289	0.0122282608696	0.0161042944785	0.0526742301459	0.0862903225806	0.0	0.0326493388053	0.0457354758962	0.0778233906891	0.233932135729	0.259838546922	0.125919117647	0.168367346939	0.152652472032	0.267512929008	0.14818573966	0.208625188848	0.102127159478
k__Bacteria;p__Proteobacteria;c__Gammaproteobacteria;o__Pseudomonadales;f__Moraxellaceae	0.0	0.0	0.000113160574856	0.0	0.0	0.000304197931454	0.0	0.000132485426603	0.228167281673	0.0279565937098	0.0196078431373	0.10136307311	0.00595406861355	0.0103148751357	0.00497347480106	0.00217735550277	0.000897666068223	0.23777173913	0.0207055214724	0.0178282009724	0.114516129032	0.0012836970475	0.0165982672139	0.0133910177173	0.000873438728273	0.0	0.0	0.0	0.000850340136054	0.0	0.000470145745181	0.0	0.00013734377146	0.000117522623105
k__Bacteria;p__Proteobacteria;c__Gammaproteobacteria;o__Pseudomonadales;f__Pseudomonadaceae	0.0	0.000102113754723	0.0	0.000330943188086	0.0	0.000101399310485	0.0	0.000132485426603	0.0139401394014	0.0217031451168	0.495037521181	0.0428748451053	0.00070881769209	0.0249728555917	0.12599469496	0.0013855898654	0.0	0.0190217391304	0.0115030674847	0.297406807131	0.104838709677	0.0	0.0236206110351	0.0920889987639	0.00209625294786	0.000798403193613	0.0	0.0	0.00170068027211	0.0	0.00141043723554	0.000126871352449	0.00013734377146	0.0
k__Bacteria;p__Proteobacteria;c__Gammaproteobacteria;o__Thiotrichales;f__Piscirickettsiaceae	0.0	0.0	0.0	0.0	0.0	0.0	0.0	0.0	0.0	0.0	0.0	0.000495662949195	0.0	0.0	0.0	0.0	0.0	0.0	0.0	0.0	0.0	0.0	9.11992704058e-05	0.000309023485785	0.0	0.0	0.0	0.0	0.0	0.0	0.0	0.0	0.0	0.0
k__Bacteria;p__Proteobacteria;c__Gammaproteobacteria;o__Vibrionales;f__Pseudoalteromonadaceae	0.0	0.0	0.0	0.0	0.0	0.0	0.0	0.0	0.000410004100041	0.0	0.0	0.000495662949195	0.0	0.000542888165038	0.0	0.0	0.0	0.0	0.0	0.0	0.00241935483871	0.0	0.000182398540812	0.0	0.0	0.0	0.0	0.0	0.0	0.0	0.0	0.0	0.0	0.0
k__Bacteria;p__Proteobacteria;c__Gammaproteobacteria;o__Vibrionales;f__Vibrionaceae	0.0	0.0	0.0	0.0	0.0	0.0	0.0	0.0	0.0	0.000367849917234	0.00266279351247	0.000495662949195	0.0	0.00108577633008	0.0	0.0	0.0	0.0	0.000766871165644	0.00891410048622	0.0	0.0	9.11992704058e-05	0.000309023485785	0.0	0.000798403193613	0.0	0.0	0.0	0.0	0.0	0.0	0.0	0.0
k__Bacteria;p__Proteobacteria;c__Gammaproteobacteria;o__Xanthomonadales;f__Sinobacteraceae	0.0	0.0	0.0	0.0	0.0	0.0	0.0	0.0	0.0	0.000183924958617	0.000242072137497	0.000743494423792	0.0	0.0	0.0	0.0	0.0	0.0	0.0	0.0	0.000806451612903	0.0	0.000182398540812	0.00041203131438	0.0	0.0	0.0	0.0	0.0	0.0	0.0	0.0	0.0	0.0
k__Bacteria;p__Proteobacteria;c__Gammaproteobacteria;o__Xanthomonadales;f__Xanthomonadaceae	0.0	0.0	0.0	0.0	0.0	0.0	0.0	0.0	0.00389503895039	0.000551774875851	0.00193657709998	0.0297397769517	0.000141763538418	0.0	0.00165782493369	0.0	0.0	0.00271739130435	0.000766871165644	0.000810372771475	0.0298387096774	0.0	0.00209758321933	0.00082406262876	0.0	0.0	0.0	0.0	0.0	0.0	0.0	0.0	0.0	0.000117522623105
k__Bacteria;p__Proteobacteria;c__TA18;o__PHOS-HD29;f__	0.0	0.0	0.0	0.0	0.0	0.0	0.0	0.0	0.0	0.0	0.0	0.0	0.0	0.0	0.0	0.0	0.0	0.0	0.0	0.0	0.0	0.0	0.000182398540812	0.0	0.0	0.0	0.0	0.0	0.0	0.0	0.0	0.0	0.0	0.0
k__Bacteria;p__SR1;c__;o__;f__	0.0	0.0	0.0	0.0	0.0	0.0	0.0	0.0	0.000205002050021	0.000367849917234	0.00121036068748	0.00123915737299	0.0	0.0	0.0	0.000395882818686	0.0	0.0	0.0	0.0	0.0	0.0	9.11992704058e-05	0.00061804697157	8.73438728273e-05	0.0	0.0	0.0	0.000425170068027	0.0	0.0	0.0	0.0	0.000117522623105
k__Bacteria;p__Spirochaetes;c__Spirochaetes;o__Spirochaetales;f__Spirochaetaceae	0.0	0.0	0.0	0.0	0.0	0.0	0.0	0.0	0.0	0.000183924958617	0.000242072137497	0.000495662949195	0.0	0.0	0.0	0.0110847189232	0.0	0.0	0.0	0.000810372771475	0.0	0.0	0.000273597811218	0.000103007828595	0.00262031618482	0.0	0.0	0.0	0.0	0.000360880548538	0.0	0.0	0.0	0.000352567869315
k__Bacteria;p__Synergistetes;c__Synergistia;o__Synergistales;f__Dethiosulfovibrionaceae	0.0	0.0	0.0	0.0	0.0	0.0	0.0	0.0	0.0	0.0	0.0	0.000247831474597	0.0	0.0	0.0	0.00791765637371	0.0	0.0	0.0	0.0	0.000806451612903	0.0	0.0	0.0	0.0028823478033	0.0	0.0	0.0	0.0	0.0	0.0	0.0	0.0	0.00023504524621
k__Bacteria;p__TM7;c__TM7-3;o__;f__	0.0	0.0	0.0	0.0	0.0	0.0	0.0	0.0	0.0	0.0	0.0	0.0	0.0	0.0	0.0	0.00118764845606	0.0	0.0	0.0	0.0	0.0	0.0	0.0	0.000103007828595	0.0	0.000399201596806	0.0	0.0	0.0	0.0	0.0	0.000126871352449	0.0	0.000117522623105
k__Bacteria;p__TM7;c__TM7-3;o__CW040;f__F16	0.0	0.0	0.0	0.0	0.0	0.0	0.0	0.0	0.0	0.0	0.0	0.0	0.0	0.0	0.0	0.000197941409343	0.0	0.0	0.0	0.0	0.0	0.0	0.0	0.0	0.0	0.0	0.0	0.0	0.0	0.0	0.0	0.000126871352449	0.0	0.000117522623105
k__Bacteria;p__Tenericutes;c__Mollicutes;o__Mycoplasmatales;f__Mycoplasmataceae	0.0	0.0	0.0	0.0	0.0	0.0	0.0	0.0	0.00266502665027	0.000551774875851	0.00145243282498	0.00371747211896	0.0	0.00108577633008	0.000331564986737	0.000197941409343	0.0	0.0	0.00153374233129	0.00162074554295	0.000806451612903	0.0	0.00200638394893	0.00020601565719	0.0	0.0	0.0	0.0	0.0	0.0	0.0	0.0	0.0	0.0
k__Bacteria;p__Verrucomicrobia;c__Verrucomicrobiae;o__Verrucomicrobiales;f__Verrucomicrobiaceae	0.105048076923	0.00530991524558	0.00169740862284	0.0378378378378	0.0	0.000304197931454	0.00125610607118	0.0	0.000410004100041	0.0	0.000484144274994	0.0	0.0	0.0	0.000331564986737	0.0	0.0466786355476	0.0	0.0	0.000810372771475	0.000806451612903	0.0	0.000455996352029	0.0	0.0	0.0	0.0	0.000459558823529	0.0	0.0	0.0	0.0	0.0	0.0
k__Bacteria;p__Verrucomicrobia;c__[Pedosphaerae];o__[Pedosphaerales];f__	0.0	0.0	0.0	0.0	0.0	0.0	0.0	0.0	0.0	0.0	0.0	0.0	0.0	0.00162866449511	0.0	0.0	0.0	0.0	0.0	0.0	0.0	0.0	9.11992704058e-05	0.0	0.0	0.0	0.0	0.0	0.0	0.0	0.0	0.0	0.0	0.0
k__Bacteria;p__Verrucomicrobia;c__[Spartobacteria];o__[Chthoniobacterales];f__[Chthoniobacteraceae]	0.0	0.0	0.0	0.0	0.0	0.0	0.0	0.0	0.0	0.0	0.000484144274994	0.0	0.0	0.0	0.0	0.0	0.0	0.0	0.0	0.0	0.0	0.0	0.000273597811218	0.000309023485785	0.0	0.0	0.0	0.0	0.0	0.0	0.0	0.0	0.0	0.0
k__Bacteria;p__[Thermi];c__Deinococci;o__Deinococcales;f__Deinococcaceae	0.0	0.0	0.0	0.0	0.0	0.0	0.0	0.0	0.00143501435014	0.00202317454479	0.000242072137497	0.000247831474597	0.0	0.0	0.0	0.0	0.0	0.00203804347826	0.0069018404908	0.0032414910859	0.0	0.0	0.000182398540812	0.00020601565719	0.0	0.0	0.0	0.0	0.0	0.0	0.0	0.0	0.0	0.0
k__Bacteria;p__[Thermi];c__Deinococci;o__Deinococcales;f__Trueperaceae	0.0	0.0	0.0	0.0	0.0	0.0	0.0	0.0	0.0	0.0	0.0	0.0	0.0	0.0	0.0	0.0	0.0	0.0	0.0	0.0	0.0	0.0	0.000364797081623	0.0	0.0	0.0	0.0	0.0	0.0	0.0	0.0	0.0	0.0	0.0
k__Bacteria;p__[Thermi];c__Deinococci;o__Thermales;f__Thermaceae	0.0	0.0	0.0	0.0	0.0	0.0	0.0	0.0	0.0	0.0	0.0	0.0	0.0	0.0	0.0	0.0	0.0	0.0	0.0	0.0	0.000806451612903	0.0	0.0	0.000721054800165	0.0	0.0	0.0	0.0	0.0	0.0	0.0	0.0	0.0	0.0