Eigvals	90
0.769181894923	0.152433732993	0.0437599443457	0.0317808858348	0.0206010194296	0.0108390625484	0.00652703018394	0.00439200923899	0.00338515672847	0.0027141654117	0.00265933014242	0.00184339062031	0.0015807189771	0.00131952196641	0.00109901577047	0.000929464322357	0.000823902654215	0.000592198519354	0.000578179734378	0.000429386873048	0.0003985026531	0.00033123954977	0.000269615890258	0.000240651996369	0.000180119184921	0.000109585127073	0.000103043843701	9.21587194325e-05	6.86505890988e-05	6.2901356947e-05	5.93796566922e-05	4.16381082079e-05	3.45602794112e-05	3.19757308648e-05	2.67644984502e-05	2.39062777225e-05	1.88366068402e-05	1.42096680718e-05	1.03749077661e-05	7.4863862802e-06	5.6821198837e-06	3.37541623079e-06	2.50992441979e-06	2.0881848235e-06	5.04139605006e-07	0.0	0.0	0.0	0.0	0.0	0.0	0.0	0.0	0.0	0.0	0.0	0.0	0.0	0.0	0.0	0.0	0.0	0.0	0.0	0.0	0.0	0.0	0.0	0.0	0.0	0.0	0.0	0.0	0.0	0.0	0.0	0.0	0.0	0.0	0.0	0.0	0.0	0.0	0.0	0.0	0.0	0.0	0.0	0.0	0.0

Proportion explained	90
0.725910533504	0.143858368445	0.0412981698553	0.0299930093829	0.0194420813901	0.0102292965151	0.00615984332744	0.00414493085559	0.00319472018645	0.00256147638813	0.00250972595064	0.00173968820312	0.00149179350627	0.00124529048451	0.00103718916103	0.000877176057535	0.000777552902928	0.000558883595626	0.000545653456242	0.000405231137331	0.00037608435069	0.000312605223652	0.000254448285939	0.000227113794833	0.000169986338061	0.000103420268447	9.72469737638e-05	8.69742067928e-05	6.47885579302e-05	5.93627565612e-05	5.6039174288e-05	3.92957004615e-05	3.26160444377e-05	3.01768931438e-05	2.52588256135e-05	2.25613979349e-05	1.77769282026e-05	1.3410284094e-05	9.79125338399e-06	7.06522955695e-06	5.36246459184e-06	3.18552765355e-06	2.36872524777e-06	1.97071117935e-06	4.75778553872e-07	0.0	0.0	0.0	0.0	0.0	0.0	0.0	0.0	0.0	0.0	0.0	0.0	0.0	0.0	0.0	0.0	0.0	0.0	0.0	0.0	0.0	0.0	0.0	0.0	0.0	0.0	0.0	0.0	0.0	0.0	0.0	0.0	0.0	0.0	0.0	0.0	0.0	0.0	0.0	0.0	0.0	0.0	0.0	0.0	0.0

Species	0	0

Site	90	90
1142	0.0296518873535	-0.0404482220509	-0.04545355193	0.0495584570017	0.00354734151433	-0.0082643351235	0.0158754692206	-0.00622079465533	0.000649203253076	-0.00228229451718	0.0120440442717	-0.000826436136577	0.0060119840203	-0.00655682009917	0.00128174085389	-0.00838617285238	0.0002800642561	-0.00410709205584	0.00272490665667	-0.000289860788389	0.00114246326607	-0.000743359462266	-0.000656223061633	0.00129408170097	0.000606652318445	-0.00125871099733	-0.000130874205782	-0.000472101968382	0.000118167406226	9.53392374822e-05	0.00111733683151	0.000367704781051	5.22282128934e-05	0.000109010528188	3.57085414896e-06	6.79382387317e-05	0.00010473130848	3.58247117547e-05	0.000109544048338	0.000118886795054	5.08607478349e-05	9.34625502485e-06	2.57271878075e-05	8.87032232915e-06	3.83631663893e-06	0.0	0.0	0.0	0.0	0.0	0.0	0.0	0.0	0.0	0.0	0.0	0.0	0.0	0.0	0.0	0.0	0.0	0.0	0.0	0.0	0.0	0.0	0.0	0.0	0.0	0.0	0.0	0.0	0.0	0.0	0.0	0.0	0.0	0.0	0.0	0.0	0.0	0.0	0.0	0.0	0.0	0.0	0.0	0.0	0.0
1143	0.00990187382343	-0.000685277581392	0.00405892292682	-0.0038982959149	0.00262644454433	-0.00773703369494	0.0099010553278	0.000640262490151	-0.00601619452252	0.00271131656349	-0.00114798385351	0.0017606280616	-0.00156677950377	-0.00269038291329	-0.00789883203152	-0.00129001617721	-0.000731412677842	-0.00351758980048	-0.00263569731682	-0.000217201450254	-0.00379414299381	-0.002640597564	-0.00258842264939	0.000385457504328	-0.00138565013602	0.000733394373404	-0.00120700539525	-0.0015718436688	-0.000348788752049	0.000878553584082	-0.000431261705045	-0.000534902407074	0.000667875444353	0.000286902315163	-9.34093515116e-05	-0.000234731099353	2.50441960362e-05	-0.000233510011442	3.24640904305e-06	-6.59328394755e-05	0.000200071565119	8.15061705849e-05	3.59074969207e-05	2.60287919477e-08	-3.37169604036e-05	0.0	0.0	0.0	0.0	0.0	0.0	0.0	0.0	0.0	0.0	0.0	0.0	0.0	0.0	0.0	0.0	0.0	0.0	0.0	0.0	0.0	0.0	0.0	0.0	0.0	0.0	0.0	0.0	0.0	0.0	0.0	0.0	0.0	0.0	0.0	0.0	0.0	0.0	0.0	0.0	0.0	0.0	0.0	0.0	0.0
1141	0.0317615024557	-0.0371278686001	-0.0415090989451	0.0443084016731	0.0190291824164	-0.0143583890412	0.0180859209401	0.00591828962664	-0.0107053424193	-0.00240418137688	-0.01078478217	-0.00599057427017	-0.00870314660378	0.00202258312819	-0.00167992681581	0.00179103211257	-0.000488186963399	0.00242199173104	-0.00171482151378	0.00413501823859	-0.00246166441508	-0.00124566669672	0.00252025118336	0.00148216175392	-0.000585030563541	0.000182694228679	4.82531541167e-05	-6.26455275725e-05	-5.25847634522e-06	-5.56502346359e-05	0.000109440671175	2.98811547092e-05	-0.000159260317107	0.000193992757098	-4.66460272119e-05	0.000137529076402	6.23780731769e-05	-6.41087628244e-05	7.97056742929e-05	5.58994160518e-05	6.21842103821e-05	1.85453013939e-05	-1.3146566413e-05	-1.34271641894e-05	3.16614991069e-06	0.0	0.0	0.0	0.0	0.0	0.0	0.0	0.0	0.0	0.0	0.0	0.0	0.0	0.0	0.0	0.0	0.0	0.0	0.0	0.0	0.0	0.0	0.0	0.0	0.0	0.0	0.0	0.0	0.0	0.0	0.0	0.0	0.0	0.0	0.0	0.0	0.0	0.0	0.0	0.0	0.0	0.0	0.0	0.0	0.0
1146	-0.00755384265893	0.00495321018974	0.0043942683338	-0.0134835568719	-0.000659812443091	-0.000373911478416	0.00878301526919	0.00809079806388	-0.00790213486016	0.00417499350289	0.00116944408142	-0.00450292014143	-0.0025774167031	-0.000577568108214	0.00129807771623	0.000500206761416	0.00283220207369	0.000547081489513	-0.000406997889332	0.00103291945703	-0.00150638195762	-0.000107030948157	0.00322761096117	-0.00113424325891	-0.00264607149464	-0.00111523572983	0.00171221166848	-0.00235500931226	0.000836066201976	0.000463376774747	0.000668254496827	0.00131473888056	-0.000234899446573	-0.00105497803408	0.000202263565577	0.00053748912814	-0.000312081570977	-0.000220404322388	0.000110906958934	5.70256087659e-05	-8.59034535263e-05	0.000151241403787	0.000305593194286	8.09656669557e-05	-2.21994767293e-05	0.0	0.0	0.0	0.0	0.0	0.0	0.0	0.0	0.0	0.0	0.0	0.0	0.0	0.0	0.0	0.0	0.0	0.0	0.0	0.0	0.0	0.0	0.0	0.0	0.0	0.0	0.0	0.0	0.0	0.0	0.0	0.0	0.0	0.0	0.0	0.0	0.0	0.0	0.0	0.0	0.0	0.0	0.0	0.0	0.0
1147	-0.00841824026417	-0.0100616873537	-0.000819068581878	-0.0253404285172	0.00104059755107	0.003014735165	-0.00249986406342	-0.00472028104788	-0.00413122452013	0.00856161561524	-0.00078083939932	-0.00452468318412	0.0010617003621	-0.000478538322261	0.00605721888297	-0.00381450802785	-0.00335430079184	0.00452195470602	0.00036969351239	-0.00364828437357	0.000415008371717	0.00454863224742	-0.000130237368724	0.00228273202554	-0.00326069764564	0.000308317017745	0.000947176582595	-0.000215684863527	0.00128676932618	-0.000624738757114	0.000301824224952	0.000231038717672	0.000417031211202	0.000480763680153	0.000161810625056	7.7268961519e-05	0.000316790985905	-0.000827645004586	0.000136673040453	0.000122453895411	-2.01092472338e-05	8.22527308673e-05	4.30255052734e-05	7.11283253859e-05	2.2880175628e-05	0.0	0.0	0.0	0.0	0.0	0.0	0.0	0.0	0.0	0.0	0.0	0.0	0.0	0.0	0.0	0.0	0.0	0.0	0.0	0.0	0.0	0.0	0.0	0.0	0.0	0.0	0.0	0.0	0.0	0.0	0.0	0.0	0.0	0.0	0.0	0.0	0.0	0.0	0.0	0.0	0.0	0.0	0.0	0.0	0.0
1144	-0.00134485628462	0.00287552784757	0.00508498874538	-0.0106320877204	-2.78639082456e-05	-0.00248742956383	0.00753590098767	0.00575451238171	-0.00773941711062	0.00471510820174	0.00108134123172	-0.00459422423763	-0.00254956232895	-0.000672851955792	-0.00226949586152	-0.0017048692997	0.00161361089513	-0.000626954531561	0.000682189007949	0.00234739906786	-0.00081565151271	-0.000463145621328	-0.00129188073916	-0.00229586408057	0.000654649251316	0.0011080478718	0.00260938294505	0.00177129236751	0.00271626255975	-0.000270005406835	0.000182253774962	-0.000943670526047	-0.00102526080821	0.000243013698368	0.00018839983665	-0.00015752587241	-0.000264918094283	0.000193337691163	4.78711612493e-05	-0.000114709593874	-2.33046703744e-05	-0.000111515157426	-0.000149439374867	-0.000118502825864	3.23126204339e-05	0.0	0.0	0.0	0.0	0.0	0.0	0.0	0.0	0.0	0.0	0.0	0.0	0.0	0.0	0.0	0.0	0.0	0.0	0.0	0.0	0.0	0.0	0.0	0.0	0.0	0.0	0.0	0.0	0.0	0.0	0.0	0.0	0.0	0.0	0.0	0.0	0.0	0.0	0.0	0.0	0.0	0.0	0.0	0.0	0.0
1145	0.0170088185007	-0.010128989415	0.000552927400953	-0.00324122223779	0.00452367082896	-0.0095294650736	0.00774646366838	-0.00812725960326	0.00177511776157	-0.00591347938945	-0.00361193612691	0.00665622888121	0.00253259285969	-0.00188221161907	-0.00341652174854	-0.000333295394002	-0.0032551489573	-0.00154931675	-0.00303911196625	-0.00614726525983	0.000528461154076	0.00243952930329	0.0030050492792	0.00138361463499	0.00079931931937	0.00160492860316	0.00149884209508	-0.000688612600952	0.00128150952106	-8.88655363217e-05	0.00123135962794	0.000602350223149	0.000333194856103	-0.000167944820586	-0.000784252887235	0.000135171686349	-0.000307020564453	0.000103679302793	-0.000167657934104	-0.000399246245638	0.000188515918029	3.94068113709e-05	-1.591716145e-05	9.5851819199e-06	1.86123177951e-06	0.0	0.0	0.0	0.0	0.0	0.0	0.0	0.0	0.0	0.0	0.0	0.0	0.0	0.0	0.0	0.0	0.0	0.0	0.0	0.0	0.0	0.0	0.0	0.0	0.0	0.0	0.0	0.0	0.0	0.0	0.0	0.0	0.0	0.0	0.0	0.0	0.0	0.0	0.0	0.0	0.0	0.0	0.0	0.0	0.0
762	0.0203732980982	-0.0133271840077	0.0073360772322	-0.00510333939194	-0.00194338207362	-0.00714202656671	0.000441217864033	-0.00311232051685	0.000302800776648	-0.00205347931569	0.000447389570438	-9.75348512569e-05	0.000500990237907	-0.000611632663082	0.00119850968618	0.000838820999759	0.00211067619347	0.0049068624224	-0.00159429078148	0.000725865039467	0.000895847502586	-0.00143395351287	0.00162756531286	0.00145805882385	0.00206595178476	-0.000313314746894	0.00105896369509	0.000466285946918	0.000366964518886	4.9822840121e-05	0.000453885302874	0.000257792886221	0.00124768288362	0.000877843534662	-0.00131872325532	0.00115794046117	0.0011017762179	5.091344325e-05	-0.000721401210627	0.000266181824065	0.000379332364312	5.17660785646e-05	-0.000216383045209	-0.000167986125946	9.63634362401e-05	0.0	0.0	0.0	0.0	0.0	0.0	0.0	0.0	0.0	0.0	0.0	0.0	0.0	0.0	0.0	0.0	0.0	0.0	0.0	0.0	0.0	0.0	0.0	0.0	0.0	0.0	0.0	0.0	0.0	0.0	0.0	0.0	0.0	0.0	0.0	0.0	0.0	0.0	0.0	0.0	0.0	0.0	0.0	0.0	0.0
763	0.0337842547138	-0.0230294016009	0.00781120300779	0.00150703065156	3.4521116519e-05	0.00199594098847	0.00144506912449	-0.00173720785062	0.000946858014057	-0.00238362371808	0.000749110305697	-0.00135435310596	0.000340167097461	0.00495033531228	-0.000434888907504	0.00270029188518	0.00205360731368	0.00136374519522	0.00288687722894	0.000215908715774	0.000774122612614	0.000346019636263	-0.0013111204547	0.00126547792308	-0.00154109139753	-0.0010285103313	-0.00137234597806	0.000795104886934	0.00216077109992	0.000723895704518	0.00104416290026	0.00208389487582	0.000296738285712	0.00132688767836	-0.00072576227636	0.000263104408342	-0.000255421096789	0.000130437938875	0.00056234920519	-0.000129111272423	0.000437597405047	-0.000111627192844	3.45342701209e-05	8.32767297929e-05	-6.96025940407e-05	0.0	0.0	0.0	0.0	0.0	0.0	0.0	0.0	0.0	0.0	0.0	0.0	0.0	0.0	0.0	0.0	0.0	0.0	0.0	0.0	0.0	0.0	0.0	0.0	0.0	0.0	0.0	0.0	0.0	0.0	0.0	0.0	0.0	0.0	0.0	0.0	0.0	0.0	0.0	0.0	0.0	0.0	0.0	0.0	0.0
760	-0.0691752053474	0.012672338495	-0.016808836933	-0.00163380718806	-0.0163678366256	-0.000606244698125	-0.00064842898564	-0.00412553762141	0.0107880046021	-0.0119971917677	0.00759880878505	0.000597789136742	-0.00367174622367	0.00128294252272	0.00226097434178	-0.00335484570789	-0.0110108303021	0.00412245399745	0.00246830068846	-0.00326500478839	0.00408037435996	-0.00222963616432	-0.00249899598414	0.00247334389324	-6.59956878842e-05	-0.000942389572762	-3.00545450515e-05	-0.00110413412135	0.000402931597122	-0.000457937105273	-1.11070525133e-06	0.000271390359012	-0.000687359201099	0.000178881235172	-1.40734021368e-05	-4.38606423786e-05	9.05392932866e-05	0.000108932822033	-4.52264863928e-05	-4.03313273563e-05	-2.75240012981e-05	2.03108971026e-05	3.84515099678e-05	-2.27194678611e-05	2.96507794615e-06	0.0	0.0	0.0	0.0	0.0	0.0	0.0	0.0	0.0	0.0	0.0	0.0	0.0	0.0	0.0	0.0	0.0	0.0	0.0	0.0	0.0	0.0	0.0	0.0	0.0	0.0	0.0	0.0	0.0	0.0	0.0	0.0	0.0	0.0	0.0	0.0	0.0	0.0	0.0	0.0	0.0	0.0	0.0	0.0	0.0
761	-0.140382960738	0.0404431419201	0.0193367543652	0.010491162063	-0.00931457259171	0.00168134522306	0.0183147654489	-0.00184198309732	0.0303077212275	0.0174091423704	-0.0045193608926	-0.00736474467707	0.00329644226018	0.00218984677061	-0.0045431983213	0.00049282441831	-0.000540880824639	0.00196749906828	0.000281998663774	0.00288197254197	7.18135794996e-05	-0.00185566320513	0.000487109871499	0.000657447226912	0.000613835989958	-0.000412296385007	8.06448655389e-05	-0.000490973200705	-4.31250248615e-05	-0.000228923262823	0.000111441671456	0.000145676607423	-0.000221437894835	0.000169060777779	0.000107213019846	-4.41555407027e-05	4.4832496329e-07	1.22016574971e-05	2.36867797487e-05	-5.09798985607e-06	1.27961396273e-05	-3.04956300435e-06	-2.06576018932e-05	-1.3216734346e-05	2.60786081287e-06	0.0	0.0	0.0	0.0	0.0	0.0	0.0	0.0	0.0	0.0	0.0	0.0	0.0	0.0	0.0	0.0	0.0	0.0	0.0	0.0	0.0	0.0	0.0	0.0	0.0	0.0	0.0	0.0	0.0	0.0	0.0	0.0	0.0	0.0	0.0	0.0	0.0	0.0	0.0	0.0	0.0	0.0	0.0	0.0	0.0
766	0.0106502166198	-0.0142363172718	0.00665310579852	-0.0128240782578	-0.00326528416622	-0.00304675217669	-0.00491038872903	0.00183653080679	-0.00180712091341	0.00301605119444	0.00176704018747	-0.00149585886178	-0.000191189530694	0.00130457440183	-0.0047254430407	-0.00134481770886	-0.0015888041037	-0.000886602608382	-0.00227449566588	0.00093018410579	0.00143914725648	-0.00024325994689	-0.00129467764125	0.00228010771226	0.000127321866431	0.000217692682916	-0.00125087197189	0.00215098912283	0.000734572299371	0.000981002923205	-0.00144285363272	0.00225490591685	0.00106564621874	-0.000856015507915	-0.000262945470013	-0.000233923723986	-0.000696075856281	-3.89975969083e-05	0.00035929400253	0.000444480615742	-0.000336117725174	-0.000146943141142	2.76359294895e-05	-7.7224078808e-05	1.67414917859e-05	0.0	0.0	0.0	0.0	0.0	0.0	0.0	0.0	0.0	0.0	0.0	0.0	0.0	0.0	0.0	0.0	0.0	0.0	0.0	0.0	0.0	0.0	0.0	0.0	0.0	0.0	0.0	0.0	0.0	0.0	0.0	0.0	0.0	0.0	0.0	0.0	0.0	0.0	0.0	0.0	0.0	0.0	0.0	0.0	0.0
764	-0.0116325596161	-0.00447489210312	0.00300812660073	-0.0202424592091	-0.00254403180335	0.00271962515499	-0.000600096451591	0.00420002756199	-0.00288356875111	-0.00114843842098	0.00408794647547	-0.00130332243825	0.00131056059112	0.00284675817307	0.0032636463744	-6.39981451368e-06	0.00228961442105	0.00341023533586	-0.000876504049539	0.000987983698748	0.00237195852064	0.00225328942304	0.00203138257758	0.000180602316153	0.000800965310305	-0.0003811574224	-0.00159106573443	-0.00231127929997	-0.000135580201991	0.000240829701951	-0.000858183568253	-0.000548145486854	0.000733526758083	-0.00098684034131	-0.000800059167787	0.00100149998114	0.000702130131105	0.00125290675123	-0.000280006872266	0.000155888353976	-0.000228483535632	-0.000213917262188	-0.000179540281882	-6.19413638995e-05	4.1133301474e-05	0.0	0.0	0.0	0.0	0.0	0.0	0.0	0.0	0.0	0.0	0.0	0.0	0.0	0.0	0.0	0.0	0.0	0.0	0.0	0.0	0.0	0.0	0.0	0.0	0.0	0.0	0.0	0.0	0.0	0.0	0.0	0.0	0.0	0.0	0.0	0.0	0.0	0.0	0.0	0.0	0.0	0.0	0.0	0.0	0.0
765	-0.00140798819331	-0.00920531643994	0.00418022101974	-0.0159113259028	-0.00253911264402	-0.000647230467487	-0.003207891356	0.00209838146977	-0.00267894374089	0.00220961507039	0.00380204106917	-0.00335259765337	0.000305340374257	0.00112430236574	-0.000350524312596	0.000688522455249	-0.000144410161644	0.00241770971932	0.000943971464498	0.000878359933878	0.00342556483216	0.000838281337686	-0.000249402456755	0.000286644801577	0.00180647413555	0.002743075778	0.00189462448349	0.000925598655235	-0.000110517918234	-0.00130951149541	0.0013037646773	-0.000724105926945	-0.000846014936248	0.000363131048693	0.00145695350884	-0.000895536902799	-0.000406632176999	0.000168896949477	-0.000356632557779	0.000103804701323	4.65945625946e-05	0.000149865522242	-1.37423523449e-05	-6.5761343418e-05	-7.05612080421e-05	0.0	0.0	0.0	0.0	0.0	0.0	0.0	0.0	0.0	0.0	0.0	0.0	0.0	0.0	0.0	0.0	0.0	0.0	0.0	0.0	0.0	0.0	0.0	0.0	0.0	0.0	0.0	0.0	0.0	0.0	0.0	0.0	0.0	0.0	0.0	0.0	0.0	0.0	0.0	0.0	0.0	0.0	0.0	0.0	0.0
1148	-0.0196675581378	0.0055213762168	0.00021888958234	-0.0213138144073	0.000558518137278	0.00314274889073	0.0109248145299	0.00432427270343	-0.00721750412946	0.00151297494244	1.9545141106e-05	-0.00327319970505	-0.00187840521642	-0.000758648938223	0.00500298011378	0.000585436956681	0.00114162641431	-0.00148407404422	0.000717848736866	0.00021198358603	-0.00380500793239	-0.00366417011659	-0.000877405939593	0.00286751344971	-0.00127491472422	0.00101133142205	-0.00134928979078	-0.000157244170081	0.000584275276229	-0.00168876006363	-0.00159666548292	-0.000288930411812	-0.000557131729169	0.000509014098594	3.96301375982e-05	-0.000562317128774	0.00104035066815	0.000399295275518	-0.000396985558428	-0.000108270989184	-8.99849917132e-05	-7.44928566907e-05	-0.000189350282174	-3.33652285185e-07	1.55618292684e-06	0.0	0.0	0.0	0.0	0.0	0.0	0.0	0.0	0.0	0.0	0.0	0.0	0.0	0.0	0.0	0.0	0.0	0.0	0.0	0.0	0.0	0.0	0.0	0.0	0.0	0.0	0.0	0.0	0.0	0.0	0.0	0.0	0.0	0.0	0.0	0.0	0.0	0.0	0.0	0.0	0.0	0.0	0.0	0.0	0.0
1149	0.0167172681028	-0.00626108367309	0.00427834566522	-0.00177381468688	0.00271920328085	-0.00937947443133	0.00883845225271	-0.0033139631332	-0.00182759891148	-0.00216081448767	-0.00319541122995	-0.000194467189518	-0.000164205187708	-0.00309010329875	0.00150121131499	-0.00158037688956	-0.000494010569391	0.00155013999213	-3.24582438067e-05	-0.00356542560568	-0.0052150619606	-0.00243482669803	-0.000859015709305	0.000650384131512	0.00145449036868	-0.00142217289389	0.000101517401229	0.00142773115718	-0.00214349482877	-0.000346825008715	0.000399977639706	0.00143091152086	-0.000181952320187	-7.32472571073e-06	0.00119202634574	0.000642755300112	0.000297055935949	-8.84019662161e-05	-0.000173768493595	-0.000124489509531	-0.000373660949268	-0.000198979507252	-0.000111233058506	8.05409071646e-05	5.71089637721e-05	0.0	0.0	0.0	0.0	0.0	0.0	0.0	0.0	0.0	0.0	0.0	0.0	0.0	0.0	0.0	0.0	0.0	0.0	0.0	0.0	0.0	0.0	0.0	0.0	0.0	0.0	0.0	0.0	0.0	0.0	0.0	0.0	0.0	0.0	0.0	0.0	0.0	0.0	0.0	0.0	0.0	0.0	0.0	0.0	0.0
1154	0.0351910306934	-0.0344347533514	-0.0109389186539	0.0248137970868	0.0054561915302	0.00935600606962	-0.0158467121867	0.00915978235801	0.00796500888768	-0.00272007899453	-0.000883400929611	0.00204536155671	-0.0012995114544	-0.00170384392329	0.0034964624135	-0.003137805915	-0.00225581858937	-0.00277752329235	3.14833796562e-05	-0.00150948154295	-0.00229176175069	0.00175269045486	0.00102209343831	0.000180793122836	-0.0021052825786	0.00209586125037	0.00295920997908	0.000183307507943	-0.00172392192071	0.000326026857275	-0.00229851735636	-0.00101142910837	0.000664139965449	-0.000214270146192	-0.000734312864713	-0.000108970891149	-0.000120476344891	-4.59136751376e-05	3.03324817378e-06	2.43162585557e-05	-3.36976735549e-06	3.88789442216e-05	-3.68576920872e-05	-1.27511736119e-05	4.68845935836e-06	0.0	0.0	0.0	0.0	0.0	0.0	0.0	0.0	0.0	0.0	0.0	0.0	0.0	0.0	0.0	0.0	0.0	0.0	0.0	0.0	0.0	0.0	0.0	0.0	0.0	0.0	0.0	0.0	0.0	0.0	0.0	0.0	0.0	0.0	0.0	0.0	0.0	0.0	0.0	0.0	0.0	0.0	0.0	0.0	0.0
1156	0.0316212581221	-0.0323740698253	-0.014793918557	0.0238067036767	0.00816757825592	0.00889999357555	-0.010395824609	0.00906717727328	0.00651279668845	-0.00676720914402	-0.00636448999878	-0.000540066655497	-0.00510409067441	-0.00631009630108	-0.00246326949722	-0.000243322743005	0.00420458003309	0.00266173106682	-0.00107970047154	-0.00343685727571	0.00768356908671	0.000144601804624	-0.00454924613849	-0.0017967051653	-0.000503083722617	-0.00102955812345	0.000155659419168	-0.000765577931736	0.00107435243339	0.0013476811577	-5.73311328437e-05	0.000512198350487	-0.000324657339558	5.94354382549e-06	0.000604966317417	-0.000354215937218	0.000365971252765	-8.59715369099e-05	-0.000388964891295	-0.000133385852059	-0.000263153017336	-7.17360798215e-05	-3.80929844129e-05	5.61930254369e-05	-8.04258842458e-06	0.0	0.0	0.0	0.0	0.0	0.0	0.0	0.0	0.0	0.0	0.0	0.0	0.0	0.0	0.0	0.0	0.0	0.0	0.0	0.0	0.0	0.0	0.0	0.0	0.0	0.0	0.0	0.0	0.0	0.0	0.0	0.0	0.0	0.0	0.0	0.0	0.0	0.0	0.0	0.0	0.0	0.0	0.0	0.0	0.0
1151	-0.00788514709942	0.0133564216548	0.002343319733	-0.0120679686732	0.00504107782755	-0.00109428384372	0.0127449247962	0.00770829123405	-0.0080653795301	0.0138628685303	-0.000918727205254	-0.00266483875208	-0.00478472227483	-0.00138918525523	0.00233500222746	0.0032743618574	-0.0056708389025	0.000482179070204	0.00357909319856	-0.00258060685453	0.00380789562671	0.00466001006085	0.00106388729357	-0.00256174357889	0.00179966668191	-0.000121486474241	-0.00166734933778	-2.06634548476e-05	-0.00219058738635	0.000814526317699	0.000418505177671	0.000144200775075	0.000711220402848	0.000391305583308	-0.000321015189706	0.000124913388588	-0.000263843271786	-9.21316631599e-05	0.000119237417843	9.87415294212e-05	7.50387573529e-05	-9.12144754498e-06	-7.8475671318e-05	-2.41055732913e-05	1.72164833135e-06	0.0	0.0	0.0	0.0	0.0	0.0	0.0	0.0	0.0	0.0	0.0	0.0	0.0	0.0	0.0	0.0	0.0	0.0	0.0	0.0	0.0	0.0	0.0	0.0	0.0	0.0	0.0	0.0	0.0	0.0	0.0	0.0	0.0	0.0	0.0	0.0	0.0	0.0	0.0	0.0	0.0	0.0	0.0	0.0	0.0
1150	0.0242644704407	-0.00512453063905	0.00344074966475	0.00606170026507	0.00440413113118	-0.00957970389328	0.0168939956131	-0.004413103775	0.000575358607309	-0.00387793179426	-0.008434213855	-0.000635131937084	-0.00374933637529	-0.00136489127332	0.00156143803485	0.000680236162331	-0.00132128261854	-0.00478132278692	0.00121996501828	-0.000569340821061	0.00313875686653	0.000462506205786	3.10162894872e-05	0.00337203730192	2.393874466e-05	0.000235655001459	-0.00020459943152	0.00185059150542	0.000749624995078	-0.00154582187767	-0.000410178858745	-0.00102293010122	0.000129053328912	-0.000984024817654	-0.000311949373727	-0.000422640216503	-0.000107917141945	0.000290305846515	0.000115985493592	-1.49195424376e-05	-2.45940850103e-05	2.3179495311e-05	0.000136431343645	2.16194845013e-05	-3.87691578591e-06	0.0	0.0	0.0	0.0	0.0	0.0	0.0	0.0	0.0	0.0	0.0	0.0	0.0	0.0	0.0	0.0	0.0	0.0	0.0	0.0	0.0	0.0	0.0	0.0	0.0	0.0	0.0	0.0	0.0	0.0	0.0	0.0	0.0	0.0	0.0	0.0	0.0	0.0	0.0	0.0	0.0	0.0	0.0	0.0	0.0
1153	0.0343256310561	-0.0416822004475	-0.0197642121895	0.0260534202709	0.00753993392887	0.00589672485657	-0.0153811098735	0.00310674528583	0.00111439067372	8.33729773126e-05	-0.000520810360739	-0.000682592721588	-0.00151968174963	-0.00365584890717	0.00392020177534	0.000315473188682	-0.00164940644395	-0.00143612228722	-0.00515490597724	0.00254891434305	-0.00289828227489	0.00102336361686	-0.000990384424929	-0.00474654962875	-0.00142469591596	0.00125532877534	-0.00316752486654	0.00118314388049	5.45701401982e-07	-0.00237473856314	0.00236424052502	0.0003831056859	0.000127330485114	-0.000258950310691	-0.000126371125878	0.000311148480283	0.000154846533508	0.000431982133754	0.000219466920153	-2.46575073186e-05	0.000269497958192	-2.19567877556e-06	9.85050445585e-05	-3.94398041906e-05	-6.87723106755e-06	0.0	0.0	0.0	0.0	0.0	0.0	0.0	0.0	0.0	0.0	0.0	0.0	0.0	0.0	0.0	0.0	0.0	0.0	0.0	0.0	0.0	0.0	0.0	0.0	0.0	0.0	0.0	0.0	0.0	0.0	0.0	0.0	0.0	0.0	0.0	0.0	0.0	0.0	0.0	0.0	0.0	0.0	0.0	0.0	0.0
1152	-0.0423499663299	0.00369911451055	0.00287295947373	-0.0276825369275	-0.00509724820794	0.0123358900244	0.00187016338535	-0.00575881301952	-0.00237389938223	-0.00857369235386	-0.00792692890867	-4.07720399856e-05	0.000665027014566	0.00202330617003	0.00721217556328	-0.0021737115547	-0.00589830944767	0.00340320041716	0.000925991278916	0.00237200554029	-0.00394963228658	-0.000628805181997	-0.00272072726294	-0.0019713031104	0.000165983022275	-0.00180423245926	0.000560176840372	0.00130414578664	-0.00017782959824	0.00147133541032	0.000562511333743	-0.000401328593996	0.000446055219446	-0.000702665011124	0.000240930307765	-0.000222914706604	-0.000545620465638	-6.49360055756e-05	5.52870999467e-05	4.0925490606e-06	-7.54018883404e-06	-3.62629491972e-05	2.72637916927e-05	3.48938245926e-06	-1.61092881826e-05	0.0	0.0	0.0	0.0	0.0	0.0	0.0	0.0	0.0	0.0	0.0	0.0	0.0	0.0	0.0	0.0	0.0	0.0	0.0	0.0	0.0	0.0	0.0	0.0	0.0	0.0	0.0	0.0	0.0	0.0	0.0	0.0	0.0	0.0	0.0	0.0	0.0	0.0	0.0	0.0	0.0	0.0	0.0	0.0	0.0
448	-0.153456667001	0.0509934642543	0.0269010897582	0.0342705038403	-0.00973829205342	0.00293913570125	-0.0164422531916	0.0061567246654	-0.0048315974764	0.0141992801705	0.00919820456264	0.00950871359955	-0.00412436118112	-0.00287478558508	0.00424751180397	0.00163921456824	0.00358074431958	0.0039017639612	0.00170286674288	0.00335625966021	-0.000874279720727	-0.00150417072324	-0.00169478788927	-0.000447890853683	-5.09952971128e-05	-0.00102283711441	0.000113010060673	-8.21792890809e-05	-0.000249870791146	-0.000204531006522	-0.000240884383789	0.000303105816906	-9.51543166551e-06	0.000251042653301	7.44114625697e-05	-0.000114236153157	1.50515508445e-05	1.96317856812e-05	-5.9653836539e-05	9.91774450568e-06	-2.46278736067e-05	-1.70504456968e-06	-1.86369924891e-05	3.98244753344e-06	3.07387609268e-06	0.0	0.0	0.0	0.0	0.0	0.0	0.0	0.0	0.0	0.0	0.0	0.0	0.0	0.0	0.0	0.0	0.0	0.0	0.0	0.0	0.0	0.0	0.0	0.0	0.0	0.0	0.0	0.0	0.0	0.0	0.0	0.0	0.0	0.0	0.0	0.0	0.0	0.0	0.0	0.0	0.0	0.0	0.0	0.0	0.0
833	0.035611810499	-0.0415583500917	-0.0312436587813	0.0339970885485	0.013902128567	-0.000484028369734	-0.011788589071	-0.000106494145787	-0.00734384469627	-0.000268082615934	-0.00273533359291	-0.0012546193957	0.0153040353871	-0.00258083425977	-0.00374730948178	0.00607490124847	0.00330547600401	0.00258831840518	0.0104656669871	-0.00272042651208	-0.00187591981818	-0.00247000148047	0.00220422599737	0.00187385200233	0.000798028769579	-0.000358328921566	0.0010402161848	-0.000690991933552	-7.61771282243e-05	-0.00012292251456	-0.000405250037313	-0.000356845293538	0.000546357954797	0.000150515431274	-0.000118689594004	-0.000282817058041	-0.000199585044284	-0.000128214825602	9.84538111988e-05	-6.36468336516e-06	-3.56400706551e-05	5.97599232852e-05	-1.54047383433e-05	-2.32324371446e-05	-1.69281397536e-06	0.0	0.0	0.0	0.0	0.0	0.0	0.0	0.0	0.0	0.0	0.0	0.0	0.0	0.0	0.0	0.0	0.0	0.0	0.0	0.0	0.0	0.0	0.0	0.0	0.0	0.0	0.0	0.0	0.0	0.0	0.0	0.0	0.0	0.0	0.0	0.0	0.0	0.0	0.0	0.0	0.0	0.0	0.0	0.0	0.0
836	0.0396046267037	-0.0327437978996	0.00696186689666	0.00323854142916	0.00171554510892	0.0140594826292	0.00244032588079	0.0020605072852	-0.000658347919968	-0.000593551334701	0.00131238449241	-0.000885431723195	0.00292260374449	-0.0035842753553	-0.00128937947362	-0.000646959850634	-0.00156435064204	0.00208078017888	-0.000671027282077	0.00104484841784	0.000927272883524	0.000145549276891	0.00105491485161	0.0012755356957	-0.000751332605273	-0.001485850796	-0.000196626423397	0.000406336087129	-0.000421612436536	-0.00124636451708	-0.00117475350408	0.000312014058659	-0.000293734754721	-0.00103720794946	-0.000185807330251	-0.000498171205899	-0.000914298202172	1.91574671378e-05	0.00015957593199	-0.000207300821354	0.000850397249837	-0.000195002326855	-0.000437647082226	-2.54607080971e-05	0.000189552550063	0.0	0.0	0.0	0.0	0.0	0.0	0.0	0.0	0.0	0.0	0.0	0.0	0.0	0.0	0.0	0.0	0.0	0.0	0.0	0.0	0.0	0.0	0.0	0.0	0.0	0.0	0.0	0.0	0.0	0.0	0.0	0.0	0.0	0.0	0.0	0.0	0.0	0.0	0.0	0.0	0.0	0.0	0.0	0.0	0.0
837	0.0391484212895	-0.033275571343	0.00713414234563	0.00182993267166	0.00120601848146	0.0119721646937	0.00152878424017	0.000438360669145	0.000222244777727	0.00112315746468	0.000192617095417	0.000969172002451	-0.00264967082442	0.00301375240715	-0.000344487791912	-0.000615454993389	-0.000627052283265	-0.000755243610227	-1.71935953995e-05	-0.00118933727759	-0.000769242975147	0.000208824185117	-4.43885374893e-05	0.00031328865844	0.000928414156645	-0.000263670677814	0.000385396850365	0.000199666171723	-0.000181129545441	-0.000475524210282	-0.00103658381165	-0.000201354006561	0.000173406638408	-0.00115396372335	0.000189387417598	0.0010783610286	-0.000262236703854	0.000293703049245	5.50631474297e-06	-0.000375593556394	0.000257543104187	0.000245954057528	0.000245235055827	0.000492453325801	-0.000308965208485	0.0	0.0	0.0	0.0	0.0	0.0	0.0	0.0	0.0	0.0	0.0	0.0	0.0	0.0	0.0	0.0	0.0	0.0	0.0	0.0	0.0	0.0	0.0	0.0	0.0	0.0	0.0	0.0	0.0	0.0	0.0	0.0	0.0	0.0	0.0	0.0	0.0	0.0	0.0	0.0	0.0	0.0	0.0	0.0	0.0
838	0.0388574027514	-0.0333279151096	0.00696214180357	0.00112243717389	0.00124408015683	0.0110041679682	0.000926050618695	-2.66237760564e-05	0.000259834317858	0.00161040441211	-0.000475861063763	0.00130312401923	-0.00334146301296	0.00421196139672	0.00040160707256	-0.000467500296623	0.000625190831522	-0.00213717706199	0.000458867458081	-0.00231513653865	-0.00155313039921	2.24162773807e-05	-0.000687981489252	-0.000596746546394	0.000715451885636	0.000315180956855	0.000904373885407	-0.000527008561448	-0.000245774786741	0.000512619489791	0.000291923616264	-0.000153008481681	0.000779521232316	-9.63907582209e-05	-0.00011071823489	-0.00049896676301	0.000214373376318	0.000755048234828	-0.000566833191511	-3.36277890565e-05	0.000195533708604	0.000605539310693	-0.000468725009702	1.55115303911e-05	1.27777109952e-05	0.0	0.0	0.0	0.0	0.0	0.0	0.0	0.0	0.0	0.0	0.0	0.0	0.0	0.0	0.0	0.0	0.0	0.0	0.0	0.0	0.0	0.0	0.0	0.0	0.0	0.0	0.0	0.0	0.0	0.0	0.0	0.0	0.0	0.0	0.0	0.0	0.0	0.0	0.0	0.0	0.0	0.0	0.0	0.0	0.0
839	0.0402176416687	-0.0370411616833	0.00604731364459	0.00125294112674	0.00226172785193	0.0145044010358	0.00133644505913	0.000491259463184	-0.000660133855087	0.00232319776934	-0.0012094476582	0.000184475118848	0.000863571179767	-0.0053725475711	0.00163003428607	-0.00150335567178	-0.00167946447083	-0.00217385808436	-0.00163059068588	0.0021010101527	0.000243199191982	0.000651673977444	0.000597997384911	0.000904241440534	0.000565187936359	0.000238949633595	9.23100742297e-06	-0.000527636047892	-9.3971336476e-06	0.00141932921676	0.00030459265978	8.36528909776e-05	-0.000706795218689	-0.000480224701066	0.000827885943646	0.000608409311239	-0.000136229071414	0.000211342506903	-0.00124105330668	2.22507642521e-05	0.000201271133889	-0.000374523081213	0.000216694664858	2.66443187751e-05	0.000151874509526	0.0	0.0	0.0	0.0	0.0	0.0	0.0	0.0	0.0	0.0	0.0	0.0	0.0	0.0	0.0	0.0	0.0	0.0	0.0	0.0	0.0	0.0	0.0	0.0	0.0	0.0	0.0	0.0	0.0	0.0	0.0	0.0	0.0	0.0	0.0	0.0	0.0	0.0	0.0	0.0	0.0	0.0	0.0	0.0	0.0
429	-0.140454429044	0.0897275828801	-0.0314255778435	-0.00512317183667	0.0296335024398	0.0159522401254	-0.00059823800326	-0.0153322522976	-0.000610368135453	0.01097956333	-0.0198207209943	0.00127831788993	0.00890015604209	0.00276617301842	0.00174866930772	-0.00365528468566	0.00596449125241	0.000268048082497	-0.00475622430011	-0.00256745572874	0.00124997844626	-0.000302419713357	-0.00163478410521	0.000488777013937	-0.000512718190365	-0.0001416761252	0.000425352779205	-0.00012653255867	-7.04550129235e-05	-0.000168084693317	-0.000110100353312	0.000275752784969	-0.000159678813296	-8.95451972078e-05	0.000113183826854	-7.37132685547e-05	4.40774273266e-05	0.000171353924906	-6.8790291697e-05	-1.13544491485e-05	-1.38168439374e-06	-2.5933656142e-05	-1.44468215414e-06	-4.38303026528e-06	-6.92574273336e-06	0.0	0.0	0.0	0.0	0.0	0.0	0.0	0.0	0.0	0.0	0.0	0.0	0.0	0.0	0.0	0.0	0.0	0.0	0.0	0.0	0.0	0.0	0.0	0.0	0.0	0.0	0.0	0.0	0.0	0.0	0.0	0.0	0.0	0.0	0.0	0.0	0.0	0.0	0.0	0.0	0.0	0.0	0.0	0.0	0.0
1018	-0.179459116616	0.0377857869011	0.0416123114354	0.0125756183173	0.0337448026069	-0.0100655101451	0.00393191527922	0.0133997809952	-0.00696385176478	-0.00469299268061	-0.0064744132532	-0.00955610376628	-0.00719666765195	-0.00310591442825	-0.000555914284625	0.00960897235243	-0.00224639868262	0.00105628729101	-0.000707775553028	-0.00287869912354	9.24162248788e-05	0.00369685040058	-0.00246362068787	0.000273481637333	0.00205974032929	-0.000227226428626	7.82893030552e-06	-0.000896292179693	-0.000209740495875	-8.07005442436e-05	3.74218401954e-05	0.000100580527969	8.87780550976e-05	6.25531007878e-06	-0.000347246964014	-0.000283085507696	-5.53638626652e-05	4.48056561805e-05	-7.35200100649e-05	4.67070948758e-05	-3.49424390976e-05	1.4561453692e-05	9.03351476856e-06	-5.35510108472e-06	-1.38097084245e-06	0.0	0.0	0.0	0.0	0.0	0.0	0.0	0.0	0.0	0.0	0.0	0.0	0.0	0.0	0.0	0.0	0.0	0.0	0.0	0.0	0.0	0.0	0.0	0.0	0.0	0.0	0.0	0.0	0.0	0.0	0.0	0.0	0.0	0.0	0.0	0.0	0.0	0.0	0.0	0.0	0.0	0.0	0.0	0.0	0.0
1019	-0.154854258665	0.0594711738056	0.0163751673146	0.0296359960818	0.031097768701	-0.0100923115607	-0.0052207492629	0.0150899521141	0.00437243483269	-0.00314712917022	-0.00261199240189	0.0010106626862	-0.00746054525317	0.000272212411247	0.00160357507208	-0.00517805989894	-0.000718418128619	0.0025761066753	0.00280960483119	0.00208711924611	0.00270907286381	-0.00375884024541	0.00332574200659	0.000880518021387	-0.00141410846855	0.000399226688065	-9.6105311509e-05	0.000932345228031	9.59089134804e-05	0.000542261196811	8.97034644669e-05	-0.000156990597343	5.03957770506e-05	4.19570866517e-05	0.000216994198144	0.000204243849417	3.49310284547e-06	-0.000219098605435	0.00010595990766	-6.68180426805e-05	8.62204941851e-05	-3.52708497082e-07	-1.74865004693e-06	1.10321708042e-05	2.64849907849e-06	0.0	0.0	0.0	0.0	0.0	0.0	0.0	0.0	0.0	0.0	0.0	0.0	0.0	0.0	0.0	0.0	0.0	0.0	0.0	0.0	0.0	0.0	0.0	0.0	0.0	0.0	0.0	0.0	0.0	0.0	0.0	0.0	0.0	0.0	0.0	0.0	0.0	0.0	0.0	0.0	0.0	0.0	0.0	0.0	0.0
1016	-0.199156452019	0.00430460295727	0.0693615465711	-0.00729970134856	0.0327014288878	-0.00716353185621	-0.0139113235638	0.000776754040755	0.00178957455525	-0.0166407085823	-0.00245427307047	0.00205808750117	0.00870952174256	0.00557244821968	-0.000987740879074	-0.00517072250765	0.00170934573735	-0.000180096270568	-0.00264144101811	0.00042855631788	-0.000296573730499	0.000570767063277	3.80703991125e-05	-0.000462932241521	-0.000586691676015	-1.54265160901e-05	-5.4837082603e-05	1.99743950845e-05	0.000153379566168	-0.000111300093545	-3.87057774875e-06	-9.49965425857e-05	-9.38804482645e-05	-1.93526217156e-05	2.63478756979e-05	9.78617035579e-05	5.37390058379e-05	6.55270248745e-05	-1.79100224187e-05	-1.75892742718e-05	-2.38181470303e-05	-1.97343561184e-06	-5.39241988569e-06	7.30916419389e-07	8.85155420231e-07	0.0	0.0	0.0	0.0	0.0	0.0	0.0	0.0	0.0	0.0	0.0	0.0	0.0	0.0	0.0	0.0	0.0	0.0	0.0	0.0	0.0	0.0	0.0	0.0	0.0	0.0	0.0	0.0	0.0	0.0	0.0	0.0	0.0	0.0	0.0	0.0	0.0	0.0	0.0	0.0	0.0	0.0	0.0	0.0	0.0
1017	-0.208212403239	0.0358156592636	0.0716016315501	0.0120830063683	-0.0122155558472	-1.4201051257e-05	0.0152591618762	-0.00347555209183	-0.011899621207	-0.00576582365755	0.0166167047722	-0.00350212617403	8.71703816902e-05	-0.00266542845909	-0.000735715234958	0.00146776132006	0.000385984745438	-0.00315750389772	0.00110130409066	-0.0019779106818	-0.000620422964546	-0.000809967614747	0.000592435301468	-5.03785041395e-05	-6.02797580658e-05	0.000541641287069	8.74884040281e-06	-0.000173063979606	0.000220724203797	-9.00985748251e-05	-3.65287647168e-05	6.19454627917e-05	-4.84033517884e-05	-9.50768156317e-05	0.000177654984421	2.42033147953e-05	5.32030851831e-05	1.19672342206e-05	5.44142748631e-07	2.40667162941e-06	-9.73860841776e-06	-1.14544362737e-05	6.23328789553e-06	4.91910730529e-06	-3.08298898609e-06	0.0	0.0	0.0	0.0	0.0	0.0	0.0	0.0	0.0	0.0	0.0	0.0	0.0	0.0	0.0	0.0	0.0	0.0	0.0	0.0	0.0	0.0	0.0	0.0	0.0	0.0	0.0	0.0	0.0	0.0	0.0	0.0	0.0	0.0	0.0	0.0	0.0	0.0	0.0	0.0	0.0	0.0	0.0	0.0	0.0
424	0.364894492686	0.130912163985	0.0184325010079	0.0241592827538	0.0018641838569	0.0191404827761	0.00278925891637	0.00418281548942	0.00324116349832	-0.00179895163746	0.00291835044622	0.00216051701159	-0.00653090010376	0.014836181611	-0.00245325100167	-0.00109820759601	0.00230164423818	-0.000835782770016	0.00244269296081	-0.00371209535517	-0.00173476619765	-0.000619406937352	-0.000596916788617	-0.00064658915309	0.000164242748721	7.97212284365e-05	0.00011343826346	-0.000142042853382	-3.69525771719e-05	-6.47785606683e-05	0.000246699830091	-2.57705544455e-05	0.000157037467367	1.09766155507e-05	-5.30392200058e-05	-5.34921423314e-05	4.81900688964e-05	4.70556042058e-05	2.97971358258e-05	1.92256919406e-05	1.41196171745e-05	6.80757556309e-06	9.04435398945e-06	-3.74419372745e-06	-1.0365194477e-06	0.0	0.0	0.0	0.0	0.0	0.0	0.0	0.0	0.0	0.0	0.0	0.0	0.0	0.0	0.0	0.0	0.0	0.0	0.0	0.0	0.0	0.0	0.0	0.0	0.0	0.0	0.0	0.0	0.0	0.0	0.0	0.0	0.0	0.0	0.0	0.0	0.0	0.0	0.0	0.0	0.0	0.0	0.0	0.0	0.0
427	0.345493727516	0.153165317565	0.0298073809089	-0.019742880189	-0.0175028882923	-0.0482042607393	-0.00683103521303	-0.00811638757543	0.00170809044089	0.00127213713067	-0.00283401402248	-0.000339724020917	0.000290196183709	-0.00253623540307	0.00142552559663	0.000634016375798	0.00012909096682	1.05893462447e-05	0.000250229204729	0.000883115205725	0.000645513316274	6.91031010764e-05	7.34241430899e-05	8.06551911198e-05	-0.000313567890471	-0.000101210746547	2.80297492004e-06	5.99590647337e-05	-4.91442124375e-05	-1.17496590528e-05	-1.01185181623e-05	1.51599651917e-06	1.17570870265e-05	1.91033816263e-06	-2.5731318288e-05	-2.19759934533e-06	1.01884721969e-06	-1.6614847772e-05	2.38482588414e-06	-9.54399853222e-06	3.99720636473e-06	4.32685349439e-06	5.61717735137e-07	-2.15587042224e-06	-7.50606651431e-07	0.0	0.0	0.0	0.0	0.0	0.0	0.0	0.0	0.0	0.0	0.0	0.0	0.0	0.0	0.0	0.0	0.0	0.0	0.0	0.0	0.0	0.0	0.0	0.0	0.0	0.0	0.0	0.0	0.0	0.0	0.0	0.0	0.0	0.0	0.0	0.0	0.0	0.0	0.0	0.0	0.0	0.0	0.0	0.0	0.0
426	0.368023424693	0.128640557381	0.0163926557179	0.0302380674635	0.00560563975788	0.0289268884526	0.00287682641865	0.00748246174646	-0.00097816833667	-0.00352502765059	0.0020637717295	-0.00314351777736	0.00744734519354	-0.0114648064583	0.000384128659175	0.00045451725807	-0.00243222662069	0.00102841096168	-0.00262181908867	0.00262281945588	0.00113631919816	0.000759077032529	0.000383879118442	0.00032968605321	0.000157228930655	7.61696329973e-05	-0.000166259854394	8.43947319351e-05	0.000144696996477	5.91193602641e-05	-0.000246382886276	3.40196372151e-05	-0.000189644204802	-3.12490670062e-05	7.84458568666e-05	7.69460501055e-05	-2.63819996766e-05	-1.99647158251e-05	-4.25301048262e-05	-1.56350887442e-05	-1.76663149864e-05	-1.26949977835e-05	-6.43240558306e-06	5.89492225587e-06	7.00499670778e-07	0.0	0.0	0.0	0.0	0.0	0.0	0.0	0.0	0.0	0.0	0.0	0.0	0.0	0.0	0.0	0.0	0.0	0.0	0.0	0.0	0.0	0.0	0.0	0.0	0.0	0.0	0.0	0.0	0.0	0.0	0.0	0.0	0.0	0.0	0.0	0.0	0.0	0.0	0.0	0.0	0.0	0.0	0.0	0.0	0.0
449	-0.0924343783103	0.0149181896231	0.0018985586646	-0.00511277735825	-0.0442238609038	0.0209476309828	-0.0180178075641	-0.0240610805251	-0.0028839482776	0.00224255357479	0.00544399551814	-0.00433156562828	-0.00607384418965	-0.00298248063241	-0.00395947132789	0.00295833846598	0.00438765454891	0.00184576887688	-0.00010548316418	0.0012677508989	-3.27636067768e-05	0.00057276113861	0.002647931573	0.00041808660561	0.000796135102005	0.00112927583356	-0.000131623717226	-7.34003333575e-05	-0.000432210317687	-0.000231617909813	-5.61671560832e-05	3.68640856531e-05	0.000115887191516	8.12151571668e-05	-0.000111878354027	7.46133638373e-05	0.000111152800876	-7.06853757143e-05	7.54259479277e-05	4.70767013243e-05	8.04463650916e-05	1.28328207916e-05	2.48856829308e-06	7.4716285864e-06	-2.24864535168e-06	0.0	0.0	0.0	0.0	0.0	0.0	0.0	0.0	0.0	0.0	0.0	0.0	0.0	0.0	0.0	0.0	0.0	0.0	0.0	0.0	0.0	0.0	0.0	0.0	0.0	0.0	0.0	0.0	0.0	0.0	0.0	0.0	0.0	0.0	0.0	0.0	0.0	0.0	0.0	0.0	0.0	0.0	0.0	0.0	0.0
1138	0.0299579876746	-0.0576816415279	-0.0515366377259	0.0418710349638	0.00472200561581	-0.018031101829	0.0143867131911	-0.0146667495896	-3.91876505169e-05	0.00720511548972	0.00911973497372	0.00708570836086	-0.00337872826224	0.00885224758686	0.000363443768328	0.00541949710572	-0.00133178290936	0.0045431889846	-0.00499124153516	-0.000466951477038	0.00217553722755	0.0010206202083	-0.000550209286004	-0.00223276195789	-0.000488199003522	0.000305344859777	-8.54528755401e-05	0.000760043943857	-0.000331504462119	0.000392995714984	-0.00121027692193	-0.00017323097068	-0.000278986247993	-0.000131089360736	0.00011409035832	-8.90925352851e-05	-0.000157378104637	-5.07647959068e-05	-0.000184016884737	-0.000143376200925	-7.75117941052e-05	-3.17080788696e-05	-1.67975523715e-05	8.69983020958e-06	-3.73640385366e-06	0.0	0.0	0.0	0.0	0.0	0.0	0.0	0.0	0.0	0.0	0.0	0.0	0.0	0.0	0.0	0.0	0.0	0.0	0.0	0.0	0.0	0.0	0.0	0.0	0.0	0.0	0.0	0.0	0.0	0.0	0.0	0.0	0.0	0.0	0.0	0.0	0.0	0.0	0.0	0.0	0.0	0.0	0.0	0.0	0.0
442	0.0385266337585	-0.0290228180831	0.00673975344434	0.00410303944474	0.00223842753553	0.0136700618597	0.0041672760531	0.00183472510167	-0.000386061437262	-0.00154655321931	0.00217890784662	-0.00141275973408	0.00456235630478	-0.000523095263779	-0.00268900062345	0.000900298403218	-0.00104668555322	0.00351265001433	-6.31770990467e-05	0.000659350948724	-0.000721420766993	0.000230315978219	0.00182428834116	-0.000438115274098	-0.0011424475019	0.00018933512013	-0.00080534339083	0.00140751666299	7.91084049001e-05	0.00162920672557	-0.00103652792751	0.000269973682668	-0.000982126017528	0.000851921535367	0.000315639702512	0.000337726915442	0.000616994300626	0.000423108520584	-0.00047566575635	-0.000400227734215	0.000213444011603	-0.000189084763908	0.000332537110204	-6.18080661119e-05	-0.000128212963942	0.0	0.0	0.0	0.0	0.0	0.0	0.0	0.0	0.0	0.0	0.0	0.0	0.0	0.0	0.0	0.0	0.0	0.0	0.0	0.0	0.0	0.0	0.0	0.0	0.0	0.0	0.0	0.0	0.0	0.0	0.0	0.0	0.0	0.0	0.0	0.0	0.0	0.0	0.0	0.0	0.0	0.0	0.0	0.0	0.0
441	0.0390961071331	-0.0356137669666	0.00568863210632	0.00114480754764	0.00269647540161	0.0142522743221	0.00176232050451	-0.000425121669134	-0.000253644183961	0.0020397224791	-0.00113336784416	-0.000694799105157	0.000288686575529	-0.00251152973096	0.00141985807004	-0.000779092998592	-0.00146688851355	-0.00179103001008	-0.00133774249286	0.000388906805543	-5.72094406901e-05	0.000409657509699	-0.00061194986094	2.92456080131e-05	0.00170097313652	0.000477465778448	0.000157777544151	-0.000448140450753	0.00032054819988	0.00177834004003	-0.000159801913998	-0.000818886661626	-0.000369496408414	0.000503431822493	8.99643706887e-06	0.000380357166021	-0.000210363847319	-0.00034608715214	0.000577933721405	0.000311857592539	0.000216642636873	0.000270810094652	0.00024613020922	-0.000253407193281	0.000187593309778	0.0	0.0	0.0	0.0	0.0	0.0	0.0	0.0	0.0	0.0	0.0	0.0	0.0	0.0	0.0	0.0	0.0	0.0	0.0	0.0	0.0	0.0	0.0	0.0	0.0	0.0	0.0	0.0	0.0	0.0	0.0	0.0	0.0	0.0	0.0	0.0	0.0	0.0	0.0	0.0	0.0	0.0	0.0	0.0	0.0
440	0.0382889862255	-0.0329230139684	0.0058480281416	0.00243114228788	0.00252000015667	0.0136158835907	0.00251127989713	0.000455640342225	-0.000290697309971	0.000397216528347	0.000168027981618	-0.00145249789878	0.00148309304546	-0.00149898047352	-1.4336085919e-05	-0.000182685956873	-0.000914969714451	0.000488065109165	-0.00114227771547	0.000343829537425	0.00068468083568	-0.00039440160653	8.98611242394e-05	-0.000347301172689	0.00145054143162	0.000577912448561	-0.000497647884443	-9.30939820736e-05	0.000479209242562	8.06932327352e-05	-0.000323792545401	-0.00125726568434	-0.000846964767123	0.000592660734564	-0.000772832395661	0.000985795682402	0.000238431754917	-0.00147090356212	0.000252133506124	3.87197763407e-05	-0.000617971067889	-0.000406024875261	-0.000429977416175	0.00052681569308	-0.000129352710003	0.0	0.0	0.0	0.0	0.0	0.0	0.0	0.0	0.0	0.0	0.0	0.0	0.0	0.0	0.0	0.0	0.0	0.0	0.0	0.0	0.0	0.0	0.0	0.0	0.0	0.0	0.0	0.0	0.0	0.0	0.0	0.0	0.0	0.0	0.0	0.0	0.0	0.0	0.0	0.0	0.0	0.0	0.0	0.0	0.0
447	-0.15105144507	0.0580626669866	-0.000107863060672	0.0357099939881	-0.0479216803223	0.00266699475699	0.00257520257939	0.0127190511064	-0.00229837109985	0.0069192056366	-0.0183251787648	0.00994821227948	0.00815200257773	0.00369303397076	-0.00060563944004	0.00149385176537	-0.000977043454908	0.000622730422313	-0.00120244607679	-0.00015621601041	0.00103113227252	0.00160725878278	0.000747428670377	0.000842121397973	0.000733560539927	0.000876037056516	-0.000567359679361	0.000195429404899	0.000191272718435	-0.000247558640337	0.000339775152315	-0.000179434967187	-4.02246563574e-05	-0.000152317890859	-6.29666963091e-05	0.000157060457451	2.72823417002e-05	5.89499748366e-06	4.88675648199e-05	2.88452385498e-05	3.1387544577e-05	1.02771588751e-05	1.51264480544e-05	-3.2387565148e-06	2.37057800146e-06	0.0	0.0	0.0	0.0	0.0	0.0	0.0	0.0	0.0	0.0	0.0	0.0	0.0	0.0	0.0	0.0	0.0	0.0	0.0	0.0	0.0	0.0	0.0	0.0	0.0	0.0	0.0	0.0	0.0	0.0	0.0	0.0	0.0	0.0	0.0	0.0	0.0	0.0	0.0	0.0	0.0	0.0	0.0	0.0	0.0
844	0.0383958829336	-0.0328220973864	0.00763289970893	0.000362626582325	0.000380867137966	0.00831590751148	-0.000370159910986	-0.000542547539557	0.000601480747367	0.00160493324597	-0.00118696596245	0.00198334506803	-0.00405403776075	0.00411134065398	0.00118279306512	-0.000397261428092	0.00100314615018	-0.00300214913414	0.000217929789042	-0.000891479854885	-0.000255989690945	0.000484849908	-0.000344121148433	0.000534115922437	0.000780547313347	0.000708802007829	0.000946173014864	-0.000513291764864	3.62501870603e-06	-0.00010036866446	0.000619056913963	-5.55313423604e-05	4.88536162777e-05	0.000105383276641	0.000310552990527	-0.00094982931226	0.000167553258789	-0.000188485979444	0.000188448840431	0.000640013291647	0.000637201148097	-0.000426487009001	0.000349937609358	0.00030740109404	0.000152227861799	0.0	0.0	0.0	0.0	0.0	0.0	0.0	0.0	0.0	0.0	0.0	0.0	0.0	0.0	0.0	0.0	0.0	0.0	0.0	0.0	0.0	0.0	0.0	0.0	0.0	0.0	0.0	0.0	0.0	0.0	0.0	0.0	0.0	0.0	0.0	0.0	0.0	0.0	0.0	0.0	0.0	0.0	0.0	0.0	0.0
843	0.0384030762605	-0.0288950956499	0.00757703654129	0.00362819040115	0.00117706020102	0.0112511480865	0.00298902434762	0.00149554839312	0.000111078670463	-0.00124508590369	0.00212592204409	0.000107625993424	-7.38839472636e-05	0.00488287215789	-0.00288705455979	0.00082575666864	0.00077864596022	0.00208107836035	-3.12732282783e-05	-0.00180538466027	-0.00102377086348	-0.000351475430742	0.000733320351595	-0.00046957702196	-0.000678673527328	-0.000674657816168	-0.000411329270111	0.000620103320321	-0.000125181586372	-0.000278472620655	-0.0012251160329	0.000667746366166	-0.000502935604316	-0.00077144892111	0.000791358945192	0.000199085034658	0.000882873997683	-5.60596023127e-06	0.00080322395026	0.00077974037561	-0.000536523651779	0.000508701562088	9.62923776015e-05	-4.72121344227e-05	0.000183942826732	0.0	0.0	0.0	0.0	0.0	0.0	0.0	0.0	0.0	0.0	0.0	0.0	0.0	0.0	0.0	0.0	0.0	0.0	0.0	0.0	0.0	0.0	0.0	0.0	0.0	0.0	0.0	0.0	0.0	0.0	0.0	0.0	0.0	0.0	0.0	0.0	0.0	0.0	0.0	0.0	0.0	0.0	0.0	0.0	0.0
842	0.0395468882834	-0.0334119200219	0.0065020912789	0.00310059444206	0.00187483751018	0.014134672882	0.00240121396266	0.00174095316757	-0.000737278120663	-0.0002390676301	0.000907070382541	-0.00084790188168	0.0030386736925	-0.00403462057633	-0.00115220694781	-0.000750483289578	-0.000989061966735	0.00142561978311	-0.00120132743155	0.00146700757381	0.00140199316895	-0.000293432831654	0.00104176740603	0.000493141748598	-0.000352429722734	-0.000785451229386	-0.000186305194706	-7.77430982592e-05	-0.000400626434081	-0.00172650233575	0.000244693439156	0.000369032838674	-0.000391760079141	9.4062580915e-05	-0.000552331500889	-0.000188746431616	-0.000567130615061	-0.000425963407909	-0.000337320704878	5.15003634729e-05	-0.000347639233707	0.000710546103393	0.000181260708582	-0.000329168767418	-0.000105738826027	0.0	0.0	0.0	0.0	0.0	0.0	0.0	0.0	0.0	0.0	0.0	0.0	0.0	0.0	0.0	0.0	0.0	0.0	0.0	0.0	0.0	0.0	0.0	0.0	0.0	0.0	0.0	0.0	0.0	0.0	0.0	0.0	0.0	0.0	0.0	0.0	0.0	0.0	0.0	0.0	0.0	0.0	0.0	0.0	0.0
841	0.0397321858286	-0.0348994077498	0.00684932928741	0.00148689265341	0.00148061245657	0.0127102628356	0.00117112152087	0.000571413818365	0.000151350229552	0.00152234985797	-0.00052984479979	0.000876453590525	-0.00239801651402	0.00135923901233	0.000508947825927	-0.000983725843365	-0.00070494694806	-0.00150361161015	-0.00104905707358	-0.000543351810797	-0.000439875074602	0.000111162411712	-0.000360809653311	0.000670701083663	0.00104523715415	0.000325320740318	0.000696944955766	-0.000262799618569	-9.44081815957e-05	0.000407471000742	-0.000645238882727	0.000482826600942	-0.000527616650253	0.000277298410226	0.000297124084308	3.47663190698e-05	0.000235080301398	0.000250584005773	0.000505925462853	0.000896774526439	0.000311905079028	-0.000105962093072	-0.000350131929313	-0.000345478423042	-0.000297828903513	0.0	0.0	0.0	0.0	0.0	0.0	0.0	0.0	0.0	0.0	0.0	0.0	0.0	0.0	0.0	0.0	0.0	0.0	0.0	0.0	0.0	0.0	0.0	0.0	0.0	0.0	0.0	0.0	0.0	0.0	0.0	0.0	0.0	0.0	0.0	0.0	0.0	0.0	0.0	0.0	0.0	0.0	0.0	0.0	0.0
439	0.0374257136705	-0.0279951929246	0.00784256082252	0.00206508414387	0.00041305012239	0.00702533161386	0.00122333466972	-0.000143058356556	0.000388619909413	-0.000535392394687	0.0011933012869	0.00144776595503	-0.00190252099128	0.00578194610969	-0.00197374030402	0.000847757675201	0.00180230089744	-7.89712946935e-05	0.0013918307645	-0.00129717643037	-0.00106224641233	-9.96304239123e-05	0.000849013071002	-0.00123586832363	-0.00153741471548	-0.00150351605905	-2.57560566196e-05	0.000380178365992	-0.000501116206683	-0.000937825091956	0.000539434477274	-0.000887762260929	0.000276915013673	-0.000605432922354	-0.0016185267145	-0.000787865302954	-0.000259556861517	-0.000471124577759	-0.000644122874294	0.000303569645526	-0.000394060482132	-0.000733663930629	0.000215486326456	-0.000146848352066	2.58971523011e-05	0.0	0.0	0.0	0.0	0.0	0.0	0.0	0.0	0.0	0.0	0.0	0.0	0.0	0.0	0.0	0.0	0.0	0.0	0.0	0.0	0.0	0.0	0.0	0.0	0.0	0.0	0.0	0.0	0.0	0.0	0.0	0.0	0.0	0.0	0.0	0.0	0.0	0.0	0.0	0.0	0.0	0.0	0.0	0.0	0.0
436	0.0381596202031	-0.03321135799	0.0066170368669	0.00148899505333	0.00135419483859	0.0116451457906	0.0014139702627	-0.000189796209192	0.000457754725077	0.0013465396107	-0.000137612059868	0.000506813971179	-0.0030353791736	0.00366055584462	6.59172891403e-05	-0.000431224281315	-0.000243060601594	-0.00111240058678	0.000183894624041	-0.00120505261955	-0.000761277806723	-0.000281411161971	-0.000659296163133	0.000104376675459	0.00159935290169	0.000752956750193	2.93445216579e-05	6.64522722594e-05	0.000222290080349	-0.000484795886528	-0.000557335714765	4.47519909976e-05	0.000174505974246	0.000489541864007	0.000520210533574	0.000412070939706	0.000248812701713	0.000668850916456	0.000249869102702	-0.00143921331242	-0.000581071762961	-0.0001971503827	0.000195618772996	-0.000281807392161	0.000105586669272	0.0	0.0	0.0	0.0	0.0	0.0	0.0	0.0	0.0	0.0	0.0	0.0	0.0	0.0	0.0	0.0	0.0	0.0	0.0	0.0	0.0	0.0	0.0	0.0	0.0	0.0	0.0	0.0	0.0	0.0	0.0	0.0	0.0	0.0	0.0	0.0	0.0	0.0	0.0	0.0	0.0	0.0	0.0	0.0	0.0
437	0.0394858528922	-0.0374158069902	0.00523721960143	0.00145405189876	0.002464784179	0.0144866742726	0.00124828136074	0.000479423433551	-0.000914462950491	0.00214645730569	-0.00122624017357	-0.000173684104884	0.00144101654949	-0.00565380085683	0.00113568549312	-0.000908275445164	-0.00109014982537	-0.000786429070956	-0.000445812342282	0.00170176533876	0.000488014537278	-0.00083121047594	0.000481378310559	0.000292784954373	-1.72563397472e-05	0.000169982647432	3.81668242873e-06	-0.000529272996866	-0.000151784332048	-0.000323537036803	0.00193757072952	0.000255203363096	0.00221431825249	0.000559085259156	-0.000320929022618	-0.00148881577738	0.000327238157385	0.000708187288885	0.000773206045113	-0.000134861559438	-0.000600972752143	-0.000143164696852	-5.19998218012e-05	0.000190313958924	-4.98543894333e-05	0.0	0.0	0.0	0.0	0.0	0.0	0.0	0.0	0.0	0.0	0.0	0.0	0.0	0.0	0.0	0.0	0.0	0.0	0.0	0.0	0.0	0.0	0.0	0.0	0.0	0.0	0.0	0.0	0.0	0.0	0.0	0.0	0.0	0.0	0.0	0.0	0.0	0.0	0.0	0.0	0.0	0.0	0.0	0.0	0.0
434	0.0362751289696	-0.0296190614357	0.00585019172981	0.00217988776491	0.00208003280377	0.0100056560896	0.00285404185839	-0.000738622008996	0.000482811895047	-0.000300758325546	0.000644309116542	-0.000389000535733	-0.00111660525415	0.00520840176265	-0.00137246596469	0.000485780536539	0.000654678575044	0.000699045835667	0.00144577240766	-0.0024695907885	-0.00025824052835	-0.00177643212703	-0.00148191446671	-0.0019615844039	0.000309262992394	0.000101894302567	-0.000988630540467	0.000369920101434	0.00120764970277	-0.00133265987571	0.00121530314953	-0.000355814544311	0.000251855887553	-0.000280343322208	-3.89779232244e-05	0.000810808420719	-0.000272934461443	-0.000757837109495	-0.000375168984826	1.61549444889e-05	0.00018466651962	0.000324883298093	-9.99008942815e-05	-5.77106845101e-05	0.000116625649765	0.0	0.0	0.0	0.0	0.0	0.0	0.0	0.0	0.0	0.0	0.0	0.0	0.0	0.0	0.0	0.0	0.0	0.0	0.0	0.0	0.0	0.0	0.0	0.0	0.0	0.0	0.0	0.0	0.0	0.0	0.0	0.0	0.0	0.0	0.0	0.0	0.0	0.0	0.0	0.0	0.0	0.0	0.0	0.0	0.0
435	0.0337578636556	-0.0294807646344	0.00820955888615	-0.00550177030462	-0.00147510885334	-0.0028920269019	-0.00424275894663	-0.0071967912423	0.00221827342034	0.00512688307935	-0.00485606922517	0.000830006337654	-0.00523883922157	-0.00162506771495	0.00642640096147	0.00116369320297	-0.000750296871366	-0.00609125396548	0.00113975713281	0.00442342938213	0.00135932244805	0.00228867345905	-0.00158198361397	0.00324157061374	2.71342395821e-05	-0.000436562521999	0.00111551096631	-2.73440387661e-06	-0.000919914588429	0.00080955460582	-0.000658995325677	0.000633202140123	9.63149937051e-05	2.76077367832e-05	0.000125836078442	8.63237144032e-05	0.000226520867346	-0.000121675074787	-0.000169947469121	-0.000153879485816	-0.00030856708686	0.000187042021293	-7.79278771375e-05	-0.000116524182916	2.4611988124e-06	0.0	0.0	0.0	0.0	0.0	0.0	0.0	0.0	0.0	0.0	0.0	0.0	0.0	0.0	0.0	0.0	0.0	0.0	0.0	0.0	0.0	0.0	0.0	0.0	0.0	0.0	0.0	0.0	0.0	0.0	0.0	0.0	0.0	0.0	0.0	0.0	0.0	0.0	0.0	0.0	0.0	0.0	0.0	0.0	0.0
432	-0.0187819350792	0.0903324283364	-0.102784883508	-0.0626780823747	0.0274425672964	-0.000769914123153	0.00312835248485	0.0141674238739	-0.00599747808626	0.00167617673125	0.00854126867041	0.00303049467821	0.00168423652198	-0.000338634896314	0.00257639675669	0.00163911659292	0.00231811763394	-0.000868345733811	-0.0012279820489	-0.000725490501282	0.000552255647341	-0.0011898087049	-0.000446308930008	0.000295972884878	-4.65141114598e-05	2.82941923677e-05	8.39320835681e-05	-0.000144578020663	0.000204970947321	-5.55944975783e-06	6.57896097823e-05	5.22292554901e-05	-7.12337949154e-05	2.7258190275e-05	8.67150316293e-05	-2.82173534263e-06	1.78894243819e-05	-2.23430321557e-05	-1.77144195375e-05	-8.89103761904e-06	-2.42045349877e-05	-5.51593140235e-06	-9.15607958037e-06	1.03864253437e-06	1.58715952002e-06	0.0	0.0	0.0	0.0	0.0	0.0	0.0	0.0	0.0	0.0	0.0	0.0	0.0	0.0	0.0	0.0	0.0	0.0	0.0	0.0	0.0	0.0	0.0	0.0	0.0	0.0	0.0	0.0	0.0	0.0	0.0	0.0	0.0	0.0	0.0	0.0	0.0	0.0	0.0	0.0	0.0	0.0	0.0	0.0	0.0
430	-0.169171408574	0.0835949700324	0.00841497548442	0.00366003186439	0.0394626298655	0.00904632831137	0.00943040447261	-0.00612568695525	0.00144108464454	0.00421704564296	0.0086280564093	0.0232049563718	-0.00151891446726	-0.00340900972861	-0.00362428860469	0.000778283868684	-0.00345781568059	-0.00245488254594	0.00279913030953	0.00192691957547	-0.000748408087276	0.000443689357767	0.000658954092621	0.000233292395515	-0.000536545845214	-9.1412930332e-06	0.000101327222751	0.000589704635319	0.000350378595428	7.86192766035e-05	0.000205945106725	-0.000153593553678	0.000103813176998	-3.11128057872e-05	-9.21813864698e-05	0.000136044635554	-0.00013198075816	-5.21038084283e-05	5.01920912687e-05	3.59503319571e-05	-1.75660741205e-05	1.28737947733e-05	1.6465795434e-05	6.56669473082e-06	4.76122461271e-06	0.0	0.0	0.0	0.0	0.0	0.0	0.0	0.0	0.0	0.0	0.0	0.0	0.0	0.0	0.0	0.0	0.0	0.0	0.0	0.0	0.0	0.0	0.0	0.0	0.0	0.0	0.0	0.0	0.0	0.0	0.0	0.0	0.0	0.0	0.0	0.0	0.0	0.0	0.0	0.0	0.0	0.0	0.0	0.0	0.0
431	-0.0982260136198	0.0984747486639	-0.059351611989	-0.0163513761074	0.014260935012	0.0190068831105	-0.0140195172354	-0.0195086234567	-0.00425429248195	-0.013352635079	-0.00224455695108	-0.00273325345271	-0.00938887151883	-0.00058021691652	-0.00704609331021	0.00215896198931	-0.00418991038201	0.00133229621484	0.00157907139406	0.00336943514157	-0.000423258938582	0.000711925542846	0.00208886010354	0.000249409698405	0.00122325003364	-0.000368272293307	-0.000219504707879	-0.0002845256959	-0.000344843525235	-0.000255067870126	1.0559144064e-05	-0.00012422461654	1.59433534135e-05	4.06922556707e-05	-1.03610965225e-05	-7.27622786468e-05	-2.53720012035e-05	1.30657378027e-05	5.19179580157e-05	3.75394768313e-05	3.06509489031e-06	1.9083945245e-05	8.13901212435e-06	5.55967393222e-06	3.47181968423e-06	0.0	0.0	0.0	0.0	0.0	0.0	0.0	0.0	0.0	0.0	0.0	0.0	0.0	0.0	0.0	0.0	0.0	0.0	0.0	0.0	0.0	0.0	0.0	0.0	0.0	0.0	0.0	0.0	0.0	0.0	0.0	0.0	0.0	0.0	0.0	0.0	0.0	0.0	0.0	0.0	0.0	0.0	0.0	0.0	0.0
458	0.0220740946507	-0.00972872402257	0.00452368267405	-0.000632549256588	0.00286933052419	-0.00904138637694	0.00781180076522	-0.00656539249309	0.00150710046581	-0.00682726181921	-0.003130441102	0.00312352854093	0.00265155583386	-3.19555972862e-05	0.00113706024632	-0.00196387185706	-0.000196880255731	-0.000454951298315	0.000721084934578	0.000936168141088	-0.000487382970291	0.000993481661016	-0.000214100112914	-0.00288825008371	-0.00016433437699	0.000565723245324	-0.00150985580837	-0.00172425733718	-0.000453528595821	-0.000910020661718	-0.00236723647535	0.000249665422555	0.000948536923699	0.00224343295841	0.00131083497678	0.000299617074339	-0.000952481916476	-0.000263399668632	6.16925446489e-06	0.000356893729564	9.84976824195e-05	-0.000178114945447	-0.000144609313575	-7.7517530335e-06	3.25445689909e-05	0.0	0.0	0.0	0.0	0.0	0.0	0.0	0.0	0.0	0.0	0.0	0.0	0.0	0.0	0.0	0.0	0.0	0.0	0.0	0.0	0.0	0.0	0.0	0.0	0.0	0.0	0.0	0.0	0.0	0.0	0.0	0.0	0.0	0.0	0.0	0.0	0.0	0.0	0.0	0.0	0.0	0.0	0.0	0.0	0.0
459	0.0260102965194	-0.0157830819755	0.00630688217837	-0.00397677836603	0.000602834447116	-0.0073640241358	0.00125297563821	-0.00890134856063	0.00135318088489	-0.00060324150036	-0.00217029330685	0.000933037231583	0.000583930000926	-0.00162167651813	0.00344316460378	0.00178267051449	0.000530480758675	0.00222606455907	0.00310102455715	0.00227856190484	0.00115754782353	0.00214447885619	-0.000119098552189	0.000793933978817	-0.00398253285733	0.00124101740607	-0.00130781511354	-7.3499124845e-05	0.00191422720738	-0.00113557919001	-0.000887715126022	-0.000974577513646	-0.00011642823186	-9.37471293639e-05	0.000277154437158	-0.000147684651136	0.000888955825261	0.000198309083321	-5.3886017618e-06	0.000304510916448	-0.00012079392579	8.78505543089e-05	0.000181129965009	0.000165491581087	3.22232942996e-05	0.0	0.0	0.0	0.0	0.0	0.0	0.0	0.0	0.0	0.0	0.0	0.0	0.0	0.0	0.0	0.0	0.0	0.0	0.0	0.0	0.0	0.0	0.0	0.0	0.0	0.0	0.0	0.0	0.0	0.0	0.0	0.0	0.0	0.0	0.0	0.0	0.0	0.0	0.0	0.0	0.0	0.0	0.0	0.0	0.0
450	-0.120854596687	0.0692284193188	-0.0144720037198	0.0343567775094	-0.00144841364454	-0.0031834493705	-0.00759903334071	-0.00518340509889	0.00357919903754	0.000894332610855	0.00755384489314	-0.0145904284987	0.00633261501572	0.0058959886086	0.00899370589136	0.00290166180685	-0.00746127696813	-0.00226879755257	-0.00574754019131	-0.00153700728978	-0.00280415251062	-0.00154791987506	-6.84557322656e-05	-0.000502294341977	-0.00213153461912	2.66085935426e-05	0.00127585767135	-0.000194542112544	3.45397568729e-05	0.000392563016712	-0.000105138269465	-5.38717595565e-05	0.000344685234258	0.00046988127268	-0.000367414149901	-0.000154335114699	-0.000139084671718	-7.07286063745e-05	-7.94496504246e-05	-5.43352178434e-05	-1.03019671126e-05	2.31866670272e-05	-4.8250378817e-05	-1.52587928108e-05	-8.02354208613e-07	0.0	0.0	0.0	0.0	0.0	0.0	0.0	0.0	0.0	0.0	0.0	0.0	0.0	0.0	0.0	0.0	0.0	0.0	0.0	0.0	0.0	0.0	0.0	0.0	0.0	0.0	0.0	0.0	0.0	0.0	0.0	0.0	0.0	0.0	0.0	0.0	0.0	0.0	0.0	0.0	0.0	0.0	0.0	0.0	0.0
451	-0.125553612905	0.062330267268	-0.0182555430885	0.0326635684191	-0.00120786090045	-0.00503310324947	-0.00273667581845	-0.00683444279241	0.00262848139559	0.00121952741522	0.00663721777105	-0.00885307539997	0.00355271531528	-0.00143679601705	0.00342144463162	-0.00521026007657	0.00397464202507	-0.00226932870972	0.00494753318446	-0.00314017371078	-0.000719252163384	0.00420280848508	-0.00169875047927	-0.00205718150314	0.00257593960537	0.00047427724888	-0.00203730275522	0.000568047572769	-0.000263435237923	-0.000197033427899	-0.000121860195678	-0.000234108422252	-0.000177077579468	-0.000917022675423	0.000302716824076	0.000119042400547	0.000267880596731	9.81658290486e-05	4.47344460452e-05	-8.22166078775e-06	4.78735877273e-06	-3.45047125999e-05	7.07678777892e-05	3.85095360161e-06	-1.07107087874e-05	0.0	0.0	0.0	0.0	0.0	0.0	0.0	0.0	0.0	0.0	0.0	0.0	0.0	0.0	0.0	0.0	0.0	0.0	0.0	0.0	0.0	0.0	0.0	0.0	0.0	0.0	0.0	0.0	0.0	0.0	0.0	0.0	0.0	0.0	0.0	0.0	0.0	0.0	0.0	0.0	0.0	0.0	0.0	0.0	0.0
452	0.0281610934628	-0.0195326602292	0.00586523159415	-0.000491206260419	8.60188666686e-05	-0.00935684484627	0.0034212790084	-0.00394261494731	0.0019700037121	-0.00622250906327	-0.00209410091193	0.00148850760241	0.0032130535589	0.00191991421249	-0.000407901382164	0.00417628438884	0.000289273640423	-0.00480607238041	0.00205083815526	0.0016940599131	0.00677643895198	-0.00154872771103	0.00126302662475	-0.00175921153375	-0.00310746344597	0.00113251558395	-0.000151529345894	0.00105174264392	-0.0029276157477	0.000171489966809	0.000898902029013	-0.000126310846009	-0.000252920133428	-0.000328974943172	-2.29597158649e-05	0.000410041037599	0.00108715303038	-0.000347396756125	0.000305742479444	-0.000197354608551	7.29122689426e-05	6.74420051219e-05	-3.59910708593e-05	-5.06014388474e-05	1.6000824704e-05	0.0	0.0	0.0	0.0	0.0	0.0	0.0	0.0	0.0	0.0	0.0	0.0	0.0	0.0	0.0	0.0	0.0	0.0	0.0	0.0	0.0	0.0	0.0	0.0	0.0	0.0	0.0	0.0	0.0	0.0	0.0	0.0	0.0	0.0	0.0	0.0	0.0	0.0	0.0	0.0	0.0	0.0	0.0	0.0	0.0
453	0.0179984749006	-0.0146158882506	0.00513239925832	-0.00745033968962	-0.000222884771157	-0.00679127089861	-0.000704776106372	-0.00511331094168	6.43186308948e-05	-0.000251136862418	-0.00106343436723	0.000334843892865	0.0010857471566	-0.00238911211243	-8.44238586112e-05	0.00207176303349	0.000412200814913	0.000890256518957	0.000968702848017	-0.000937202348265	-0.000797091921253	-0.00131104535113	0.000354113737671	-0.000435468911938	0.000178139667715	0.000716772753241	0.000224863444524	0.00167181176224	-0.000849424001545	0.000793162858475	0.00073563608193	0.000180859096761	-0.0013852344726	0.000460526772991	-0.000493284584688	0.000441986344686	-0.000531593067844	0.00104928297838	-4.30679875719e-06	9.55047406379e-05	0.000148365194489	0.000244966121512	-0.000190817311749	0.00049249099083	6.88123569488e-05	0.0	0.0	0.0	0.0	0.0	0.0	0.0	0.0	0.0	0.0	0.0	0.0	0.0	0.0	0.0	0.0	0.0	0.0	0.0	0.0	0.0	0.0	0.0	0.0	0.0	0.0	0.0	0.0	0.0	0.0	0.0	0.0	0.0	0.0	0.0	0.0	0.0	0.0	0.0	0.0	0.0	0.0	0.0	0.0	0.0
454	0.0183762257237	-0.0135688241877	0.00472810913815	-0.00665122188952	0.000743159319391	-0.00680547976163	0.000457757630593	-0.00655171280521	-9.01327700293e-05	-0.000952795260266	-0.000938981191401	0.000597431470904	0.000637576954584	-0.00207741880624	0.00122694476118	0.000984487591504	6.96520790737e-05	0.00233569632245	0.000964977249819	-0.00171647204453	-0.00114938398543	-0.00084633927218	0.000138396416437	0.000229079102554	0.000122540256843	0.00132096195297	0.000228193117621	0.0014897891661	-0.000261063246083	0.00080635632712	0.00101167519984	-0.000364535128624	-8.11049726569e-05	-0.00120523742941	0.000474165876351	0.000115289731922	7.89298989495e-05	-0.000553016415065	-1.53201089648e-05	0.000296735573553	-3.77713555449e-05	-0.000353848776357	-4.94518332225e-05	-0.000614871785828	-0.000148331575524	0.0	0.0	0.0	0.0	0.0	0.0	0.0	0.0	0.0	0.0	0.0	0.0	0.0	0.0	0.0	0.0	0.0	0.0	0.0	0.0	0.0	0.0	0.0	0.0	0.0	0.0	0.0	0.0	0.0	0.0	0.0	0.0	0.0	0.0	0.0	0.0	0.0	0.0	0.0	0.0	0.0	0.0	0.0	0.0	0.0
455	0.0279844948313	-0.0120039471342	0.00650476708151	0.0013305072812	0.00195190696314	-0.00688277071723	0.00727080085609	-0.00676817705923	-0.000199408628643	-0.00514504587939	-0.00228575157774	0.00294890215834	0.00169710204522	0.000283446311184	0.00378760092912	0.000894062189001	0.00274425970752	0.00170386003721	0.00345260359985	0.0059952705889	-0.00236447650252	0.00202361705999	-0.00426757069543	-0.00293078923049	-0.00138760342992	-0.000205970642143	0.00197976438083	-0.00151303545449	-0.000328377791281	0.000470558823148	0.000580745076121	0.000654380056881	-0.000460785013053	-0.000382309412689	-0.0011327864617	0.00024565521522	5.25928695567e-05	-0.000379578311999	-7.23186219234e-05	-0.000323972907376	6.01776564776e-05	0.000132787549189	-9.87846541372e-05	-7.19984068699e-05	-2.4762730871e-05	0.0	0.0	0.0	0.0	0.0	0.0	0.0	0.0	0.0	0.0	0.0	0.0	0.0	0.0	0.0	0.0	0.0	0.0	0.0	0.0	0.0	0.0	0.0	0.0	0.0	0.0	0.0	0.0	0.0	0.0	0.0	0.0	0.0	0.0	0.0	0.0	0.0	0.0	0.0	0.0	0.0	0.0	0.0	0.0	0.0
456	0.0212730704724	-0.0118919524717	0.00672832313414	-0.00345046389521	-0.000714437372898	-0.00770328610079	0.00165132963551	-0.00446318759041	0.000564750374542	-0.00262514511102	0.000217368650611	0.000572523888264	0.00124427997241	-0.000891958869757	0.00294379221949	0.00172353121214	0.00250274246641	0.00428162014548	-0.000572057473772	0.000972762091792	-0.000390332307382	-0.000742851763164	0.00164721892281	-0.00181207005946	0.00310215150335	0.00151589664188	0.000155595628957	-0.000875100134413	0.00128725300783	0.00100432393344	-0.00126038816153	5.79574250908e-06	0.000725600472679	-0.00132658686076	-8.01667581336e-07	-0.000698186125982	-0.000107705322666	-0.000605011623245	0.000567339642241	-0.000669366563029	2.07608923243e-06	0.000108988641469	0.000201460464812	7.51547907527e-05	3.1395444184e-05	0.0	0.0	0.0	0.0	0.0	0.0	0.0	0.0	0.0	0.0	0.0	0.0	0.0	0.0	0.0	0.0	0.0	0.0	0.0	0.0	0.0	0.0	0.0	0.0	0.0	0.0	0.0	0.0	0.0	0.0	0.0	0.0	0.0	0.0	0.0	0.0	0.0	0.0	0.0	0.0	0.0	0.0	0.0	0.0	0.0
457	0.00478843468636	-0.0123909840628	0.00150424929006	-0.015267946361	0.00107929349604	-0.00278915522823	-0.00452845024743	-0.00273782303422	-0.00296037045141	0.00348075550122	2.6168300276e-05	0.0022607881908	0.00234711690663	-0.00132893741509	-0.00572728714134	-0.000695809057759	-0.00200711310686	-0.00233947135469	0.00188096875598	-0.000285999337693	0.000275358226775	-0.000263219465278	-0.00214645736169	-0.00168158157347	-0.00149872418101	0.00340717797942	0.00107391789691	-0.000563204315293	0.000522065948447	-0.000762164186617	-0.00044284888689	0.00190178960356	0.000414871424486	-0.00028538367013	-7.25823024404e-05	0.00110452393871	-0.000504279188841	0.000483987032215	-0.000353636935076	0.00018738388939	-0.000395360881945	-0.000173454520774	-3.03274852243e-05	-4.92417112856e-05	8.78004898862e-07	0.0	0.0	0.0	0.0	0.0	0.0	0.0	0.0	0.0	0.0	0.0	0.0	0.0	0.0	0.0	0.0	0.0	0.0	0.0	0.0	0.0	0.0	0.0	0.0	0.0	0.0	0.0	0.0	0.0	0.0	0.0	0.0	0.0	0.0	0.0	0.0	0.0	0.0	0.0	0.0	0.0	0.0	0.0	0.0	0.0
1038	-0.0238827040382	0.000820857643914	0.000397314517486	-0.0228050419793	-0.00228140214605	0.00494844922458	0.00318537359107	0.00708824349518	-0.00356531328973	-0.00801338770322	0.00389068615667	0.00363334177579	0.00326149067088	0.00365349874969	0.00478821958655	0.000576475172161	0.00575264932138	-0.00198699676927	-0.00475206394403	0.000636131481587	0.00251464503969	-0.00115673706034	0.000274036997968	0.000248344245253	0.00228839815717	0.00174191091726	-0.000783942885231	-0.00135603161086	-0.000859619417707	-0.000735802884108	0.000162114891507	0.000346041913584	-9.50963584043e-05	0.000643534630288	0.000179526112963	2.60790366953e-06	6.61265539574e-05	-0.00105890511727	0.000271411854906	-0.000193839736354	0.000176395590121	9.82878888304e-05	1.88697075849e-05	-4.33901292891e-05	1.51709730151e-05	0.0	0.0	0.0	0.0	0.0	0.0	0.0	0.0	0.0	0.0	0.0	0.0	0.0	0.0	0.0	0.0	0.0	0.0	0.0	0.0	0.0	0.0	0.0	0.0	0.0	0.0	0.0	0.0	0.0	0.0	0.0	0.0	0.0	0.0	0.0	0.0	0.0	0.0	0.0	0.0	0.0	0.0	0.0	0.0	0.0
1039	-0.00625203734619	-0.0114078790748	0.00320672276111	-0.0239739468709	-0.00255352085097	0.00428330447981	-0.00702675358609	0.00532577395352	-0.000467522334708	0.00563508202894	0.00120098745887	-3.13422135636e-05	-0.0023815852199	0.00317206125735	0.00171861561472	-0.00471408984991	0.000274838189148	-0.00337686911843	0.00298874825762	-0.00232976570343	0.000504330997852	0.00333210818496	0.00522176546112	-0.000944194346942	-0.00346564830538	-0.00182600072362	-0.000999222773418	-0.00109751332102	-0.000103686472895	0.00042480411683	0.000214641209904	0.000176372109372	-0.00120699380284	0.000328657686972	0.000181544670671	-0.000208289446544	-0.000408594774763	-7.33016055777e-05	-0.000139891092616	-0.000338173216125	-8.56657247577e-07	3.80634285767e-05	-0.000123103642318	-6.18187220191e-05	-2.21770917212e-05	0.0	0.0	0.0	0.0	0.0	0.0	0.0	0.0	0.0	0.0	0.0	0.0	0.0	0.0	0.0	0.0	0.0	0.0	0.0	0.0	0.0	0.0	0.0	0.0	0.0	0.0	0.0	0.0	0.0	0.0	0.0	0.0	0.0	0.0	0.0	0.0	0.0	0.0	0.0	0.0	0.0	0.0	0.0	0.0	0.0
1032	0.0126806368572	-0.0113211965265	-0.00298868503469	0.00736384097882	-0.00253843009249	-0.0124683204856	-0.0155717725169	0.00701422969803	0.00581847261999	0.000835089425091	0.00459831151512	0.0057690341489	-0.0036226575446	-0.00596081320753	-0.00659180446629	0.0039813519766	0.00259104176852	0.00160805668961	-0.00394985243896	-0.00290514773005	-0.00278955027988	0.00272263401227	-0.00394794840525	0.00204830460771	-0.00111363250614	-0.00145382580906	0.000418813521352	-0.000236956892266	-0.000230622029841	-0.00126354025471	0.00015881921321	-0.000656895112835	-0.00042734404543	0.000113479951892	-0.000200596359302	0.000199791243534	4.28685714499e-05	-0.000156377601405	-5.59345704605e-06	3.94875135529e-05	-0.000100007418309	6.54863938693e-05	-6.02088668012e-05	-1.91068561958e-05	2.0728349101e-05	0.0	0.0	0.0	0.0	0.0	0.0	0.0	0.0	0.0	0.0	0.0	0.0	0.0	0.0	0.0	0.0	0.0	0.0	0.0	0.0	0.0	0.0	0.0	0.0	0.0	0.0	0.0	0.0	0.0	0.0	0.0	0.0	0.0	0.0	0.0	0.0	0.0	0.0	0.0	0.0	0.0	0.0	0.0	0.0	0.0
1033	0.0315874005357	-0.0264341627563	-0.0148323018566	0.0244574459278	0.0044578755014	-0.00917100598992	-0.0192565055629	-0.000140455962509	0.000871950819912	-0.00207780472265	-0.00106138921723	0.00100228387111	-0.0011215226604	0.00825792624934	0.00333322521976	0.00254543941711	0.00157560279428	-0.00680511956617	0.00219392507789	0.00478805296199	-0.00124742049018	0.00286783118275	-0.000685284794839	0.00438493981632	0.00296645167145	-0.000972670750807	-0.000698447903074	-0.000938230578255	0.00115293931448	0.000409107100002	0.000577747231757	0.000246603837236	-0.000721067878112	5.43957078557e-05	0.000328723238148	0.000336784849575	-0.000163271795961	-0.000145228635245	-5.93321442499e-05	3.35262575593e-05	-0.000141510689597	-2.95211325794e-05	-5.34250775088e-05	2.02473142962e-05	8.99238475652e-06	0.0	0.0	0.0	0.0	0.0	0.0	0.0	0.0	0.0	0.0	0.0	0.0	0.0	0.0	0.0	0.0	0.0	0.0	0.0	0.0	0.0	0.0	0.0	0.0	0.0	0.0	0.0	0.0	0.0	0.0	0.0	0.0	0.0	0.0	0.0	0.0	0.0	0.0	0.0	0.0	0.0	0.0	0.0	0.0	0.0
1030	-0.00069985051936	-0.0120383725263	0.0021771014819	-0.0191310805811	-0.000547113747452	0.000218276662827	-0.00411481835083	-6.99517898907e-05	-0.00414844194431	0.00473739766512	0.0007350074194	-0.000437888286256	0.0018915422729	0.000164177555026	-0.00130249365898	0.000200783467855	-0.00147300618389	-0.00219005446121	0.00188719131429	-9.40976474331e-05	0.00162991650764	0.00108981374319	-0.000645375736674	-0.00291294817088	0.000631908188489	-0.00136812903819	0.00264505466353	0.00194570310103	0.00123665219215	0.000133275554231	-0.000138825009236	-0.000872475930737	0.000254323652005	0.000892804551379	-9.68399719763e-07	0.000418083120335	0.000788591700212	0.000254532206221	0.000543805237872	6.46360503782e-05	0.000148772625792	-0.000132344747342	1.21346191923e-05	5.56692719599e-05	2.99965240635e-05	0.0	0.0	0.0	0.0	0.0	0.0	0.0	0.0	0.0	0.0	0.0	0.0	0.0	0.0	0.0	0.0	0.0	0.0	0.0	0.0	0.0	0.0	0.0	0.0	0.0	0.0	0.0	0.0	0.0	0.0	0.0	0.0	0.0	0.0	0.0	0.0	0.0	0.0	0.0	0.0	0.0	0.0	0.0	0.0	0.0
1031	-0.0431527829426	-0.00354918387409	-0.00842562033764	-0.0246569617084	-0.00390930015984	0.00567620766099	-0.00497170218972	0.00695551367639	0.0158860628358	-0.00602141561961	-0.00646423481991	-0.00413948200982	0.00212953559708	0.000567056537134	-0.00598662427569	0.0105936858205	-0.00385006676302	-0.00402649455265	0.00112054269719	0.00107910308784	-0.00129323771364	-0.00085070094931	0.00154449852644	-0.00220282654454	-0.000456801917988	-0.000372615185286	-0.000199594131284	2.42116448014e-06	0.000277139225471	-0.000207033491022	-8.91374134153e-05	0.000403731324547	-3.58511009321e-06	0.000224237075896	0.000588286164702	-3.86735125954e-05	0.000297016918524	-7.48336343981e-05	-4.0135036545e-05	-2.21227502264e-05	-1.17356332851e-05	-3.74669905676e-05	-4.61659723032e-05	6.97049687331e-06	1.09019626832e-05	0.0	0.0	0.0	0.0	0.0	0.0	0.0	0.0	0.0	0.0	0.0	0.0	0.0	0.0	0.0	0.0	0.0	0.0	0.0	0.0	0.0	0.0	0.0	0.0	0.0	0.0	0.0	0.0	0.0	0.0	0.0	0.0	0.0	0.0	0.0	0.0	0.0	0.0	0.0	0.0	0.0	0.0	0.0	0.0	0.0
1036	0.0183356678352	-0.0177191102129	0.0048797595762	-0.00948545518352	-0.000603775741947	-0.00644100924982	-0.00345792401922	-0.00335400505932	-0.00154914495512	0.00307800080777	-0.00214642889258	0.00202338918547	0.00108787898701	-0.00276654487143	-0.000397863811099	0.00287811669241	0.000595547779336	-0.000876495948046	-0.000132389044733	-0.00254422497098	-0.00171355956064	-0.000847284354461	0.000952380189622	-0.000593850416659	0.000176323693097	-0.00256767924014	0.00193111379087	-0.00101595233681	-0.00119232810995	-0.000870367865672	0.000597044085094	0.000676860870117	-0.000560321007138	-0.000536793018377	0.000973246941014	-0.000136310519252	0.00095931773557	-0.000179987670164	0.000421850138823	-0.00014983803192	0.000129090382313	-0.000205365083976	-4.41189351224e-05	6.54706846128e-05	4.2373706375e-06	0.0	0.0	0.0	0.0	0.0	0.0	0.0	0.0	0.0	0.0	0.0	0.0	0.0	0.0	0.0	0.0	0.0	0.0	0.0	0.0	0.0	0.0	0.0	0.0	0.0	0.0	0.0	0.0	0.0	0.0	0.0	0.0	0.0	0.0	0.0	0.0	0.0	0.0	0.0	0.0	0.0	0.0	0.0	0.0	0.0
1037	0.0345658805378	-0.0213158713255	0.00874821006032	0.00312265489834	-0.000466309782299	0.00267898684874	0.00286707375331	-0.000825364472451	0.000173697140158	-0.00330795525283	0.00304109779981	0.00017923533055	0.000458272455405	0.00571909080484	0.000414178078134	0.00067396874113	0.00431507225581	0.00456772531628	0.00151823791435	0.00144984593285	0.000735509933346	0.000463184106346	6.40952909756e-05	0.00162616795857	-0.00183999665605	0.00103036741127	-7.67784142578e-05	-0.000798809560285	-0.000820007323097	0.00071159755959	0.00151439123947	-0.000174281777119	0.00061674826976	0.000396220429773	0.00129005195263	-0.00121455529473	-0.000692522686054	0.000293475019815	-0.000360595078342	-0.00014724236219	-0.000153829605225	-8.56165590049e-05	-0.000236292111533	2.51710673029e-05	-3.10753292924e-05	0.0	0.0	0.0	0.0	0.0	0.0	0.0	0.0	0.0	0.0	0.0	0.0	0.0	0.0	0.0	0.0	0.0	0.0	0.0	0.0	0.0	0.0	0.0	0.0	0.0	0.0	0.0	0.0	0.0	0.0	0.0	0.0	0.0	0.0	0.0	0.0	0.0	0.0	0.0	0.0	0.0	0.0	0.0	0.0	0.0
1034	0.0198160156504	-0.0189004070552	-0.00501354993251	0.0101462895372	7.57424482542e-05	-0.0164854966726	-0.0190906708515	0.00330026874324	0.00735869851514	0.00199723745888	-0.0014521010198	0.00524387698903	-0.00889304979045	-0.00551433622563	0.00675350290329	-0.00212990230371	0.000349709158232	0.00128002048054	-0.00113762678588	-0.00327243859492	-0.000912394645198	-0.00402914715287	0.00347413938247	-0.00199970564601	0.000857241730819	0.00119982276053	0.00012718967563	0.000230512883681	0.000661196085785	0.000595660580858	-0.000336172703801	0.000519332092273	0.000373820749013	0.000369320215926	0.000152970182912	-0.000252666046346	0.000158346576658	7.02956470693e-05	0.000114307907592	8.96189950494e-05	0.000143500313359	-1.89471727806e-06	8.51833737476e-05	2.11269233934e-05	-1.71499246361e-05	0.0	0.0	0.0	0.0	0.0	0.0	0.0	0.0	0.0	0.0	0.0	0.0	0.0	0.0	0.0	0.0	0.0	0.0	0.0	0.0	0.0	0.0	0.0	0.0	0.0	0.0	0.0	0.0	0.0	0.0	0.0	0.0	0.0	0.0	0.0	0.0	0.0	0.0	0.0	0.0	0.0	0.0	0.0	0.0	0.0
1035	0.00329092070577	-0.0108595602323	-0.0203733954274	0.00840130750648	0.00263285231225	-0.0244039011855	-0.0199495854597	0.0122804363479	-0.0105887739713	0.00398383110401	0.00514568355307	-0.00599699151817	0.00850336044703	0.00628764284994	-0.00876384442385	-0.00381464512311	-0.00393592661889	-0.000499615356511	-0.000173145459789	0.00196326325577	0.000932036935168	0.000290151070175	0.000332366579826	-0.000640445338283	0.000479347021461	0.000403704629387	-4.67400484792e-05	0.000187367171992	-8.85938610586e-05	0.000216346057318	-0.000180304441997	-1.0761258157e-05	-5.31689801403e-05	-0.000298322335005	5.0771175056e-05	-6.74022093282e-06	7.66250827811e-06	0.000133383594355	-5.9632435618e-05	1.3931989084e-05	2.70442523942e-05	-2.8187944934e-05	6.83404513496e-06	-2.48177534959e-07	3.1991200714e-07	0.0	0.0	0.0	0.0	0.0	0.0	0.0	0.0	0.0	0.0	0.0	0.0	0.0	0.0	0.0	0.0	0.0	0.0	0.0	0.0	0.0	0.0	0.0	0.0	0.0	0.0	0.0	0.0	0.0	0.0	0.0	0.0	0.0	0.0	0.0	0.0	0.0	0.0	0.0	0.0	0.0	0.0	0.0	0.0	0.0
757	-0.0427615033949	0.00118689601204	-0.0167237979975	-0.0151337911291	-0.0112662288768	-0.00294380379389	0.00867657965611	0.00784607935746	0.018563993392	-0.00134426698269	0.0156375625701	0.000255435110058	0.00364563022932	-0.00104759625149	-0.000109514535114	0.00640781138574	0.00242420575035	-0.00272607545051	-0.00442660460401	0.00133142005656	-0.000297352041863	0.00118809011398	0.00101590076407	9.10400993269e-05	9.70748043105e-05	-0.000521934690669	0.00105463941154	-3.76661224739e-05	0.000787209275506	0.000604249388847	0.000148262606673	-0.000146031657812	0.000448619738628	-0.000310900920418	0.000156413361797	-0.000357354978568	-9.50834189512e-05	3.18433171324e-05	-4.13297377145e-05	2.65459782069e-05	-8.71818400051e-05	-4.49343516549e-05	-3.99752764507e-05	2.64337716059e-05	-7.22986652404e-06	0.0	0.0	0.0	0.0	0.0	0.0	0.0	0.0	0.0	0.0	0.0	0.0	0.0	0.0	0.0	0.0	0.0	0.0	0.0	0.0	0.0	0.0	0.0	0.0	0.0	0.0	0.0	0.0	0.0	0.0	0.0	0.0	0.0	0.0	0.0	0.0	0.0	0.0	0.0	0.0	0.0	0.0	0.0	0.0	0.0
759	-0.0767891506145	0.0155891144775	-0.0331818633615	-0.00442640233354	-0.07537123657	-0.000302985463826	0.00544031787262	0.0166893035394	-0.00532547706496	-0.00943780757273	-0.00506855982698	0.00940687785112	0.00220994754121	0.000196962165223	0.00263545789985	0.000145879878298	-0.00517789506431	0.000948764139721	0.00281212207164	-0.000185238340997	-0.00181836696456	0.000445462246795	-0.000874843987853	-6.47395795244e-05	0.000125258592229	0.000122288406777	-0.000236057133323	-4.63647436006e-05	0.000297717181602	-0.000103538355522	9.02207264463e-05	-2.75115488783e-05	-3.70689666289e-05	-8.77461928287e-05	8.9273192628e-05	2.15373132418e-06	-1.34751784534e-05	1.60538187999e-05	-1.14266508765e-05	-1.05302414736e-05	-3.13348359466e-05	-1.26063544307e-06	8.99791172201e-06	2.51333736712e-06	1.6188025933e-06	0.0	0.0	0.0	0.0	0.0	0.0	0.0	0.0	0.0	0.0	0.0	0.0	0.0	0.0	0.0	0.0	0.0	0.0	0.0	0.0	0.0	0.0	0.0	0.0	0.0	0.0	0.0	0.0	0.0	0.0	0.0	0.0	0.0	0.0	0.0	0.0	0.0	0.0	0.0	0.0	0.0	0.0	0.0	0.0	0.0
758	-0.042030484353	-0.000759008528916	-0.0278106333204	-0.0274530515226	0.00136872085768	-0.00717807588335	0.0110957459016	0.0101511404398	0.0202636175233	-0.00493109195859	-0.00102578793161	-0.00494492631979	-0.00358674352431	-0.00375088725043	-0.0021495492196	-0.00671344148094	0.00750863311531	0.00231473291758	0.00478596436342	0.000785924643581	-0.00405880085316	0.00369566779871	-0.00019121172299	-0.000292202676836	0.000541624486622	0.0012428578966	-0.000339468216293	0.000831743164753	-0.000769244767102	-0.000129672588509	-0.000121379051382	-9.8154423768e-05	0.000353046255834	-1.73327993908e-05	-0.000432562637852	0.00025509609927	-0.000119704381447	1.38744350577e-05	0.000104830631489	0.000101729682386	0.000124799058576	4.18706510198e-05	5.01817138796e-05	-8.250532379e-06	-8.9528402223e-06	0.0	0.0	0.0	0.0	0.0	0.0	0.0	0.0	0.0	0.0	0.0	0.0	0.0	0.0	0.0	0.0	0.0	0.0	0.0	0.0	0.0	0.0	0.0	0.0	0.0	0.0	0.0	0.0	0.0	0.0	0.0	0.0	0.0	0.0	0.0	0.0	0.0	0.0	0.0	0.0	0.0	0.0	0.0	0.0	0.0
461	0.00647856102918	-0.0124413750655	0.00320880407138	-0.0144641913573	5.78130236474e-05	-0.00310603191981	-0.00412231547896	-0.00260766085617	-0.00166603104347	0.0041930904653	0.00056509917186	-0.00196743894137	0.00141821969771	-0.00075920150316	-0.00327179655242	-0.000591751480207	-0.0023434521413	0.00107332981553	0.00163900645082	0.000497098614896	0.00021366519894	-0.00122004635271	-0.00311019231964	-0.000781850584438	-0.000265784433736	0.00186178739284	-0.000983289955263	-0.000790222460708	-0.00107048845749	0.000593171005732	-0.00107039106181	0.000908331523104	-0.00127199093556	-0.000732926340561	-0.000926523828205	-0.00158061630228	0.00011701687351	-0.000311833181689	-0.000146708092126	-0.000125700820659	0.000202604388934	4.43978714888e-05	-5.62016846503e-05	0.000232399594833	4.67156730031e-05	0.0	0.0	0.0	0.0	0.0	0.0	0.0	0.0	0.0	0.0	0.0	0.0	0.0	0.0	0.0	0.0	0.0	0.0	0.0	0.0	0.0	0.0	0.0	0.0	0.0	0.0	0.0	0.0	0.0	0.0	0.0	0.0	0.0	0.0	0.0	0.0	0.0	0.0	0.0	0.0	0.0	0.0	0.0	0.0	0.0
460	0.0201131317104	-0.0098379640656	0.00546082095367	-0.00263235912444	0.00179018506061	-0.00909159024334	0.00692293372739	-0.00384680685948	-0.000601240058156	-0.00589026321345	-0.00225409742553	0.00545986481347	0.00402769884718	0.000213814341627	0.000256261424633	-0.00226726260031	5.13898804864e-06	0.0003536905042	-0.00339898123315	-6.11248223732e-05	-0.00117167392113	0.000385429330988	0.00179749980583	-0.00231801943924	0.00200103518964	-0.00090946532453	-0.000796197828903	-0.00121787133162	0.000527226959284	0.00103715155267	0.000342906912517	-0.000280917824612	-0.0013810478317	-3.00462126898e-05	-0.000507062118654	-0.00120776407129	0.000572192948203	0.000782906250533	-9.01760497417e-05	0.00071535062483	-0.000301979436512	0.000120062665136	8.99571927248e-05	2.7959679031e-05	-5.95814528893e-05	0.0	0.0	0.0	0.0	0.0	0.0	0.0	0.0	0.0	0.0	0.0	0.0	0.0	0.0	0.0	0.0	0.0	0.0	0.0	0.0	0.0	0.0	0.0	0.0	0.0	0.0	0.0	0.0	0.0	0.0	0.0	0.0	0.0	0.0	0.0	0.0	0.0	0.0	0.0	0.0	0.0	0.0	0.0	0.0	0.0
1025	0.019361068912	-0.0149809315285	0.00826813301156	-0.00788461584249	-0.00319783334631	-0.00608889036856	-0.00347843843151	-0.00107857588956	0.000906228572097	0.000849505292255	0.00038731740996	4.54445792743e-05	-0.000557049704543	-0.00045805816136	-0.000421383787224	0.000169282051411	0.000953442501577	0.00171278267304	-0.00212901078177	-0.00118693139999	-0.00196433946978	0.00142852330517	0.00123657254497	0.00275722908489	0.00122323372753	0.000622601942243	0.000173948312121	0.000343349132692	-0.00160251790661	-0.000639472010309	0.000317592681452	0.000380549769445	-0.00100712026951	0.00152436005128	-0.000786038451488	-0.000100268949997	-0.000520650302191	-6.69607025247e-05	-0.000145480192533	5.5370590847e-05	-0.000193369440069	-2.84104768989e-05	0.000541558574279	3.67286176809e-05	-1.72815227036e-05	0.0	0.0	0.0	0.0	0.0	0.0	0.0	0.0	0.0	0.0	0.0	0.0	0.0	0.0	0.0	0.0	0.0	0.0	0.0	0.0	0.0	0.0	0.0	0.0	0.0	0.0	0.0	0.0	0.0	0.0	0.0	0.0	0.0	0.0	0.0	0.0	0.0	0.0	0.0	0.0	0.0	0.0	0.0	0.0	0.0
1024	0.0246005699443	-0.0212393741295	0.00589504425294	-0.00529698367689	-0.000364743806502	-0.00866614294598	-0.00135295967136	-0.00438350661114	0.00115278084295	0.000510615552393	-0.00377591859688	-0.00111611411743	-0.000191454852796	-0.00199838688426	0.00391108695747	0.00335296675163	0.00139506200966	-0.00145437767793	0.00101998563636	0.000206235228089	0.00340022510165	-0.00354344036258	-0.000167994339523	-0.00248283035709	0.000892669249607	-0.00240504399662	0.000624754729074	-0.00171090358667	0.000285348537039	-0.00211107780744	-0.00112193893259	-0.000715403534948	0.000450686257296	-0.000304484614134	0.000337126805617	0.000466712283528	-0.00130314296297	0.00054821588221	-0.00015299016342	0.000324626082463	0.00014644323826	-9.62920856393e-05	0.000218682779716	-7.59974356334e-06	-7.90176052504e-05	0.0	0.0	0.0	0.0	0.0	0.0	0.0	0.0	0.0	0.0	0.0	0.0	0.0	0.0	0.0	0.0	0.0	0.0	0.0	0.0	0.0	0.0	0.0	0.0	0.0	0.0	0.0	0.0	0.0	0.0	0.0	0.0	0.0	0.0	0.0	0.0	0.0	0.0	0.0	0.0	0.0	0.0	0.0	0.0	0.0
1027	0.0114677916457	-0.0154492770293	0.00491358826297	-0.0135828705084	-0.0012823544149	-0.00337859514993	-0.00450279592763	-0.00154909278306	-0.00202786984197	0.00453421975758	-0.000333108452279	0.000294578485976	0.0011252490404	-0.001129064987	-0.00402500719762	-7.30574525021e-05	-0.00125755645437	-0.00215020778616	0.00017439553237	-0.000417624125474	-0.00117857726063	-0.000139303711522	-0.00113579433051	0.000389158877711	0.000137690297972	-0.00146133335744	-0.00193657243607	0.000549857618569	0.000635655126632	0.000678225216055	-0.000450779713485	-0.000435092630841	0.00151844339226	3.56625383305e-06	0.000545333456862	-0.000631177879594	0.00112384679668	-0.00068319087752	-0.000869119899307	-0.000234365483477	0.000618515982436	0.000202381337786	0.000207995240485	-2.12213272236e-05	-0.000123563538102	0.0	0.0	0.0	0.0	0.0	0.0	0.0	0.0	0.0	0.0	0.0	0.0	0.0	0.0	0.0	0.0	0.0	0.0	0.0	0.0	0.0	0.0	0.0	0.0	0.0	0.0	0.0	0.0	0.0	0.0	0.0	0.0	0.0	0.0	0.0	0.0	0.0	0.0	0.0	0.0	0.0	0.0	0.0	0.0	0.0
1026	0.0177270215015	-0.0124677744411	0.00840334277365	-0.00712976588598	-0.00348605333504	-0.00606545703313	-0.00224731311937	0.000334631837399	-0.000741469783914	-0.00094889565221	0.00235753304268	0.000878616728113	-0.000312519590559	0.000151314512765	-0.00212341626182	-0.00179922636951	0.000955864462041	0.00303763599536	-0.00497008859439	0.000519626336574	-0.00033118093099	0.00170519194688	0.0003072619321	0.00358341178739	-0.000992671435734	-0.000129709238742	-0.000641433076539	-0.000216938199457	-0.000411548631152	-0.000274181918679	0.000514608258812	-0.000679253670386	-3.35306274727e-05	-0.00122664572593	0.000796311771642	0.000481826912687	-0.000153744455584	0.000170154681532	0.000779133195479	-0.000266826455258	0.00039325291511	-0.000196502118801	-0.000261550132005	2.33541836057e-05	-3.472919348e-05	0.0	0.0	0.0	0.0	0.0	0.0	0.0	0.0	0.0	0.0	0.0	0.0	0.0	0.0	0.0	0.0	0.0	0.0	0.0	0.0	0.0	0.0	0.0	0.0	0.0	0.0	0.0	0.0	0.0	0.0	0.0	0.0	0.0	0.0	0.0	0.0	0.0	0.0	0.0	0.0	0.0	0.0	0.0	0.0	0.0
1021	0.0136667038852	-0.0132740015231	0.00566481940263	-0.0098492771512	-0.00130689656386	-0.00506972761568	-0.00241877516248	-0.00205252012225	-0.000807992004963	0.00128143460813	0.000564258350238	-0.00079119487624	0.00107906664274	-0.000833137664398	-0.00243956887946	0.000751139624927	-0.000210380021639	0.000763599640764	-0.00132414243295	-0.000185050898061	-0.000929782720685	-0.000826007714798	-0.000445813533505	0.00119848380873	-0.00153363003579	-8.83784275681e-05	-0.000972493104121	0.000480624160781	-0.00032795978509	0.00186450137029	0.00125520045979	-0.00199454873478	0.00113155974063	-7.75676032453e-05	0.000956658966365	0.000791310161097	-0.000769581022541	-8.78512457566e-05	-0.000264078377139	0.000364963042737	-0.000479278016333	0.000244436650256	4.59994373692e-05	0.000241657711013	6.21496853162e-05	0.0	0.0	0.0	0.0	0.0	0.0	0.0	0.0	0.0	0.0	0.0	0.0	0.0	0.0	0.0	0.0	0.0	0.0	0.0	0.0	0.0	0.0	0.0	0.0	0.0	0.0	0.0	0.0	0.0	0.0	0.0	0.0	0.0	0.0	0.0	0.0	0.0	0.0	0.0	0.0	0.0	0.0	0.0	0.0	0.0
1020	-0.122182501104	0.0445581879414	-0.0205281288174	0.0243937438609	-0.0443744243035	0.000392008733489	0.00566272415623	-0.00377328591426	-0.00861540041439	-0.0068948663104	-0.00450072542694	-0.0058225737533	-0.00723296452679	-0.00277519105791	-0.00568793617436	-0.00455589504496	0.00782556580072	-0.00445514161534	-0.00315084108742	-0.000984714928858	0.00212694905837	-0.00110820216157	2.46606865482e-05	-0.00104554748562	-0.00227945328325	-0.000775354650625	0.00106996141127	0.000188306632426	-0.000130704570272	0.000747264666189	-0.000307003413861	-8.98319243105e-06	0.000207586012329	0.000351758634019	-0.000230075796401	-5.83904256286e-06	-0.00016779396425	-5.70358626104e-05	-5.59659692676e-05	-2.2030057288e-05	-3.50387233478e-05	-4.92756018588e-06	-4.36535741907e-05	-8.53623546245e-08	2.66647728689e-06	0.0	0.0	0.0	0.0	0.0	0.0	0.0	0.0	0.0	0.0	0.0	0.0	0.0	0.0	0.0	0.0	0.0	0.0	0.0	0.0	0.0	0.0	0.0	0.0	0.0	0.0	0.0	0.0	0.0	0.0	0.0	0.0	0.0	0.0	0.0	0.0	0.0	0.0	0.0	0.0	0.0	0.0	0.0	0.0	0.0
1023	0.00332046391197	-0.00703933000573	0.00619044023289	-0.0130010795226	-0.00299978252243	-0.00359235448596	0.00204990206805	0.00465144915047	-0.00415541316652	-0.00114519207508	0.00355273995068	0.000118421439891	0.00163431758972	0.00455707983936	-0.00300854231147	-0.00773814834084	-0.000544547400211	0.0019348572452	-0.00277612445681	0.00414366713356	0.00223985337091	0.00164947269571	-0.000258400839893	-0.000618241266181	0.0018485610507	-0.00261770203478	0.00177073715713	0.00208610261332	-0.00143186349881	-0.00140421738922	-0.000724625111237	0.000179586781492	0.000823913879786	0.000585680042187	-6.95263453222e-05	-0.000413950203695	0.000274673530867	-3.9617923856e-05	-0.000148786082103	-0.000120786968324	-3.41651209018e-05	0.000110829064061	0.000147203098939	0.000145997253093	2.53982580281e-06	0.0	0.0	0.0	0.0	0.0	0.0	0.0	0.0	0.0	0.0	0.0	0.0	0.0	0.0	0.0	0.0	0.0	0.0	0.0	0.0	0.0	0.0	0.0	0.0	0.0	0.0	0.0	0.0	0.0	0.0	0.0	0.0	0.0	0.0	0.0	0.0	0.0	0.0	0.0	0.0	0.0	0.0	0.0	0.0	0.0
1022	0.00894301266407	-0.0190537418928	0.0048279907698	-0.0183553921654	-0.00241309637373	-0.00334968264205	-0.00609114482427	0.000397587595409	0.00286066776475	0.0103140428985	-0.00119592954298	-0.00276219601203	-0.00382346289747	0.00167738525057	-0.00426223307829	-0.00778629843655	-0.00530717138311	-0.000401577484096	0.000758343129662	0.00147082668351	0.000818253275282	-0.00539543494292	-0.000824397303942	0.000175441542367	0.00158951932408	0.000568868463412	-0.000369884248	-0.0028568393333	-0.000125612378046	-0.000335677414046	0.00122581914191	-0.000653347128294	-0.000240104551884	-0.00035689573549	-0.00051284640231	0.000416232900993	0.000243008166463	-0.000106241381845	0.000153833575926	-6.22946666389e-05	-8.11226897144e-05	-3.02791185078e-05	2.48078325874e-06	-4.29714968819e-05	8.94964077763e-06	0.0	0.0	0.0	0.0	0.0	0.0	0.0	0.0	0.0	0.0	0.0	0.0	0.0	0.0	0.0	0.0	0.0	0.0	0.0	0.0	0.0	0.0	0.0	0.0	0.0	0.0	0.0	0.0	0.0	0.0	0.0	0.0	0.0	0.0	0.0	0.0	0.0	0.0	0.0	0.0	0.0	0.0	0.0	0.0	0.0
1029	0.0134625238192	-0.0141325351917	0.00462862800092	-0.0111064578989	-0.000152014563361	-0.00528873603677	-0.00224346112899	-0.00336521503359	-0.0013361236322	0.00182671677169	-0.000363432603647	0.000407475116303	0.00116696162897	-0.00148144429513	-0.002846859607	0.000247150925156	0.000372342010911	0.000950746943402	-0.000341225905815	-0.0013634929944	-0.000439160537719	-2.33535298862e-05	-0.00190353615978	7.740663772e-05	-0.00132347808713	-0.00132193374888	-0.00110860516789	-0.000797966433633	-0.000355580930367	0.00104801861728	-0.000326159102775	-0.00187022627263	-0.000635768710783	0.00102010162754	-0.000555965041225	5.13771426369e-05	-0.000445416541845	0.000617314996133	0.0009319889014	-0.000440386255099	0.000145255821585	1.08400011747e-05	9.53393263983e-05	-0.000331422904515	1.0801758145e-05	0.0	0.0	0.0	0.0	0.0	0.0	0.0	0.0	0.0	0.0	0.0	0.0	0.0	0.0	0.0	0.0	0.0	0.0	0.0	0.0	0.0	0.0	0.0	0.0	0.0	0.0	0.0	0.0	0.0	0.0	0.0	0.0	0.0	0.0	0.0	0.0	0.0	0.0	0.0	0.0	0.0	0.0	0.0	0.0	0.0
1028	0.0233350485318	-0.0213649452236	0.00756242395556	-0.00920074147466	-0.0019109636036	-0.00708458475221	-0.00512990176087	-0.00403435491405	0.0011475220778	0.00301229417916	-0.00355707199838	0.00138191260418	-0.00127789794461	-0.00266642249643	0.00144367186579	-0.00165239754904	0.000385758502203	-0.0028781248966	-0.000894030321652	-0.00109023129861	-0.000907229970565	-6.95558233588e-05	0.00383225033543	-0.00159913896841	0.00125755662806	-0.00171351168513	-0.00186961995377	0.00197273711289	0.00153465626308	2.20811928507e-05	-0.000453538837108	0.000128201316798	-0.000523267889371	1.11547581813e-05	-0.000264770394734	-0.000731453954857	-0.000599895273378	-0.00046764901825	-0.0003124650871	-0.000319535043722	-0.000387248432827	0.000151832027693	-0.000433151799347	-4.29964673816e-05	2.68086709762e-05	0.0	0.0	0.0	0.0	0.0	0.0	0.0	0.0	0.0	0.0	0.0	0.0	0.0	0.0	0.0	0.0	0.0	0.0	0.0	0.0	0.0	0.0	0.0	0.0	0.0	0.0	0.0	0.0	0.0	0.0	0.0	0.0	0.0	0.0	0.0	0.0	0.0	0.0	0.0	0.0	0.0	0.0	0.0	0.0	0.0
1040	-0.0243375343898	-0.00479158577098	-0.000651907910266	-0.0274781303586	-0.00249382320693	0.00857026627503	-0.00399060637042	0.00468633855495	-0.000857974624562	-1.79142492176e-05	0.00209634251928	-0.00130485537294	0.00205961706341	0.00131945382762	0.00711017931546	0.0043680550149	0.00532321760345	-0.00175986687651	0.000721467100642	-0.00170063366604	0.00221466210945	-0.00526000335242	-0.0020476037934	0.0020312871616	-0.000241225150504	-5.08471754455e-05	-0.00105768116535	0.00212267177397	-0.000805630986651	0.000744667239374	-2.44854261623e-05	-0.000124868686409	-0.000187829136723	-0.000214985967802	-0.000925207552677	0.000233702939042	-0.000634381350399	0.000207845964565	6.82171384662e-05	8.0515313366e-05	8.77145195567e-05	5.11596600719e-05	0.000146101824363	1.43609758471e-05	-1.42739820575e-05	0.0	0.0	0.0	0.0	0.0	0.0	0.0	0.0	0.0	0.0	0.0	0.0	0.0	0.0	0.0	0.0	0.0	0.0	0.0	0.0	0.0	0.0	0.0	0.0	0.0	0.0	0.0	0.0	0.0	0.0	0.0	0.0	0.0	0.0	0.0	0.0	0.0	0.0	0.0	0.0	0.0	0.0	0.0	0.0	0.0

Biplot	0	0

Site constraints	0	0
