	sequences per sample	iteration	663	680	672	693	669	670	667	665	698	695	659	679	694	697	662	677	660	657	692	700	699
alpha_rarefaction_10_0.txt	10	0	5.0	7.0	5.0	1.0	6.5	7.0	11.0	6.5	4.0	2.0	23.0	4.0	4.5	1.0	11.0	16.0	12.0	4.0	1.0	2.0	3.0
alpha_rarefaction_10_1.txt	10	1	5.33333333333	3.0	5.0	1.0	4.5	5.0	4.0	5.0	4.0	1.0	9.0	2.0	8.0	1.0	4.5	11.0	7.0	13.0	1.0	5.0	16.0
alpha_rarefaction_10_2.txt	10	2	16.0	16.0	3.0	1.0	2.0	4.5	11.0	7.0	1.0	1.0	23.0	2.0	3.0	1.0	8.0	4.5	29.0	5.33333333333	1.0	2.0	8.0
alpha_rarefaction_10_3.txt	10	3	7.0	4.0	8.0	1.0	11.0	7.0	16.0	4.5	2.0	1.0	5.0	7.0	4.0	1.0	4.0	4.5	8.5	13.0	1.0	7.0	4.0
alpha_rarefaction_10_4.txt	10	4	5.0	7.0	2.0	4.0	11.0	4.0	5.0	11.0	1.0	1.0	5.0	4.5	4.0	1.0	4.0	5.0	23.0	12.0	4.0	7.0	2.0
alpha_rarefaction_10_5.txt	10	5	3.0	16.0	6.5	1.0	9.0	4.5	7.0	7.0	1.0	1.0	23.0	6.5	11.0	1.0	11.0	12.0	29.0	22.0	1.0	1.0	4.0
alpha_rarefaction_10_6.txt	10	6	5.5	7.0	2.0	2.0	7.0	3.0	5.0	3.0	1.0	2.0	12.0	4.5	11.0	1.0	3.0	16.0	29.0	5.0	2.0	2.0	1.0
alpha_rarefaction_10_7.txt	10	7	8.0	7.0	5.0	2.0	4.0	5.0	3.0	11.0	1.0	2.0	29.0	2.0	4.5	1.0	6.5	4.0	12.0	12.0	2.0	2.0	1.0
alpha_rarefaction_10_8.txt	10	8	2.0	7.0	3.0	1.0	4.0	11.0	4.0	7.0	2.0	1.0	12.0	11.0	3.0	1.0	4.0	8.0	13.0	6.5	2.0	4.0	3.0
alpha_rarefaction_10_9.txt	10	9	12.0	3.0	6.5	2.0	7.0	5.0	12.0	1.0	2.0	1.0	12.0	3.0	3.0	1.0	9.0	6.5	12.0	5.0	1.0	2.0	3.0
alpha_rarefaction_2009_0.txt	2009	0	82.0	65.5	49.1428571429	16.3333333333	80.4285714286	61.4285714286	57.5	91.5	35.4285714286	18.3333333333	136.1875	21.0	40.0	19.5	66.0	72.375	77.5	125.909090909	28.0	28.25	52.0
alpha_rarefaction_2009_1.txt	2009	1	72.9090909091	59.1111111111	63.375	10.75	75.4615384615	60.1	67.3333333333	64.0	24.0	24.0	143.4	44.5	31.8571428571	13.0	66.0	65.6	71.6	126.666666667	25.3333333333	34.0	35.0
alpha_rarefaction_2009_2.txt	2009	2	82.5454545455	67.1111111111	82.1428571429	29.25	72.2307692308	64.2727272727	45.5	67.75	29.2	73.5	153.545454545	41.0	44.25	12.3333333333	58.2142857143	110.857142857	74.0	111.0	24.0	61.0	40.0
alpha_rarefaction_2009_3.txt	2009	3	81.8333333333	69.0	44.875	20.5	73.5625	71.0	46.1428571429	81.0	55.3333333333	68.5	169.333333333	33.3333333333	35.0	17.5	84.25	83.5	76.75	105.0	15.0	39.0	37.2
alpha_rarefaction_2009_4.txt	2009	4	74.0	54.8	58.0909090909	11.75	78.2142857143	89.6666666667	105.6	89.1428571429	40.5	63.0	145.9375	21.0	33.5	19.0	85.25	75.0	67.0	125.153846154	20.25	29.75	79.5
alpha_rarefaction_2009_5.txt	2009	5	72.0	50.0	70.4285714286	20.5	84.3529411765	67.3333333333	57.2727272727	70.5	31.625	29.3333333333	127.0	32.5	58.0	14.75	94.2	60.875	84.6	97.5263157895	51.0	21.0	44.0
alpha_rarefaction_2009_6.txt	2009	6	104.75	59.2727272727	61.375	13.0	69.8	71.2	73.6	67.0	36.0	35.0	150.928571429	36.0	41.6	7.5	88.6666666667	80.6666666667	84.5	124.0625	13.5	46.3333333333	57.5
alpha_rarefaction_2009_7.txt	2009	7	73.125	64.6	57.0	10.3333333333	84.4615384615	64.75	55.5833333333	71.6	26.3333333333	18.0	156.0	49.0	37.6	13.0	79.0	60.2142857143	70.1111111111	120.0	14.0	31.2	38.2
alpha_rarefaction_2009_8.txt	2009	8	75.6	65.0	67.2	10.3333333333	98.625	83.2	63.0	84.8571428571	49.5	24.0	159.0	47.5	37.0	25.0	61.5833333333	98.0	89.8571428571	146.428571429	19.0	62.0	37.0
alpha_rarefaction_2009_9.txt	2009	9	81.8333333333	75.0	49.625	13.0	66.6666666667	73.6666666667	64.0	63.0	39.0	30.25	113.3	29.0	33.0	10.0	60.8571428571	70.6666666667	100.666666667	98.8823529412	16.5	43.0	46.75
alpha_rarefaction_4008_0.txt	4008	0	90.0	82.6666666667	57.1111111111	34.0	83.9090909091	87.0	80.1428571429	88.0	46.0	35.75	163.588235294	34.0	44.5	20.0	83.6	82.0	106.0	130.071428571	20.0	41.875	49.4285714286
alpha_rarefaction_4008_1.txt	4008	1	81.6666666667	80.0	77.5	31.0	85.0	76.0	90.4285714286	100.25	36.5	36.0	146.789473684	28.4285714286	45.5	23.3333333333	78.5454545455	92.0	84.75	114.866666667	23.0	40.0	49.1428571429
alpha_rarefaction_4008_2.txt	4008	2	90.0	64.0	98.0	36.0	84.6666666667	74.1428571429	70.4285714286	105.0	52.2	37.1666666667	142.391304348	41.0	58.3333333333	33.0	104.0	74.25	118.142857143	109.047619048	24.0	34.0	44.5
alpha_rarefaction_4008_3.txt	4008	3	85.1	66.75	65.0	26.5	106.666666667	63.6	66.1666666667	72.6	34.6	59.3333333333	185.125	47.3333333333	44.0	19.5	68.0	84.6666666667	92.1111111111	134.375	55.0	45.75	51.2
alpha_rarefaction_4008_4.txt	4008	4	92.1428571429	82.25	61.625	18.0	88.0	77.1666666667	74.3333333333	94.0	45.0	46.2	172.157894737	27.0	36.6666666667	19.2	91.0909090909	80.8	95.0	125.037037037	18.5	38.0	37.5
alpha_rarefaction_4008_5.txt	4008	5	89.1111111111	78.0	83.0	19.75	107.0	93.0	68.6666666667	92.8571428571	46.0	23.2	138.166666667	31.2	37.2	14.0	71.75	71.625	92.0	133.166666667	19.5	53.0	35.2
alpha_rarefaction_4008_6.txt	4008	6	90.0	90.0	74.5	24.25	77.0	88.1	61.2727272727	92.6666666667	40.0	27.6	157.052631579	49.5	47.4285714286	10.75	87.0	98.5	105.142857143	134.0	45.0	49.0	38.2
alpha_rarefaction_4008_7.txt	4008	7	95.0	66.6666666667	99.5	29.0	105.5	71.6666666667	57.6	91.5	49.5	52.0	137.125	35.3333333333	43.6	18.5	70.0	84.0	135.75	146.058823529	129.0	44.0	45.1666666667
alpha_rarefaction_4008_8.txt	4008	8	90.1428571429	65.0769230769	67.0	31.0	96.0	79.0	68.0	92.2727272727	33.0	40.2	155.785714286	68.0	48.0	11.0	80.1666666667	84.6666666667	91.3	129.0	23.25	47.0	42.3333333333
alpha_rarefaction_4008_9.txt	4008	9	96.1	60.2	67.1428571429	36.0	84.5714285714	84.0	87.2	97.3333333333	51.2	66.0	142.555555556	44.0	34.5	9.6	64.5	110.0	95.0	137.0	12.0	40.3333333333	50.0
alpha_rarefaction_6007_0.txt	6007	0	88.2727272727	75.6666666667	69.25	26.0	129.0	85.0	87.0	94.0	52.1428571429	33.3333333333	156.391304348	38.2	62.3333333333	25.3333333333	83.375	83.0	120.0	134.285714286	34.1666666667	45.25	48.25
alpha_rarefaction_6007_1.txt	6007	1	97.3636363636	75.375	82.0	29.2	97.3333333333	69.0	84.75	86.0	41.5	26.0	167.428571429	64.2	44.0	22.25	83.1666666667	74.6666666667	175.0	134.75	46.0	50.1428571429	50.3333333333
alpha_rarefaction_6007_2.txt	6007	2	98.1428571429	92.5	74.1666666667	21.0	93.6666666667	79.375	95.0	92.0	60.0	34.875	176.434782609	46.0	49.0	20.5	95.8571428571	103.375	190.2	132.0	145.0	41.4285714286	47.5
alpha_rarefaction_6007_3.txt	6007	3	108.0	66.5	120.0	37.0	89.5833333333	92.4285714286	121.5	99.5	40.5	42.0	161.333333333	44.0	63.5	20.0	74.1111111111	81.5714285714	130.857142857	132.647058824	31.5	40.6	64.75
alpha_rarefaction_6007_4.txt	6007	4	100.428571429	68.6	74.6666666667	29.5	123.75	101.25	80.0	123.625	45.1666666667	38.25	174.588235294	52.0	37.25	30.0	81.1	86.8	111.1	128.5	33.1666666667	59.0	46.5
alpha_rarefaction_6007_5.txt	6007	5	102.375	70.25	83.0	28.0	84.0769230769	110.0	80.0	84.0	53.125	34.0	190.75	40.875	54.0	16.5	74.625	85.6666666667	111.6	126.882352941	39.2	56.2	64.0
alpha_rarefaction_6007_6.txt	6007	6	80.7692307692	89.25	85.125	36.0	89.0909090909	83.0	77.1111111111	82.5454545455	46.4285714286	64.0	159.4	43.0	52.0	29.0	86.3333333333	81.1538461538	112.0	115.272727273	38.0	45.8571428571	67.6666666667
alpha_rarefaction_6007_7.txt	6007	7	119.0	72.75	70.1666666667	56.0	97.75	89.1111111111	70.6	93.1111111111	45.1666666667	55.5	144.772727273	30.5	45.0	16.2	89.2	96.6	102.0	136.105263158	32.0	41.1428571429	50.5
alpha_rarefaction_6007_8.txt	6007	8	90.0	77.375	78.1666666667	24.0	101.125	84.0	75.1	92.5454545455	42.0	42.2727272727	171.0	31.0	54.0	21.0	74.1111111111	98.3333333333	94.5	133.0	30.2	37.6666666667	71.3333333333
alpha_rarefaction_6007_9.txt	6007	9	103.428571429	75.5454545455	91.0	34.0	105.0	101.5	87.0	92.6	43.1666666667	28.5	188.0	36.3333333333	53.0	28.0	76.25	87.1111111111	90.5454545455	132.714285714	55.3333333333	50.1428571429	47.4285714286
alpha_rarefaction_8006_0.txt	8006	0	91.4285714286	72.0	78.125	30.2	86.5833333333	108.666666667	90.75	103.857142857	53.2	36.4285714286	183.217391304	40.0	40.2	17.0	91.1666666667	98.0	100.75	130.555555556	72.5	45.875	71.75
alpha_rarefaction_8006_1.txt	8006	1	110.857142857	79.1111111111	87.6666666667	45.5	95.375	91.0	113.5	116.3	61.75	57.0	154.0	43.0	68.0	32.0	95.75	96.6	126.909090909	155.071428571	35.0	61.5	59.0
alpha_rarefaction_8006_2.txt	8006	2	99.3333333333	128.0	87.25	47.0	100.333333333	87.5	98.75	99.125	45.5	38.875	168.789473684	56.0	55.0	24.0	89.375	93.0909090909	128.142857143	131.176470588	46.2	36.5	59.0
alpha_rarefaction_8006_3.txt	8006	3	120.0	105.25	71.25	33.0	92.0	106.2	96.75	91.0	47.875	36.5	194.5	37.5	54.0	18.3333333333	84.4285714286	103.0	146.2	150.25	25.2	49.6	66.0
alpha_rarefaction_8006_4.txt	8006	4	96.5	88.5	68.0	24.2	118.111111111	97.8571428571	114.5	106.769230769	56.1666666667	39.5	174.157894737	65.0	42.8571428571	23.5	90.0	113.142857143	110.5	145.272727273	131.0	51.0	46.4285714286
alpha_rarefaction_8006_5.txt	8006	5	92.4285714286	95.2	72.6666666667	39.0	116.25	83.2	80.375	91.0	46.5	65.0	183.0	36.0	47.6666666667	27.0	85.5454545455	90.6666666667	143.2	137.0	41.6	41.6666666667	63.5
alpha_rarefaction_8006_6.txt	8006	6	108.090909091	73.875	75.6666666667	37.75	113.5	123.5	97.375	87.1111111111	44.5	32.3333333333	175.785714286	37.6666666667	51.5	21.25	78.5	102.0	95.0	128.0	32.0	49.5833333333	52.25
alpha_rarefaction_8006_7.txt	8006	7	143.0	95.0	75.1111111111	50.5	117.0	126.0	113.5	105.153846154	65.6666666667	33.1428571429	186.071428571	42.1428571429	47.2	23.6	86.125	80.1111111111	143.0	126.652173913	40.5	49.4285714286	49.0
alpha_rarefaction_8006_8.txt	8006	8	93.2727272727	82.5	67.4285714286	34.0	95.5833333333	157.5	106.6	115.0	44.6	47.6	174.5	46.25	46.0	18.6666666667	84.8	97.0	118.875	145.9375	45.5	47.8571428571	46.0
alpha_rarefaction_8006_9.txt	8006	9	114.142857143	85.3	74.1	37.75	91.75	87.125	85.3636363636	97.25	49.8571428571	35.4285714286	160.24	42.0	42.5	18.0	173.0	92.75	129.1	129.066666667	36.0	64.75	63.0
alpha_rarefaction_10005_0.txt	10005	0	103.125	93.4285714286	69.0	46.2	120.5	82.0909090909	105.0	113.666666667	49.3333333333	46.1428571429	169.0	41.0	52.0	25.6666666667	81.5	108.0	125.666666667	143.285714286	66.0	49.625	63.0
alpha_rarefaction_10005_1.txt	10005	1	114.75	73.25	75.1666666667	30.0	102.0	93.0	92.4285714286	96.0	44.4285714286	53.2	182.714285714	43.875	46.0	30.0	87.5	109.125	110.0	148.0	41.2	48.0	58.25
alpha_rarefaction_10005_2.txt	10005	2	118.25	79.75	99.0	52.6666666667	101.0	135.75	102.428571429	108.75	44.25	90.5	184.869565217	39.5	47.25	34.75	81.2	104.2	168.0	148.666666667	38.4285714286	49.0	54.875
alpha_rarefaction_10005_3.txt	10005	3	107.0	80.25	81.6	24.75	119.6	115.0	145.0	114.230769231	60.5	64.5	174.37037037	38.2	50.0	26.0	89.6	93.5833333333	118.333333333	167.8	40.1428571429	58.6	58.0
alpha_rarefaction_10005_4.txt	10005	4	125.625	72.625	79.0	32.4285714286	95.7142857143	97.1	129.428571429	108.0	48.5	43.75	160.541666667	47.0	55.25	21.75	94.5	93.8571428571	139.0	156.5	47.3333333333	58.375	58.0
alpha_rarefaction_10005_5.txt	10005	5	117.5	78.4285714286	71.5	58.0	107.3	98.0	93.1428571429	106.0	59.1666666667	54.0	199.882352941	37.5	45.0	26.0	85.75	87.1111111111	116.25	136.111111111	40.75	45.625	79.3333333333
alpha_rarefaction_10005_6.txt	10005	6	97.0	80.2	93.0	63.0	104.769230769	110.2	97.375	100.75	45.5	39.8571428571	170.333333333	61.0	56.1666666667	32.0	77.1	97.6666666667	115.071428571	142.0	47.5	57.6	48.5
alpha_rarefaction_10005_7.txt	10005	7	103.0	76.0	73.4285714286	34.25	105.714285714	148.0	84.0	147.0	57.5	44.0	172.136363636	38.0	59.0	25.0	80.5	96.0	104.142857143	154.0	42.0	46.1428571429	56.4285714286
alpha_rarefaction_10005_8.txt	10005	8	116.2	72.5	68.5	42.2	113.428571429	94.1428571429	112.0	97.5	49.4285714286	64.2	170.333333333	41.6	60.0	27.5	74.6666666667	123.0	107.875	134.142857143	37.75	43.3333333333	52.625
alpha_rarefaction_10005_9.txt	10005	9	97.0909090909	71.0	83.3333333333	45.0	104.333333333	118.142857143	100.428571429	105.0	58.3333333333	50.0	174.555555556	43.4285714286	46.5	23.2	111.5	99.375	148.2	166.909090909	42.0	59.0	56.0
alpha_rarefaction_12004_0.txt	12004	0	101.076923077	80.6666666667	80.1111111111	42.2	117.857142857	101.666666667	128.0	118.3	56.4285714286	46.0	207.3125	54.6	48.25	39.0	84.0909090909	112.857142857	107.0	158.666666667	41.2	56.0	64.0
alpha_rarefaction_12004_1.txt	12004	1	120.333333333	87.125	81.0	42.0	116.75	103.375	145.25	107.0	46.2	106.0	174.5	44.0	48.2	36.0	88.25	96.3333333333	127.0	137.5	42.1428571429	47.1111111111	59.25
alpha_rarefaction_12004_2.txt	12004	2	119.75	102.0	89.0	49.5	121.142857143	112.875	85.5833333333	105.0	47.0	50.0	174.0	40.1111111111	52.0	27.6	89.1111111111	96.25	111.571428571	150.4	31.0	50.1428571429	56.5
alpha_rarefaction_12004_3.txt	12004	3	104.545454545	101.2	83.1666666667	44.3333333333	107.75	110.142857143	94.4285714286	116.875	53.1666666667	52.0	176.5	54.5	48.5	23.0	87.25	96.8	104.461538462	142.666666667	35.625	63.2	58.8571428571
alpha_rarefaction_12004_4.txt	12004	4	96.6	103.5	78.5833333333	39.1666666667	114.0	86.5833333333	122.166666667	93.5833333333	54.0	55.0	173.913043478	41.3333333333	48.5	33.25	93.5	97.1428571429	115.25	136.2	29.0	48.0	70.2
alpha_rarefaction_12004_5.txt	12004	5	100.25	104.333333333	76.1111111111	34.0	118.111111111	94.0	133.2	95.2727272727	62.0	47.25	175.454545455	44.0	49.3333333333	28.5	109.2	96.0	119.461538462	167.363636364	40.25	48.0	56.0909090909
alpha_rarefaction_12004_6.txt	12004	6	102.545454545	81.0909090909	83.6666666667	43.5	110.0	125.428571429	104.75	104.0	56.5	58.0	192.1875	49.4285714286	51.6666666667	25.25	86.0	100.142857143	134.142857143	159.0	47.2	43.9090909091	62.0
alpha_rarefaction_12004_7.txt	12004	7	131.0	91.2	92.0	29.1111111111	105.333333333	97.5454545455	98.125	101.111111111	51.875	57.0	188.105263158	61.0	61.0	23.75	85.5	94.25	133.333333333	152.666666667	49.1428571429	59.2	60.0
alpha_rarefaction_12004_8.txt	12004	8	127.0	88.0	93.0	63.0	103.076923077	92.0	115.0	118.1	52.25	51.0	178.714285714	50.75	51.0	32.0	83.5	114.0	120.666666667	129.333333333	41.75	74.2	66.125
alpha_rarefaction_12004_9.txt	12004	9	116.111111111	89.125	91.4285714286	35.8571428571	117.0	95.9090909091	93.1428571429	99.125	50.5	46.25	179.25	42.0	48.5	29.3333333333	99.1111111111	99.1428571429	118.071428571	144.055555556	41.1428571429	45.3333333333	58.25
alpha_rarefaction_14003_0.txt	14003	0	108.769230769	94.1428571429	80.6666666667	44.1666666667	102.0	99.25	123.5	100.833333333	57.2	52.125	203.055555556	52.2	57.0	24.0	102.0	99.25	116.833333333	140.5625	45.1428571429	52.875	83.3333333333
alpha_rarefaction_14003_1.txt	14003	1	113.545454545	78.0	81.2	43.0	92.1538461538	89.5	111.875	122.0	52.0	40.625	185.714285714	41.3333333333	61.0	47.0	93.1	103.0	145.875	153.8125	45.1111111111	72.25	81.3333333333
alpha_rarefaction_14003_2.txt	14003	2	98.9285714286	94.5	74.625	51.0	106.545454545	109.0	182.0	120.076923077	49.625	54.6	184.913043478	52.0	48.5	30.0	154.0	123.5	133.666666667	143.176470588	47.0	54.3333333333	55.5
alpha_rarefaction_14003_3.txt	14003	3	121.2	79.4285714286	75.0	54.5	111.6	92.5	123.111111111	107.0	46.625	46.4285714286	180.730769231	44.5	47.5	25.5	94.0	104.0	132.083333333	151.055555556	47.0	50.6	57.875
alpha_rarefaction_14003_4.txt	14003	4	113.0	91.0	98.4285714286	43.0	103.0	110.1	131.0	97.5454545455	54.25	47.5	177.04	44.0	45.4285714286	30.0	81.3333333333	107.0	105.461538462	144.769230769	45.375	47.25	65.0
alpha_rarefaction_14003_5.txt	14003	5	111.909090909	78.875	90.1428571429	62.0	115.125	102.0	119.5	116.428571429	46.5	50.2	179.730769231	48.875	60.0	27.6	92.75	109.0	130.083333333	143.769230769	50.1428571429	48.3333333333	53.0
alpha_rarefaction_14003_6.txt	14003	6	95.5	81.3333333333	96.6666666667	59.0	105.75	111.0	120.142857143	103.769230769	50.1428571429	48.1428571429	199.4	50.25	57.0	29.5	98.5	119.428571429	114.875	148.153846154	48.0	46.5	61.0
alpha_rarefaction_14003_7.txt	14003	7	108.333333333	84.6666666667	78.3333333333	37.0	102.4	133.875	96.6	103.333333333	63.6	50.0909090909	176.222222222	46.5	51.0	38.0	87.875	121.0	121.714285714	163.272727273	46.6	49.6153846154	63.0
alpha_rarefaction_14003_8.txt	14003	8	99.1428571429	100.666666667	79.75	46.0	106.0	145.25	126.0	96.5	47.25	47.0	177.5	48.1111111111	51.25	30.0	94.0	110.428571429	151.111111111	139.066666667	40.3333333333	47.5454545455	60.1666666667
alpha_rarefaction_14003_9.txt	14003	9	126.875	78.5	116.75	33.0	103.0	118.666666667	108.75	106.153846154	50.5	65.6666666667	168.5	44.0	50.1428571429	26.25	89.25	105.333333333	161.125	144.666666667	32.3333333333	46.6666666667	59.8571428571
alpha_rarefaction_16002_0.txt	16002	0	120.375	98.0	77.1111111111	42.0	108.230769231	113.0	112.090909091	108.6	51.1428571429	58.0	178.636363636	42.0	51.5	38.2	92.5	137.75	131.071428571	143.052631579	31.1	47.5	66.1428571429
alpha_rarefaction_16002_1.txt	16002	1	113.0	92.1666666667	79.3333333333	45.0	102.105263158	110.1	120.333333333	130.0	64.3333333333	69.2	187.125	62.0	51.5	45.5	84.75	115.857142857	120.4	150.833333333	48.125	49.1	59.875
alpha_rarefaction_16002_2.txt	16002	2	119.0	112.666666667	83.1111111111	37.5	110.5	105.833333333	121.5	107.0	61.75	77.2	180.04	48.2	56.2	28.6	108.25	118.25	151.5	168.666666667	49.1666666667	48.1	77.0
alpha_rarefaction_16002_3.txt	16002	3	124.428571429	134.5	87.1666666667	46.5	107.583333333	106.4	129.625	122.666666667	79.3333333333	47.4285714286	181.260869565	44.5	56.5	27.6666666667	86.0	124.5	134.272727273	160.0	61.5	48.625	60.5
alpha_rarefaction_16002_4.txt	16002	4	112.363636364	107.6	95.125	41.2	99.9285714286	118.111111111	98.3	129.0	59.1428571429	43.0	177.0	43.6666666667	60.0	29.0	110.5	116.375	131.0	152.833333333	48.125	48.25	60.4285714286
alpha_rarefaction_16002_5.txt	16002	5	103.5	121.75	81.8	49.2	106.272727273	118.272727273	115.111111111	115.428571429	54.1111111111	58.3636363636	175.24	42.625	54.5	55.3333333333	105.0	99.4285714286	117.214285714	144.230769231	52.2	46.3333333333	70.1666666667
alpha_rarefaction_16002_6.txt	16002	6	106.375	97.4285714286	79.5	40.25	112.6	109.25	127.166666667	117.0	47.1	51.5	172.5	47.0	49.5	23.5	91.25	106.125	123.0	164.0	41.3333333333	48.1	65.1428571429
alpha_rarefaction_16002_7.txt	16002	7	121.375	71.1428571429	81.75	38.0	104.0	127.428571429	137.428571429	103.666666667	47.5	62.1428571429	188.3	40.4285714286	55.0	37.75	115.6	129.2	169.0	168.545454545	45.75	47.5454545455	54.6666666667
alpha_rarefaction_16002_8.txt	16002	8	111.5	77.625	81.75	50.5	107.5	101.545454545	145.666666667	127.666666667	50.0	61.2	175.37037037	41.1428571429	49.5	33.0	93.4285714286	106.125	110.5	173.25	39.1111111111	47.5	64.2
alpha_rarefaction_16002_9.txt	16002	9	114.909090909	92.1666666667	81.6666666667	43.2	112.6	103.25	109.0	105.928571429	48.6666666667	61.0	194.066666667	47.625	60.25	63.0	95.1111111111	109.5	117.666666667	160.714285714	47.0	48.0	58.625
alpha_rarefaction_18001_0.txt	18001	0	109.909090909	93.125	82.6666666667	34.5	110.5	114.083333333	117.111111111	116.5	56.1666666667	65.0	191.9	48.0	53.6666666667	46.5	107.0	117.666666667	119.615384615	156.769230769	54.3636363636	49.3333333333	74.2
alpha_rarefaction_18001_1.txt	18001	1	113.363636364	100.0	81.5	44.1428571429	112.666666667	105.571428571	120.083333333	105.545454545	58.4285714286	53.1	180.307692308	45.6666666667	54.6666666667	31.2	92.4285714286	116.125	122.125	154.4375	44.6	50.625	76.0
alpha_rarefaction_18001_2.txt	18001	2	115.0	99.0	81.5	54.1428571429	105.5	108.153846154	109.75	117.5	54.5	81.0	177.541666667	47.0	51.625	36.25	104.0	112.5	126.866666667	152.615384615	48.375	48.25	67.1428571429
alpha_rarefaction_18001_3.txt	18001	3	126.75	88.1428571429	80.5	45.1	112.0	108.5	109.25	120.0	61.75	55.6666666667	182.344827586	45.0	50.5	39.75	93.6666666667	121.333333333	130.0	146.5625	70.6666666667	49.3636363636	64.1666666667
alpha_rarefaction_18001_4.txt	18001	4	137.0	103.857142857	82.0909090909	36.0	104.111111111	109.25	115.0	123.25	87.0	78.0	182.517241379	44.1111111111	50.0	41.3333333333	88.0	126.6	126.4	154.545454545	56.1428571429	46.5454545455	58.5
alpha_rarefaction_18001_5.txt	18001	5	124.111111111	102.666666667	83.5	39.4285714286	106.6	114.0	111.461538462	106.545454545	52.0	64.4285714286	174.076923077	48.2	49.1428571429	29.0	97.5	120.0	122.4	152.214285714	37.0	50.1	70.6
alpha_rarefaction_18001_6.txt	18001	6	117.0	86.0	85.2727272727	50.5	107.571428571	112.461538462	152.0	117.375	54.0	85.0	182.5	43.625	52.0	33.0	91.3333333333	106.0	125.25	162.75	47.1111111111	54.0	64.1666666667
alpha_rarefaction_18001_7.txt	18001	7	110.545454545	118.0	82.8	44.0	104.0	112.461538462	112.666666667	103.75	52.5	46.875	195.217391304	46.0	51.5	25.5	91.5833333333	112.2	127.714285714	155.615384615	44.6666666667	48.7692307692	63.4285714286
alpha_rarefaction_18001_8.txt	18001	8	121.857142857	101.0	88.0	44.0	105.5	115.0	132.857142857	119.090909091	58.4285714286	50.3333333333	204.333333333	43.0	56.0	24.75	101.0	115.0	135.071428571	156.153846154	40.1666666667	49.1428571429	64.1666666667
alpha_rarefaction_18001_9.txt	18001	9	111.333333333	96.1111111111	81.0769230769	30.625	107.5	113.083333333	117.666666667	116.5	53.625	74.6666666667	185.0	43.3333333333	53.0	48.0	94.6666666667	119.0	125.071428571	155.272727273	53.0	48.0	73.5
alpha_rarefaction_20000_0.txt	20000	0	120.0	105.0	82.0769230769	44.2	105.5	108.0	113.0	119.0	58.1666666667	89.75	188.8	44.0	54.6666666667	36.0	94.25	113.5	129.714285714	153.4	40.75	48.6	62.875
alpha_rarefaction_20000_1.txt	20000	1	113.0	97.3333333333	82.0769230769	42.4285714286	113.666666667	108.0	139.25	123.333333333	54.4285714286	51.6666666667	186.0	46.5	54.6666666667	39.75	103.0	119.666666667	118.5	144.5	41.4285714286	47.6	69.2
alpha_rarefaction_20000_2.txt	20000	2	113.0	139.0	82.0769230769	48.6	112.230769231	105.666666667	129.111111111	113.3	58.1666666667	61.125	175.125	45.1	53.5	50.0	93.8571428571	119.666666667	131.75	170.111111111	58.0	49.1111111111	66.0
alpha_rarefaction_20000_3.txt	20000	3	115.363636364	102.857142857	82.0769230769	42.8571428571	112.545454545	110.5	151.5	121.375	68.5	58.0	190.541666667	43.625	54.6666666667	29.6666666667	91.5833333333	127.6	120.047619048	155.545454545	63.375	48.6	64.0
alpha_rarefaction_20000_4.txt	20000	4	117.6	98.5	82.0769230769	41.3333333333	120.0	110.5	121.666666667	116.0	51.6666666667	58.6666666667	179.625	42.875	52.5	51.5	90.5833333333	112.2	132.0	152.058823529	62.8571428571	48.6	82.0
alpha_rarefaction_20000_5.txt	20000	5	112.0	108.428571429	82.0769230769	53.1428571429	112.1	108.0	125.333333333	107.0	54.0	55.2	185.0	45.0	54.6666666667	35.25	104.5	116.0	142.5	156.153846154	71.875	47.3	66.0
alpha_rarefaction_20000_6.txt	20000	6	114.333333333	111.0	82.0769230769	50.5	107.076923077	108.0	125.5	121.111111111	60.75	51.5	185.0	49.5	54.6666666667	27.2	89.6	147.0	116.6875	164.461538462	63.6666666667	49.1111111111	72.5
alpha_rarefaction_20000_7.txt	20000	7	119.0	94.1666666667	82.0769230769	46.2	116.0	105.666666667	121.272727273	107.909090909	53.625	48.5	185.0	48.1428571429	57.2	29.6	89.5	128.6	121.176470588	155.666666667	52.0	48.6	63.8571428571
alpha_rarefaction_20000_8.txt	20000	8	117.909090909	92.0	82.0769230769	50.125	107.5	108.0	120.6	126.3	48.5	54.0	189.04	49.0	54.6666666667	28.5	94.3333333333	113.142857143	118.55	165.0	93.6	48.5454545455	67.0
alpha_rarefaction_20000_9.txt	20000	9	112.909090909	120.25	80.2307692308	53.0	110.0	108.0	125.333333333	112.111111111	58.1666666667	58.6	184.142857143	41.6666666667	54.6666666667	52.0	93.0	110.0	123.4375	158.153846154	52.0	48.5454545455	57.6666666667