	404	405	406	407	408	409	410	411	412	413	414	415	416	417	418	419	420	421	422	423
1016.extendedFrags	3.0	3.0	5.0	2.0	21.0	40.0	96.0	1045.0	21598.0	9821.0	41.0	1.0	2.0	0.0	2.0	0.0	3.0	21.0	0.0	4.0
	84	94	104	114	124	134	144	154	164	174	184	194	204	214	224	234	244	254	264	274	284	294	304	314	324	334	344	354	364	374	384	394	404	414	424
1017.extendedFrags	1.0	0.0	0.0	0.0	0.0	0.0	0.0	0.0	0.0	0.0	0.0	0.0	0.0	0.0	0.0	0.0	0.0	0.0	0.0	0.0	0.0	0.0	0.0	0.0	0.0	0.0	0.0	0.0	0.0	0.0	0.0	0.0	130.0	46714.0	54.0
	394	396	398	400	402	404	406	408	410	412	414	416	418	420	422	424	426	428	430	432	434	436	438	440	442	444	446	448	450
1018.extendedFrags	1.0	0.0	0.0	1.0	3.0	4.0	21.0	95.0	1638.0	46530.0	64.0	1.0	1.0	35.0	4.0	0.0	0.0	0.0	0.0	0.0	0.0	0.0	0.0	0.0	0.0	0.0	1.0	1.0	1.0
	370	372	374	376	378	380	382	384	386	388	390	392	394	396	398	400	402	404	406	408	410	412	414	416	418	420	422	424
1019.extendedFrags	1.0	0.0	0.0	0.0	0.0	0.0	0.0	0.0	0.0	0.0	0.0	0.0	0.0	0.0	0.0	1.0	4.0	8.0	25.0	99.0	1539.0	46021.0	66.0	1.0	1.0	83.0	6.0	1.0
	84	94	104	114	124	134	144	154	164	174	184	194	204	214	224	234	244	254	264	274	284	294	304	314	324	334	344	354	364	374	384	394	404	414	424	431
1020.extendedFrags	2.0	0.0	0.0	0.0	0.0	0.0	0.0	0.0	0.0	0.0	0.0	0.0	0.0	0.0	0.0	0.0	0.0	0.0	0.0	0.0	0.0	0.0	0.0	0.0	0.0	0.0	1.0	0.0	0.0	0.0	0.0	0.0	88.0	40541.0	42.0	1.0
	402	404	406	408	410	412	414	416	418	420	422	424	426	428	430	432	434	436	438	440	442	444	446	448	450	452
1021.extendedFrags	1.0	4.0	19.0	41.0	691.0	57700.0	179.0	4.0	3.0	29.0	10.0	0.0	0.0	1.0	0.0	0.0	0.0	0.0	0.0	0.0	0.0	0.0	1.0	0.0	0.0	1.0
	222	227	232	237	242	247	252	257	262	267	272	277	282	287	292	297	302	307	312	317	322	327	332	337	342	347	352	357	362	367	372	377	382	387	392	397	402	407	412	417	422	427	432	437	442	447	450
1022.extendedFrags	1.0	0.0	0.0	0.0	0.0	0.0	4.0	0.0	0.0	0.0	0.0	0.0	0.0	0.0	0.0	0.0	0.0	0.0	0.0	0.0	0.0	0.0	0.0	0.0	0.0	0.0	0.0	0.0	0.0	0.0	0.0	0.0	0.0	0.0	0.0	0.0	6.0	108.0	56744.0	9.0	42.0	0.0	1.0	0.0	0.0	0.0	1.0
	222	227	232	237	242	247	252	257	262	267	272	277	282	287	292	297	302	307	312	317	322	327	332	337	342	347	352	357	362	367	372	377	382	387	392	397	402	407	412	417	422	427	430
1023.extendedFrags	1.0	0.0	0.0	0.0	0.0	0.0	0.0	0.0	0.0	0.0	0.0	0.0	0.0	0.0	0.0	0.0	0.0	0.0	0.0	0.0	0.0	0.0	0.0	0.0	0.0	0.0	0.0	0.0	0.0	0.0	0.0	0.0	0.0	0.0	0.0	0.0	4.0	101.0	46040.0	1.0	2.0	0.0	2.0
	222	227	232	237	242	247	252	257	262	267	272	277	282	287	292	297	302	307	312	317	322	327	332	337	342	347	352	357	362	367	372	377	382	387	392	397	402	407	412	417	422	427	432	437	442	447	450
1024.extendedFrags	2.0	0.0	0.0	0.0	0.0	0.0	1.0	0.0	0.0	1.0	0.0	0.0	0.0	0.0	0.0	0.0	2.0	0.0	0.0	0.0	0.0	0.0	0.0	0.0	0.0	0.0	0.0	0.0	0.0	0.0	0.0	0.0	0.0	0.0	0.0	0.0	5.0	86.0	49433.0	5.0	0.0	0.0	0.0	0.0	0.0	1.0	1.0
	252	257	262	267	272	277	282	287	292	297	302	307	312	317	322	327	332	337	342	347	352	357	362	367	372	377	382	387	392	397	402	407	412	417	421
1025.extendedFrags	1.0	0.0	0.0	0.0	0.0	0.0	0.0	0.0	0.0	0.0	0.0	0.0	0.0	0.0	0.0	0.0	0.0	0.0	0.0	0.0	0.0	0.0	0.0	0.0	0.0	0.0	0.0	0.0	0.0	1.0	4.0	89.0	43315.0	2.0	4.0
	404	405	406	407	408	409	410	411	412	413	414	415	416	417	418	419	420	421	422	423	424	425	426	427	428
1026.extendedFrags	2.0	4.0	11.0	12.0	9.0	62.0	117.0	377.0	5333.0	43433.0	175.0	0.0	3.0	0.0	1.0	0.0	5.0	20.0	1.0	1.0	0.0	0.0	0.0	0.0	1.0
	400	401	402	403	404	405	406	407	408	409	410	411	412	413	414	415	416	417	418	419	420	421	422	423
1027.extendedFrags	1.0	0.0	1.0	1.0	1.0	8.0	9.0	13.0	16.0	40.0	123.0	644.0	7440.0	52174.0	140.0	1.0	0.0	0.0	1.0	0.0	4.0	15.0	0.0	5.0
	222	227	232	237	242	247	252	257	262	267	272	277	282	287	292	297	302	307	312	317	322	327	332	337	342	347	352	357	362	367	372	377	382	387	392	397	402	407	412	417
1028.extendedFrags	1.0	0.0	0.0	0.0	0.0	0.0	0.0	0.0	0.0	0.0	0.0	0.0	0.0	0.0	0.0	0.0	0.0	0.0	0.0	0.0	0.0	0.0	0.0	0.0	0.0	0.0	0.0	0.0	0.0	0.0	0.0	0.0	0.0	0.0	0.0	0.0	5.0	79.0	43126.0	1.0
	402	403	404	405	406	407	408	409	410	411	412	413	414	415	416	417	418	419	420	421	422	423	424	425	426	427	428	429	430	431	432	433	434	435	436	437	438	439	440	441	442
1029.extendedFrags	1.0	2.0	1.0	7.0	13.0	4.0	20.0	39.0	105.0	644.0	6178.0	45887.0	128.0	0.0	1.0	0.0	4.0	0.0	1.0	24.0	1.0	8.0	0.0	0.0	0.0	0.0	0.0	0.0	0.0	0.0	0.0	0.0	0.0	0.0	0.0	0.0	0.0	0.0	0.0	0.0	1.0
	403	404	405	406	407	408	409	410	411	412	413	414	415	416	417	418	419	420	421	422	423
1030.extendedFrags	1.0	0.0	12.0	9.0	8.0	29.0	39.0	125.0	776.0	8792.0	48521.0	145.0	1.0	0.0	0.0	2.0	0.0	1.0	17.0	0.0	2.0
	222	227	232	237	242	247	252	257	262	267	272	277	282	287	292	297	302	307	312	317	322	327	332	337	342	347	352	357	362	367	372	377	382	387	392	397	402	407	412	417	422
1031.extendedFrags	1.0	0.0	0.0	0.0	0.0	0.0	0.0	0.0	0.0	0.0	0.0	0.0	0.0	0.0	0.0	0.0	0.0	0.0	1.0	0.0	0.0	0.0	0.0	0.0	0.0	0.0	0.0	0.0	0.0	0.0	0.0	0.0	0.0	0.0	0.0	0.0	2.0	72.0	36789.0	3.0	17.0
	222	227	232	237	242	247	252	257	262	267	272	277	282	287	292	297	302	307	312	317	322	327	332	337	342	347	352	357	362	367	372	377	382	387	392	397	402	407	412	417	422
1032.extendedFrags	2.0	0.0	0.0	0.0	0.0	0.0	0.0	0.0	0.0	0.0	0.0	0.0	0.0	0.0	0.0	0.0	0.0	0.0	0.0	0.0	0.0	0.0	0.0	0.0	0.0	0.0	0.0	0.0	0.0	0.0	1.0	0.0	0.0	0.0	0.0	0.0	1.0	63.0	32406.0	6.0	6.0
	403	404	405	406	407	408	409	410	411	412	413	414	415	416	417	418	419	420	421	422	423
1033.extendedFrags	1.0	0.0	2.0	6.0	4.0	8.0	20.0	43.0	116.0	1392.0	21047.0	50.0	1.0	0.0	0.0	0.0	0.0	0.0	0.0	0.0	1.0
	405	406	407	408	409	410	411	412	413	414	415	416	417	418	419	420	421	422	423	424	425	426	427	428	429	430	431	432	433	434	435
1034.extendedFrags	2.0	2.0	3.0	6.0	25.0	73.0	234.0	2667.0	25771.0	77.0	2.0	0.0	0.0	0.0	0.0	0.0	1.0	0.0	0.0	0.0	0.0	0.0	0.0	0.0	0.0	0.0	0.0	0.0	0.0	0.0	1.0
	257	262	267	272	277	282	287	292	297	302	307	312	317	322	327	332	337	342	347	352	357	362	367	372	377	382	387	392	397	402	407	412	417	421
1035.extendedFrags	1.0	0.0	0.0	0.0	0.0	0.0	0.0	1.0	0.0	0.0	0.0	0.0	0.0	0.0	0.0	0.0	0.0	0.0	0.0	0.0	0.0	0.0	0.0	0.0	0.0	0.0	0.0	0.0	0.0	5.0	35.0	17717.0	1.0	6.0
	404	405	406	407	408	409	410	411	412	413	414	415	416	417	418	419	420	421	422	423	424	425	426	427	428	429	430	431	432	433
1036.extendedFrags	2.0	2.0	0.0	9.0	11.0	26.0	67.0	359.0	3085.0	25819.0	82.0	0.0	1.0	0.0	0.0	0.0	0.0	0.0	0.0	0.0	0.0	0.0	0.0	0.0	0.0	0.0	0.0	0.0	0.0	1.0
	267	272	277	282	287	292	297	302	307	312	317	322	327	332	337	342	347	352	357	362	367	372	377	382	387	392	397	402	407	412	417	422
1037.extendedFrags	1.0	0.0	0.0	0.0	0.0	0.0	0.0	1.0	0.0	0.0	0.0	0.0	0.0	0.0	0.0	0.0	0.0	0.0	0.0	0.0	0.0	0.0	0.0	0.0	0.0	0.0	0.0	4.0	84.0	34263.0	1.0	35.0
	403	404	405	406	407	408	409	410	411	412	413	414	415	416	417	418	419	420	421	422	423
1038.extendedFrags	2.0	1.0	9.0	7.0	9.0	23.0	40.0	136.0	639.0	10292.0	38974.0	111.0	0.0	1.0	0.0	1.0	1.0	3.0	9.0	0.0	2.0
	192	197	202	207	212	217	222	227	232	237	242	247	252	257	262	267	272	277	282	287	292	297	302	307	312	317	322	327	332	337	342	347	352	357	362	367	372	377	382	387	392	397	402	407	412	417
1039.extendedFrags	1.0	0.0	0.0	0.0	1.0	0.0	0.0	0.0	0.0	0.0	0.0	0.0	1.0	1.0	0.0	0.0	0.0	0.0	0.0	0.0	0.0	0.0	0.0	0.0	0.0	0.0	0.0	0.0	0.0	0.0	0.0	0.0	0.0	0.0	0.0	0.0	0.0	0.0	0.0	0.0	0.0	0.0	3.0	93.0	34898.0	2.0
	267	272	277	282	287	292	297	302	307	312	317	322	327	332	337	342	347	352	357	362	367	372	377	382	387	392	397	402	407	412	417	422
1040.extendedFrags	1.0	0.0	0.0	0.0	0.0	0.0	0.0	0.0	0.0	0.0	0.0	0.0	0.0	0.0	0.0	0.0	0.0	0.0	0.0	0.0	0.0	0.0	0.0	0.0	0.0	0.0	0.0	2.0	77.0	48498.0	5.0	16.0
	402	403	404	405	406	407	408	409	410	411	412	413	414	415	416	417	418	419	420
1138.extendedFrags	1.0	0.0	0.0	2.0	5.0	0.0	5.0	12.0	26.0	64.0	1178.0	14243.0	54.0	2.0	0.0	0.0	0.0	0.0	3.0
	257	262	267	272	277	282	287	292	297	302	307	312	317	322	327	332	337	342	347	352	357	362	367	372	377	382	387	392	397	402	407	412	417	421
1139.extendedFrags	1.0	0.0	0.0	0.0	0.0	0.0	1.0	0.0	0.0	0.0	0.0	0.0	0.0	0.0	0.0	0.0	0.0	0.0	0.0	0.0	0.0	0.0	0.0	1.0	0.0	0.0	0.0	0.0	0.0	0.0	28.0	7450.0	2.0	2.0
	84	94	104	114	124	134	144	154	164	174	184	194	204	214	224	234	244	254	264	274	284	294	304	314	324	334	344	354	364	374	384	394	404	412
1140.extendedFrags	1.0	0.0	0.0	0.0	0.0	0.0	0.0	0.0	0.0	0.0	0.0	0.0	0.0	0.0	0.0	0.0	0.0	0.0	0.0	0.0	0.0	0.0	0.0	0.0	0.0	0.0	0.0	0.0	0.0	1.0	0.0	0.0	10.0	5925.0
	403	404	405	406	407	408	409	410	411	412	413	414	415	416	417	418	419	420	421	422	423	424	425	426	427	428	429
1141.extendedFrags	2.0	0.0	2.0	2.0	2.0	4.0	7.0	31.0	66.0	727.0	11509.0	46.0	1.0	0.0	0.0	0.0	0.0	0.0	5.0	0.0	0.0	0.0	0.0	1.0	0.0	0.0	1.0
	222	227	232	237	242	247	252	257	262	267	272	277	282	287	292	297	302	307	312	317	322	327	332	337	342	347	352	357	362	367	372	377	382	387	392	397	402	407	412	417	421
1142.extendedFrags	1.0	0.0	0.0	0.0	0.0	0.0	0.0	0.0	0.0	0.0	0.0	0.0	0.0	0.0	0.0	0.0	0.0	0.0	0.0	0.0	0.0	0.0	0.0	0.0	1.0	0.0	0.0	1.0	0.0	0.0	1.0	0.0	0.0	0.0	0.0	0.0	0.0	19.0	14128.0	3.0	2.0
	402	403	404	405	406	407	408	409	410	411	412	413	414	415	416	417	418	419	420	421	422	423	424	425	426	427	428	429	430	431	432	433
1143.extendedFrags	1.0	4.0	0.0	3.0	11.0	9.0	20.0	54.0	128.0	791.0	6945.0	48348.0	173.0	3.0	0.0	0.0	2.0	0.0	5.0	42.0	1.0	8.0	0.0	0.0	0.0	0.0	0.0	0.0	0.0	0.0	0.0	1.0
	402	403	404	405	406	407	408	409	410	411	412	413	414	415	416	417	418	419	420	421	422	423	424	425	426	427	428	429	430	431	432	433	434	435	436	437	438	439	440	441	442	443	444	445	446	447	448	449
1144.extendedFrags	1.0	2.0	1.0	10.0	10.0	14.0	27.0	43.0	115.0	779.0	8495.0	47036.0	132.0	1.0	1.0	1.0	2.0	2.0	2.0	27.0	2.0	8.0	0.0	0.0	0.0	0.0	0.0	0.0	0.0	0.0	0.0	0.0	0.0	0.0	0.0	0.0	0.0	0.0	0.0	0.0	0.0	0.0	0.0	0.0	0.0	0.0	0.0	1.0
	222	227	232	237	242	247	252	257	262	267	272	277	282	287	292	297	302	307	312	317	322	327	332	337	342	347	352	357	362	367	372	377	382	387	392	397	402	407	412	417	422	427	432	437	442	447	451
1145.extendedFrags	1.0	0.0	0.0	0.0	0.0	0.0	0.0	0.0	0.0	0.0	0.0	0.0	0.0	0.0	0.0	0.0	0.0	0.0	0.0	0.0	0.0	0.0	0.0	0.0	0.0	0.0	0.0	0.0	0.0	0.0	0.0	0.0	0.0	0.0	0.0	0.0	2.0	87.0	50226.0	0.0	9.0	0.0	0.0	0.0	0.0	0.0	1.0
	402	403	404	405	406	407	408	409	410	411	412	413	414	415	416	417	418	419	420	421
1146.extendedFrags	1.0	2.0	2.0	14.0	6.0	7.0	20.0	47.0	112.0	697.0	7788.0	37784.0	134.0	0.0	0.0	0.0	0.0	0.0	1.0	25.0
	404	405	406	407	408	409	410	411	412	413	414	415	416	417	418	419	420	421	422	423
1147.extendedFrags	2.0	4.0	4.0	4.0	11.0	45.0	52.0	442.0	5713.0	27491.0	71.0	0.0	0.0	0.0	0.0	0.0	0.0	5.0	0.0	7.0
	402	403	404	405	406	407	408	409	410	411	412	413	414	415	416	417	418	419	420	421	422	423
1148.extendedFrags	1.0	1.0	0.0	6.0	5.0	11.0	15.0	31.0	81.0	518.0	7161.0	28665.0	99.0	0.0	2.0	1.0	1.0	1.0	1.0	13.0	0.0	12.0
	346	348	350	352	354	356	358	360	362	364	366	368	370	372	374	376	378	380	382	384	386	388	390	392	394	396	398	400	402	404	406	408	410	412	414	416	418	420	422
1149.extendedFrags	1.0	0.0	0.0	0.0	0.0	0.0	0.0	0.0	0.0	0.0	0.0	0.0	0.0	0.0	0.0	0.0	0.0	0.0	0.0	0.0	0.0	0.0	0.0	0.0	0.0	0.0	0.0	0.0	0.0	2.0	9.0	37.0	294.0	26693.0	60.0	0.0	0.0	10.0	5.0
	404	405	406	407	408	409	410	411	412	413	414	415	416	417	418	419	420	421	422	423
1150.extendedFrags	2.0	0.0	4.0	5.0	12.0	24.0	47.0	212.0	2363.0	26983.0	92.0	0.0	0.0	0.0	1.0	0.0	1.0	7.0	1.0	2.0
	403	404	405	406	407	408	409	410	411	412	413	414	415	416	417	418	419	420	421	422	423	424	425	426	427	428
1151.extendedFrags	1.0	1.0	4.0	4.0	7.0	14.0	38.0	83.0	525.0	6067.0	29056.0	94.0	0.0	0.0	0.0	0.0	0.0	1.0	26.0	0.0	7.0	0.0	0.0	1.0	0.0	1.0
	403	404	405	406	407	408	409	410	411	412	413	414	415	416	417	418	419	420	421	422	423
1152.extendedFrags	1.0	2.0	7.0	4.0	3.0	14.0	32.0	85.0	494.0	8327.0	23887.0	78.0	0.0	1.0	0.0	1.0	0.0	1.0	11.0	0.0	5.0
	403	404	405	406	407	408	409	410	411	412	413	414	415	416	417	418	419	420	421	422	423	424	425	426	427	428	429	430	431	432	433	434	435	436	437	438	439	440	441	442
1153.extendedFrags	1.0	1.0	0.0	1.0	4.0	9.0	21.0	21.0	54.0	629.0	12109.0	54.0	0.0	0.0	0.0	0.0	0.0	0.0	1.0	1.0	0.0	0.0	0.0	0.0	0.0	0.0	0.0	0.0	0.0	0.0	0.0	0.0	0.0	0.0	0.0	0.0	0.0	0.0	0.0	1.0
	406	407	408	409	410	411	412	413	414	415	416	417	418	419	420
1154.extendedFrags	2.0	5.0	9.0	17.0	16.0	82.0	561.0	13675.0	94.0	0.0	2.0	0.0	0.0	0.0	1.0
	262	267	272	277	282	287	292	297	302	307	312	317	322	327	332	337	342	347	352	357	362	367	372	377	382	387	392	397	402	407	412	415
1155.extendedFrags	1.0	0.0	0.0	0.0	0.0	0.0	0.0	0.0	0.0	0.0	0.0	0.0	0.0	0.0	0.0	0.0	0.0	0.0	0.0	0.0	0.0	0.0	0.0	0.0	0.0	0.0	0.0	0.0	1.0	12.0	4835.0	1.0
	342	344	346	348	350	352	354	356	358	360	362	364	366	368	370	372	374	376	378	380	382	384	386	388	390	392	394	396	398	400	402	404	406	408	410	412	414
1156.extendedFrags	1.0	0.0	0.0	0.0	0.0	0.0	0.0	0.0	0.0	0.0	0.0	0.0	0.0	0.0	0.0	0.0	0.0	0.0	0.0	0.0	0.0	0.0	0.0	0.0	0.0	0.0	0.0	0.0	0.0	0.0	0.0	0.0	2.0	37.0	73.0	12879.0	50.0
	372	373	374	375	376	377	378	379	380	381	382	383	384	385	386	387	388	389	390	391	392	393	394	395	396	397	398	399	400	401	402	403	404	405	406	407	408	409	410	411	412	413	414
1157.extendedFrags	1.0	0.0	0.0	0.0	0.0	0.0	0.0	0.0	0.0	0.0	0.0	0.0	0.0	0.0	0.0	0.0	0.0	0.0	0.0	0.0	0.0	0.0	0.0	0.0	0.0	0.0	0.0	0.0	0.0	0.0	0.0	0.0	0.0	0.0	0.0	1.0	2.0	11.0	10.0	27.0	310.0	4680.0	78.0
	394	395	396	397	398	399	400	401	402	403	404	405	406	407	408	409	410	411	412	413	414	415	416	417	418	419	420	421	422	423
1158.extendedFrags	1.0	0.0	0.0	0.0	0.0	0.0	0.0	1.0	1.0	1.0	1.0	3.0	6.0	4.0	21.0	50.0	67.0	328.0	4030.0	29237.0	87.0	1.0	0.0	0.0	0.0	0.0	2.0	17.0	0.0	13.0
	257	262	267	272	277	282	287	292	297	302	307	312	317	322	327	332	337	342	347	352	357	362	367	372	377	382	387	392	397	402	407	412	417	422	427	432	437	442	447	451
1159.extendedFrags	1.0	0.0	0.0	0.0	0.0	0.0	0.0	1.0	0.0	0.0	0.0	0.0	0.0	0.0	0.0	0.0	0.0	0.0	0.0	0.0	0.0	0.0	0.0	0.0	0.0	0.0	0.0	0.0	0.0	4.0	84.0	36898.0	1.0	10.0	0.0	0.0	0.0	0.0	0.0	1.0
	403	404	405	406	407	408	409	410	411	412	413	414	415	416	417	418	419	420	421	422	423	424	425	426	427	428	429	430	431	432	433
1160.extendedFrags	1.0	3.0	9.0	4.0	12.0	15.0	49.0	100.0	630.0	9237.0	32124.0	104.0	4.0	0.0	0.0	0.0	0.0	1.0	3.0	1.0	1.0	0.0	0.0	1.0	0.0	0.0	0.0	0.0	0.0	0.0	1.0
	302	307	312	317	322	327	332	337	342	347	352	357	362	367	372	377	382	387	392	397	402	407	412	417	422
1161.extendedFrags	1.0	0.0	0.0	0.0	0.0	0.0	0.0	0.0	0.0	0.0	0.0	0.0	1.0	0.0	0.0	0.0	0.0	0.0	0.0	0.0	3.0	92.0	40049.0	3.0	19.0
	404	405	406	407	408	409	410	411	412	413	414	415	416	417	418	419	420	421	422	423	424	425	426	427	428
1162.extendedFrags	1.0	9.0	4.0	8.0	15.0	38.0	80.0	656.0	9991.0	28832.0	82.0	1.0	1.0	1.0	2.0	0.0	0.0	7.0	0.0	1.0	0.0	0.0	0.0	0.0	2.0
	267	272	277	282	287	292	297	302	307	312	317	322	327	332	337	342	347	352	357	362	367	372	377	382	387	392	397	402	407	412	417	422	426
424.extendedFrags	2.0	0.0	0.0	0.0	0.0	0.0	0.0	0.0	0.0	0.0	0.0	0.0	0.0	0.0	0.0	0.0	0.0	0.0	0.0	0.0	0.0	0.0	0.0	0.0	0.0	0.0	0.0	0.0	26.0	15683.0	18.0	1774.0	17.0
	406	407	408	409	410	411	412	413	414	415	416	417	418	419	420	421	422	423	424	425	426
425.extendedFrags	5.0	5.0	5.0	11.0	28.0	104.0	393.0	8880.0	43.0	0.0	1.0	1.0	1.0	5.0	50.0	881.0	20.0	23.0	1.0	0.0	5.0
	54	64	74	84	94	104	114	124	134	144	154	164	174	184	194	204	214	224	234	244	254	264	274	284	294	304	314	324	334	344	354	364	374	384	394	404	414	423
426.extendedFrags	1.0	0.0	0.0	0.0	0.0	0.0	0.0	0.0	0.0	0.0	0.0	0.0	0.0	0.0	0.0	0.0	0.0	0.0	0.0	0.0	0.0	0.0	0.0	1.0	0.0	0.0	0.0	0.0	0.0	0.0	0.0	0.0	1.0	0.0	1.0	23.0	16239.0	1629.0
	404	405	406	407	408	409	410	411	412	413	414	415	416	417	418	419	420	421	422	423	424	425	426	427	428	429	430	431
427.extendedFrags	1.0	1.0	2.0	5.0	5.0	19.0	47.0	167.0	1263.0	17125.0	61.0	1.0	2.0	0.0	1.0	8.0	123.0	1848.0	28.0	39.0	0.0	3.0	8.0	1.0	0.0	0.0	0.0	1.0
	402	403	404	405	406	407	408	409	410	411	412	413	414	415	416	417	418	419	420	421	422	423
429.extendedFrags	1.0	0.0	0.0	3.0	2.0	4.0	18.0	31.0	111.0	1215.0	9230.0	9324.0	31.0	0.0	0.0	0.0	2.0	0.0	2.0	19.0	3.0	6.0
	84	94	104	114	124	134	144	154	164	174	184	194	204	214	224	234	244	254	264	274	284	294	304	314	324	334	344	354	364	374	384	394	404	414	424	434
430.extendedFrags	1.0	0.0	0.0	0.0	0.0	0.0	0.0	0.0	0.0	0.0	0.0	0.0	0.0	0.0	0.0	0.0	0.0	2.0	0.0	0.0	0.0	0.0	0.0	0.0	0.0	0.0	0.0	0.0	0.0	0.0	0.0	0.0	67.0	19288.0	47.0	1.0
	257	262	267	272	277	282	287	292	297	302	307	312	317	322	327	332	337	342	347	352	357	362	367	372	377	382	387	392	397	402	407	412	417	422
431.extendedFrags	1.0	1.0	0.0	1.0	0.0	0.0	0.0	0.0	0.0	0.0	0.0	0.0	0.0	0.0	0.0	0.0	0.0	0.0	0.0	0.0	0.0	0.0	0.0	0.0	0.0	0.0	0.0	0.0	0.0	2.0	58.0	23187.0	0.0	50.0
	252	257	262	267	272	277	282	287	292	297	302	307	312	317	322	327	332	337	342	347	352	357	362	367	372	377	382	387	392	397	402	407	412	417	422	426
432.extendedFrags	1.0	0.0	0.0	0.0	0.0	1.0	0.0	0.0	0.0	0.0	0.0	0.0	0.0	0.0	0.0	0.0	0.0	0.0	0.0	0.0	0.0	0.0	0.0	0.0	0.0	0.0	0.0	0.0	0.0	0.0	1.0	78.0	28670.0	0.0	94.0	4.0
	262	267	272	277	282	287	292	297	302	307	312	317	322	327	332	337	342	347	352	357	362	367	372	377	382	387	392	397	402	407	412	417	422
434.extendedFrags	2.0	0.0	0.0	0.0	0.0	0.0	0.0	0.0	0.0	0.0	0.0	0.0	0.0	0.0	0.0	0.0	0.0	0.0	0.0	0.0	0.0	0.0	0.0	0.0	0.0	0.0	0.0	0.0	2.0	34.0	28015.0	0.0	5.0
	404	405	406	407	408	409	410	411	412	413	414	415	416	417
435.extendedFrags	1.0	3.0	1.0	2.0	2.0	7.0	31.0	105.0	1270.0	18133.0	52.0	2.0	0.0	1.0
	403	404	405	406	407	408	409	410	411	412	413	414	415	416	417	418	419	420	421	422	423
436.extendedFrags	2.0	1.0	2.0	3.0	5.0	8.0	10.0	44.0	138.0	1358.0	24132.0	64.0	0.0	0.0	0.0	0.0	0.0	0.0	2.0	0.0	3.0
	262	267	272	277	282	287	292	297	302	307	312	317	322	327	332	337	342	347	352	357	362	367	372	377	382	387	392	397	402	407	412	417	422
437.extendedFrags	1.0	0.0	0.0	0.0	0.0	0.0	0.0	0.0	0.0	0.0	0.0	0.0	0.0	0.0	0.0	0.0	0.0	0.0	0.0	0.0	0.0	0.0	0.0	0.0	0.0	0.0	0.0	0.0	4.0	46.0	31492.0	1.0	7.0
	262	267	272	277	282	287	292	297	302	307	312	317	322	327	332	337	342	347	352	357	362	367	372	377	382	387	392	397	402	407	412	417	422	427	430
439.extendedFrags	1.0	0.0	0.0	0.0	0.0	0.0	0.0	0.0	0.0	0.0	0.0	0.0	0.0	0.0	0.0	0.0	0.0	0.0	0.0	0.0	0.0	0.0	0.0	0.0	0.0	0.0	0.0	0.0	0.0	34.0	24671.0	9.0	11.0	0.0	1.0
	222	227	232	237	242	247	252	257	262	267	272	277	282	287	292	297	302	307	312	317	322	327	332	337	342	347	352	357	362	367	372	377	382	387	392	397	402	407	412	417	422	427	432
440.extendedFrags	1.0	0.0	0.0	0.0	0.0	0.0	0.0	0.0	2.0	0.0	0.0	0.0	0.0	0.0	0.0	0.0	0.0	0.0	0.0	0.0	0.0	0.0	0.0	0.0	0.0	0.0	0.0	0.0	0.0	0.0	0.0	0.0	0.0	0.0	0.0	0.0	2.0	29.0	26416.0	1.0	1.0	0.0	1.0
	403	404	405	406	407	408	409	410	411	412	413	414	415	416	417	418	419	420	421	422	423	424	425	426	427	428	429	430	431	432	433	434	435	436	437	438	439	440	441	442	443	444	445	446	447	448	449
441.extendedFrags	1.0	1.0	1.0	7.0	4.0	3.0	18.0	33.0	128.0	1266.0	24237.0	54.0	2.0	0.0	0.0	0.0	0.0	0.0	0.0	0.0	1.0	0.0	0.0	0.0	0.0	0.0	0.0	0.0	0.0	0.0	0.0	0.0	0.0	0.0	0.0	0.0	0.0	0.0	0.0	0.0	0.0	0.0	0.0	0.0	0.0	0.0	1.0
	262	267	272	277	282	287	292	297	302	307	312	317	322	327	332	337	342	347	352	357	362	367	372	377	382	387	392	397	402	407	412	417	422
442.extendedFrags	1.0	0.0	0.0	0.0	0.0	0.0	0.0	0.0	0.0	0.0	0.0	0.0	0.0	0.0	0.0	0.0	0.0	0.0	0.0	0.0	0.0	0.0	0.0	0.0	0.0	0.0	0.0	0.0	1.0	48.0	39774.0	3.0	15.0
	84	94	104	114	124	134	144	154	164	174	184	194	204	214	224	234	244	254	264	274	284	294	304	314	324	334	344	354	364	374	384	394	404	414	422
447.extendedFrags	1.0	0.0	0.0	0.0	0.0	0.0	0.0	0.0	0.0	0.0	0.0	0.0	0.0	0.0	0.0	0.0	0.0	0.0	0.0	0.0	0.0	0.0	0.0	0.0	0.0	0.0	0.0	0.0	0.0	0.0	0.0	1.0	174.0	54893.0	32.0
	334	336	338	340	342	344	346	348	350	352	354	356	358	360	362	364	366	368	370	372	374	376	378	380	382	384	386	388	390	392	394	396	398	400	402	404	406	408	410	412	414	416	418	420	422
448.extendedFrags	1.0	1.0	0.0	0.0	0.0	0.0	0.0	0.0	0.0	0.0	0.0	0.0	0.0	0.0	0.0	0.0	0.0	0.0	0.0	0.0	0.0	0.0	0.0	0.0	0.0	0.0	0.0	0.0	0.0	0.0	0.0	0.0	1.0	1.0	2.0	10.0	21.0	123.0	1529.0	52284.0	102.0	0.0	1.0	59.0	8.0
	84	94	104	114	124	134	144	154	164	174	184	194	204	214	224	234	244	254	264	274	284	294	304	314	324	334	344	354	364	374	384	394	404	414	423
449.extendedFrags	1.0	0.0	0.0	0.0	0.0	0.0	0.0	0.0	0.0	0.0	0.0	0.0	0.0	0.0	1.0	0.0	0.0	0.0	0.0	0.0	1.0	0.0	0.0	0.0	0.0	0.0	0.0	0.0	0.0	0.0	0.0	0.0	93.0	48852.0	21.0
	402	403	404	405	406	407	408	409	410	411	412	413	414	415	416	417	418	419	420	421	422	423
450.extendedFrags	1.0	2.0	1.0	8.0	10.0	7.0	16.0	51.0	126.0	981.0	18199.0	23426.0	63.0	1.0	0.0	0.0	1.0	1.0	0.0	51.0	1.0	6.0
	267	272	277	282	287	292	297	302	307	312	317	322	327	332	337	342	347	352	357	362	367	372	377	382	387	392	397	402	407	412	417	422	427
451.extendedFrags	1.0	0.0	0.0	0.0	0.0	0.0	0.0	0.0	0.0	0.0	0.0	0.0	0.0	0.0	0.0	0.0	0.0	0.0	0.0	0.0	0.0	0.0	0.0	0.0	0.0	0.0	3.0	3.0	121.0	54972.0	5.0	61.0	2.0
	252	257	262	267	272	277	282	287	292	297	302	307	312	317	322	327	332	337	342	347	352	357	362	367	372	377	382	387	392	397	402	407	412	417	422	427	432	437	442	447	450
452.extendedFrags	1.0	0.0	0.0	0.0	0.0	0.0	0.0	0.0	0.0	0.0	0.0	0.0	0.0	0.0	0.0	0.0	0.0	0.0	0.0	0.0	0.0	0.0	0.0	0.0	0.0	0.0	0.0	0.0	0.0	2.0	6.0	142.0	67729.0	5.0	0.0	1.0	1.0	0.0	0.0	0.0	1.0
	405	406	407	408	409	410	411	412	413	414	415	416	417	418	419	420	421	422	423	424	425	426	427	428
453.extendedFrags	5.0	8.0	17.0	19.0	42.0	110.0	536.0	5433.0	50286.0	172.0	2.0	0.0	0.0	1.0	0.0	0.0	16.0	0.0	0.0	0.0	1.0	0.0	0.0	1.0
	222	227	232	237	242	247	252	257	262	267	272	277	282	287	292	297	302	307	312	317	322	327	332	337	342	347	352	357	362	367	372	377	382	387	392	397	402	407	412	417	422	426
454.extendedFrags	1.0	0.0	0.0	0.0	0.0	0.0	0.0	0.0	0.0	0.0	0.0	0.0	0.0	0.0	0.0	0.0	0.0	0.0	1.0	0.0	0.0	0.0	0.0	1.0	0.0	0.0	0.0	0.0	0.0	0.0	0.0	1.0	0.0	1.0	0.0	0.0	3.0	109.0	60115.0	1.0	25.0	1.0
	317	322	327	332	337	342	347	352	357	362	367	372	377	382	387	392	397	402	407	412	417	422
455.extendedFrags	4.0	2.0	0.0	0.0	3.0	1.0	0.0	0.0	0.0	0.0	0.0	0.0	0.0	0.0	0.0	0.0	1.0	6.0	89.0	62577.0	4.0	24.0
	317	322	327	332	337	342	347	352	357	362	367	372	377	382	387	392	397	402	407	412	417	422
456.extendedFrags	1.0	0.0	0.0	0.0	0.0	0.0	0.0	0.0	0.0	0.0	0.0	0.0	0.0	0.0	0.0	0.0	0.0	2.0	76.0	60461.0	3.0	40.0
	222	227	232	237	242	247	252	257	262	267	272	277	282	287	292	297	302	307	312	317	322	327	332	337	342	347	352	357	362	367	372	377	382	387	392	397	402	407	412	417	422	427	432	436
457.extendedFrags	3.0	0.0	0.0	0.0	0.0	0.0	0.0	0.0	0.0	0.0	0.0	0.0	0.0	0.0	0.0	0.0	0.0	0.0	0.0	0.0	0.0	0.0	0.0	0.0	0.0	0.0	0.0	0.0	0.0	0.0	0.0	0.0	0.0	0.0	0.0	0.0	3.0	90.0	53413.0	8.0	16.0	0.0	0.0	1.0
	352	354	356	358	360	362	364	366	368	370	372	374	376	378	380	382	384	386	388	390	392	394	396	398	400	402	404	406	408	410	412	414	416	418	420	422
458.extendedFrags	1.0	0.0	0.0	0.0	0.0	0.0	0.0	0.0	0.0	0.0	0.0	0.0	0.0	0.0	0.0	0.0	0.0	0.0	0.0	0.0	0.0	0.0	0.0	0.0	0.0	2.0	5.0	14.0	66.0	733.0	52482.0	159.0	2.0	1.0	21.0	8.0
	400	401	402	403	404	405	406	407	408	409	410	411	412	413	414	415	416	417	418	419	420	421	422	423
459.extendedFrags	1.0	0.0	0.0	1.0	3.0	3.0	5.0	7.0	11.0	36.0	86.0	482.0	4491.0	49634.0	142.0	1.0	1.0	0.0	0.0	0.0	1.0	25.0	0.0	11.0
	222	227	232	237	242	247	252	257	262	267	272	277	282	287	292	297	302	307	312	317	322	327	332	337	342	347	352	357	362	367	372	377	382	387	392	397	402	407	412	417	422
460.extendedFrags	1.0	0.0	0.0	0.0	0.0	0.0	0.0	0.0	0.0	0.0	0.0	0.0	0.0	0.0	0.0	0.0	1.0	0.0	0.0	0.0	0.0	0.0	0.0	0.0	0.0	0.0	0.0	0.0	0.0	0.0	0.0	0.0	0.0	0.0	0.0	1.0	6.0	129.0	66795.0	11.0	43.0
	317	322	327	332	337	342	347	352	357	362	367	372	377	382	387	392	397	402	407	412	417	422	427	432	437	442	447	450
461.extendedFrags	1.0	0.0	0.0	0.0	0.0	1.0	0.0	0.0	0.0	0.0	0.0	0.0	0.0	0.0	0.0	0.0	0.0	9.0	82.0	58982.0	3.0	19.0	2.0	0.0	0.0	0.0	0.0	1.0
	398	400	402	404	406	408	410	412	414	416	418	420	422	424	426	428	430	432	434	436	438	440	442	444	446	448	450	452
757.extendedFrags	3.0	1.0	2.0	12.0	28.0	101.0	991.0	55640.0	159.0	1.0	3.0	18.0	1.0	0.0	0.0	0.0	0.0	0.0	0.0	0.0	0.0	0.0	0.0	0.0	0.0	0.0	0.0	1.0
	287	292	297	302	307	312	317	322	327	332	337	342	347	352	357	362	367	372	377	382	387	392	397	402	407	412	417	422	427	431
758.extendedFrags	1.0	0.0	0.0	0.0	0.0	0.0	0.0	0.0	0.0	0.0	0.0	0.0	0.0	0.0	0.0	0.0	0.0	0.0	0.0	0.0	0.0	0.0	1.0	6.0	110.0	51026.0	4.0	29.0	0.0	1.0
	84	94	104	114	124	134	144	154	164	174	184	194	204	214	224	234	244	254	264	274	284	294	304	314	324	334	344	354	364	374	384	394	404	414	424	434
759.extendedFrags	1.0	0.0	0.0	0.0	0.0	0.0	0.0	0.0	0.0	0.0	0.0	0.0	0.0	0.0	0.0	0.0	0.0	0.0	0.0	0.0	0.0	0.0	0.0	0.0	0.0	0.0	0.0	0.0	0.0	0.0	0.0	2.0	129.0	57354.0	20.0	1.0
	222	227	232	237	242	247	252	257	262	267	272	277	282	287	292	297	302	307	312	317	322	327	332	337	342	347	352	357	362	367	372	377	382	387	392	397	402	407	412	417	422	427	432	437	442	447
760.extendedFrags	2.0	0.0	0.0	0.0	0.0	0.0	0.0	0.0	0.0	0.0	0.0	0.0	0.0	0.0	1.0	0.0	0.0	0.0	0.0	1.0	1.0	0.0	0.0	0.0	2.0	0.0	0.0	0.0	0.0	0.0	0.0	0.0	0.0	0.0	0.0	0.0	7.0	142.0	56723.0	3.0	25.0	0.0	0.0	0.0	0.0	1.0
	394	396	398	400	402	404	406	408	410	412	414	416	418	420	422	424	426	428	430	432	434	436	438	440	442	444	446	448
761.extendedFrags	2.0	0.0	0.0	0.0	2.0	13.0	27.0	96.0	1715.0	50065.0	91.0	0.0	1.0	57.0	7.0	0.0	0.0	0.0	0.0	0.0	1.0	0.0	0.0	0.0	0.0	0.0	0.0	1.0
	403	404	405	406	407	408	409	410	411	412	413	414	415	416	417	418	419	420	421	422	423
762.extendedFrags	4.0	1.0	7.0	14.0	12.0	27.0	63.0	127.0	559.0	6379.0	59215.0	162.0	3.0	0.0	0.0	0.0	0.0	2.0	18.0	0.0	8.0
	401	402	403	404	405	406	407	408	409	410	411	412	413	414	415	416	417	418	419	420	421	422	423	424	425	426
763.extendedFrags	1.0	0.0	1.0	0.0	4.0	2.0	13.0	26.0	47.0	91.0	372.0	3833.0	59758.0	180.0	1.0	0.0	0.0	0.0	1.0	0.0	17.0	2.0	0.0	0.0	0.0	1.0
	404	405	406	407	408	409	410	411	412	413	414	415	416	417	418	419	420	421	422	423
764.extendedFrags	1.0	6.0	16.0	18.0	25.0	53.0	117.0	618.0	9643.0	45712.0	153.0	0.0	0.0	0.0	1.0	0.0	1.0	19.0	1.0	3.0
	401	402	403	404	405	406	407	408	409	410	411	412	413	414	415	416	417	418	419	420	421	422	423	424	425	426	427	428	429	430	431	432	433	434	435	436	437	438	439	440	441	442	443	444	445	446	447	448	449
765.extendedFrags	2.0	0.0	0.0	1.0	2.0	2.0	10.0	15.0	31.0	72.0	412.0	6359.0	34390.0	124.0	0.0	0.0	0.0	1.0	0.0	0.0	6.0	1.0	3.0	1.0	0.0	0.0	0.0	0.0	0.0	0.0	0.0	0.0	0.0	0.0	0.0	0.0	0.0	0.0	0.0	0.0	0.0	0.0	0.0	0.0	0.0	0.0	0.0	0.0	1.0
	194	204	214	224	234	244	254	264	274	284	294	304	314	324	334	344	354	364	374	384	394	404	414	424	434	444
766.extendedFrags	1.0	0.0	0.0	1.0	0.0	0.0	1.0	0.0	0.0	0.0	0.0	0.0	0.0	0.0	0.0	0.0	0.0	0.0	0.0	0.0	1.0	72.0	38009.0	20.0	0.0	1.0
	407	408	409	410	411	412	413	414	415	416	417	418	419	420	421	422	423
831.extendedFrags	2.0	2.0	9.0	24.0	201.0	494.0	9053.0	31.0	0.0	0.0	0.0	0.0	0.0	2.0	4.0	0.0	1.0
	277	282	287	292	297	302	307	312	317	322	327	332	337	342	347	352	357	362	367	372	377	382	387	392	397	402	407	412	417	421
832.extendedFrags	1.0	0.0	0.0	0.0	0.0	0.0	0.0	0.0	0.0	0.0	0.0	0.0	0.0	0.0	0.0	0.0	0.0	0.0	0.0	1.0	0.0	0.0	0.0	0.0	0.0	0.0	12.0	7928.0	0.0	8.0
	342	347	352	357	362	367	372	377	382	387	392	397	402	407	412	417	422	427	432	437	442	447	451
833.extendedFrags	1.0	0.0	0.0	0.0	0.0	0.0	0.0	0.0	0.0	0.0	0.0	0.0	1.0	28.0	16600.0	0.0	0.0	0.0	0.0	0.0	0.0	0.0	1.0
	406	407	408	409	410	411	412	413	414
834.extendedFrags	1.0	1.0	1.0	3.0	16.0	84.0	321.0	4870.0	22.0
	405	406	407	408	409	410	411	412	413	414	415	416	417	418	419	420	421	422	423
836.extendedFrags	2.0	1.0	4.0	13.0	22.0	49.0	153.0	1442.0	27901.0	92.0	3.0	0.0	0.0	0.0	0.0	0.0	5.0	0.0	2.0
	262	267	272	277	282	287	292	297	302	307	312	317	322	327	332	337	342	347	352	357	362	367	372	377	382	387	392	397	402	407	412	417	421
837.extendedFrags	2.0	0.0	0.0	0.0	0.0	0.0	0.0	0.0	0.0	0.0	0.0	0.0	0.0	0.0	0.0	0.0	0.0	0.0	0.0	0.0	0.0	0.0	0.0	0.0	0.0	0.0	0.0	0.0	1.0	67.0	31511.0	1.0	6.0
	402	403	404	405	406	407	408	409	410	411	412	413	414	415	416	417	418	419	420	421	422	423	424	425	426	427	428	429	430	431	432	433	434	435	436	437	438	439
838.extendedFrags	1.0	1.0	2.0	0.0	4.0	4.0	16.0	25.0	61.0	171.0	1738.0	29527.0	87.0	1.0	0.0	0.0	0.0	0.0	0.0	1.0	0.0	0.0	0.0	0.0	0.0	0.0	0.0	0.0	0.0	0.0	0.0	0.0	0.0	0.0	0.0	0.0	0.0	2.0
	403	404	405	406	407	408	409	410	411	412	413	414	415	416	417	418	419	420	421	422
839.extendedFrags	1.0	0.0	0.0	13.0	9.0	12.0	16.0	51.0	150.0	1621.0	29774.0	82.0	1.0	0.0	1.0	0.0	0.0	0.0	3.0	1.0
	405	406	407	408	409	410	411	412	413	414	415	416
841.extendedFrags	2.0	2.0	0.0	1.0	14.0	22.0	60.0	672.0	11378.0	42.0	1.0	1.0
	401	402	403	404	405	406	407	408	409	410	411	412	413	414	415	416	417	418	419	420	421	422	423
842.extendedFrags	1.0	0.0	3.0	1.0	0.0	8.0	10.0	6.0	22.0	58.0	163.0	1532.0	29952.0	85.0	0.0	0.0	0.0	1.0	0.0	0.0	5.0	0.0	1.0
	403	404	405	406	407	408	409	410	411	412	413	414	415	416	417	418	419	420	421	422	423
843.extendedFrags	2.0	0.0	1.0	6.0	4.0	8.0	29.0	47.0	193.0	1626.0	29805.0	82.0	2.0	0.0	0.0	0.0	0.0	0.0	11.0	0.0	8.0
	402	403	404	405	406	407	408	409	410	411	412	413	414	415	416	417	418	419	420	421	422	423	424	425	426	427	428	429	430	431	432	433	434	435
844.extendedFrags	1.0	2.0	0.0	1.0	10.0	4.0	7.0	25.0	58.0	225.0	1877.0	30873.0	77.0	0.0	0.0	0.0	0.0	2.0	0.0	2.0	2.0	0.0	0.0	0.0	1.0	0.0	0.0	0.0	0.0	0.0	0.0	0.0	0.0	1.0

