	1	2	3	4	5	6	7	8	9	14	24	34	44	54	64	74	84	94	104	114	124	134	144	154	164	174	184	194	204	214	224	234	244	254	264	274	284	294	304	314	324	334	344	354	364	374	384	394	404	414	421
1016.extendedFrags	33.9132628103	33.9477192124	33.9054054054	33.9061697444	33.90827932	37.7790754555	37.8290937997	37.7875443317	37.4294362236	37.8058517794	37.488268925	37.6191482206	37.4387061269	37.6106273695	37.2775712364	37.313036566	37.3977192124	37.4789623334	37.2850801027	37.1156506054	37.2652195182	36.8483245689	36.8402990094	36.8003393665	37.0750030574	37.1827442827	37.2209795769	36.8277791366	36.9689892381	37.2989543842	36.8942491134	36.8109178183	36.933132567	35.7115812645	36.0812584077	35.7116424116	36.0711599609	36.0612877583	36.0150269047	36.1711691329	35.8404427051	36.083312951	36.6314296197	37.147346215	36.2156964657	37.2975204843	37.125678733	37.236773878	36.597901204	34.5306212019	33.7835714286
	1	2	3	4	5	6	7	8	9	14	24	34	44	54	64	74	84	94	104	114	124	134	144	154	164	174	184	194	204	214	224	234	244	254	264	274	284	294	304	314	324	334	344	354	364	374	384	394	404	414	424
1017.extendedFrags	33.9119810657	33.9498923218	33.9443911384	33.9150728161	33.9233032687	37.8262223075	37.8556898868	37.8051344378	37.5052133308	37.8150749483	37.5076057059	37.6234461289	37.4585172392	37.6231625408	37.3036376042	37.353097081	37.3998040528	37.4848373065	37.3228730436	37.1471491322	37.3105079108	36.8809373534	36.891377031	36.8520064822	37.0998315493	37.210866135	37.2642031643	36.8785811762	37.0554309352	37.3158706128	36.882694358	36.8505074843	36.9526397714	35.6137916329	35.9863469658	35.6378992708	35.9574075654	35.9194102094	35.9272740842	36.0419122351	35.6635570813	35.911787283	36.5210797902	37.0880250757	36.1425540535	37.228728304	37.0390677641	37.1704422363	36.5394460465	34.727616739	34.2535612536
	1	2	3	4	5	6	7	8	9	14	24	34	44	54	64	74	84	94	104	114	124	134	144	154	164	174	184	194	204	214	224	234	244	254	264	274	284	294	304	314	324	334	344	354	364	374	384	394	404	414	424	434	444	450
1018.extendedFrags	33.912873701	33.9534720357	33.939360757	33.9103737526	33.9195471168	37.8265944918	37.8510774571	37.7975041838	37.4583169769	37.8141050805	37.4894981509	37.6176545939	37.4562694986	37.6285118076	37.2996838908	37.3530608872	37.4027664718	37.4871510919	37.3021115266	37.1163302411	37.2812359249	36.859676453	36.8959649594	36.8558273589	37.107130018	37.2286977542	37.2684014793	36.9018057478	37.0577281461	37.3305344931	36.9161546249	36.8439846284	36.9581041714	35.6649263445	35.9885270965	35.5678147146	35.9523067705	35.9165637074	35.9373897234	36.0582570608	35.6923390013	35.9651122911	36.5616619491	37.1132559245	36.111572075	37.2403132167	37.0400363629	37.1500363431	36.5614926454	33.6102139115	20.5906968641	19.2	23.0166666667	31.5
	1	2	3	4	5	6	7	8	9	14	24	34	44	54	64	74	84	94	104	114	124	134	144	154	164	174	184	194	204	214	224	234	244	254	264	274	284	294	304	314	324	334	344	354	364	374	384	394	404	414	422
1019.extendedFrags	33.8930332665	33.9449389836	33.933592444	33.9387328653	33.9182547643	37.8438649281	37.8736208626	37.8039117352	37.4866056503	37.8185995486	37.5120611836	37.6373411902	37.502772902	37.6503970244	37.336549231	37.3616160983	37.418718656	37.5035920261	37.3345494818	37.1220661986	37.2896188566	36.898996991	36.9619671515	36.9450873454	37.1450706286	37.2574849549	37.2965040956	36.9993459545	37.1300108659	37.3601659144	36.9902854397	36.9289660649	37.024458793	35.7103372618	36.031832999	35.6998140254	36.0241202775	36.0219763457	36.0619692411	36.1402937981	35.8539012872	36.0946109161	36.6287800903	37.1326395854	36.2630997158	37.2454498119	37.0327760945	37.1832723853	36.6087191909	34.7146314125	33.9689542484
	1	2	3	4	5	6	7	8	9	14	24	34	44	54	64	74	84	94	104	114	124	134	144	154	164	174	184	194	204	214	224	234	244	254	264	274	284	294	304	314	324	334	344	354	364	374	384	394	404	414	424	430
1020.extendedFrags	33.9213521819	33.9495759066	33.9278426552	33.9242778119	33.9286785495	37.7935832821	37.8445482483	37.8111370621	37.4416717886	37.8126367548	37.5488531039	37.6216275353	37.5372071297	37.6379987707	37.3709575907	37.3158893669	37.3970795368	37.4507953679	37.3137634303	37.0141150149	37.2542276203	36.8159442382	37.0077397782	36.9491333317	37.1142797433	37.263808915	37.2919479753	36.979989182	37.1692351191	37.3621862169	36.9200722838	36.988931232	37.0704963981	35.7690630148	36.0550168416	35.8308706021	36.0658840017	36.0360312738	36.1322277678	36.208821577	35.8922307182	36.1229833059	36.6187726465	37.1210587136	36.4136752557	37.1960119984	37.0300059009	37.14248869	36.6357178364	34.3653063364	33.8544526375	34.0
	1	2	3	4	5	6	7	8	9	14	24	34	44	54	64	74	84	94	104	114	124	134	144	154	164	174	184	194	204	214	224	234	244	254	264	274	284	294	304	314	324	334	344	354	364	374	384	394	404	414	424	434	444	451
1021.extendedFrags	33.893991548	33.9561209188	33.8963942472	33.9014041306	33.9028866471	37.824756322	37.8349635335	37.7921579988	37.3589053234	37.7875178924	37.5898234613	37.6075165292	37.5624735873	37.6548036944	37.4330567105	37.1925806012	37.2952065299	37.4082322268	37.2488412514	36.9481357781	37.1761161475	36.4965476109	36.9602907096	36.957749983	37.0429895713	37.2618754686	37.2614613864	37.0997716584	37.1991991003	37.3649308159	37.0271368687	37.1419501057	37.16534149	36.1777230591	36.2352736691	36.1568911458	36.3084384159	36.3288238702	36.5331504328	36.5430270602	36.4126542158	36.5297917661	36.8472769409	37.1975291391	36.871389135	37.2901676777	37.2076443324	37.2932945948	36.8118395172	33.9782758695	25.0401098901	15.55	16.7	30.6666666667
	1	2	3	4	5	6	7	8	9	14	24	34	44	54	64	74	84	94	104	114	124	134	144	154	164	174	184	194	204	214	224	234	244	254	264	274	284	294	304	314	324	334	344	354	364	374	384	394	404	414	424	434	444	450
1022.extendedFrags	33.8769238878	33.9680054818	33.9075655352	33.9031906669	33.9119579732	37.7960151803	37.8463525195	37.8045716494	37.4022770398	37.7998787687	37.6185712278	37.6277479092	37.5888273948	37.6825690491	37.4636464263	37.2770662028	37.3576164875	37.4637008925	37.318269028	37.0378751142	37.2635796613	36.6294416333	37.0692090098	37.0487876871	37.1112147726	37.2851764003	37.2899887554	37.1365222433	37.2495589992	37.3998436292	37.0819828822	37.1750944391	37.1866028288	36.1128995077	36.1445309343	36.0529669133	36.2360439985	36.2382298677	36.446263464	36.4782836359	36.3076206709	36.4366800794	36.7685930664	37.1485020471	36.7561561034	37.2190947269	37.1220098048	37.2110172023	36.7194486758	34.4518995386	32.7897619048	25.2	20.1	12.0
	1	2	3	4	5	6	7	8	9	14	24	34	44	54	64	74	84	94	104	114	124	134	144	154	164	174	184	194	204	214	224	234	244	254	264	274	284	294	304	314	324	334	344	354	364	374	384	394	404	414	424	430
1023.extendedFrags	33.87902754	33.9718966003	33.9100777881	33.9145197287	33.9030356872	37.8432753353	37.855929449	37.8133951594	37.4188641633	37.8144135555	37.6234447791	37.6433273385	37.6097766029	37.6884141189	37.4613442829	37.2837229963	37.3676605057	37.4718207623	37.3286472666	37.0644016381	37.2840718511	36.6311000845	37.0690494247	37.0552534073	37.1523087257	37.333178046	37.3280730645	37.1782236571	37.2853740981	37.4204654287	37.1066751024	37.1908580715	37.2185915493	36.2295774648	36.2540758397	36.162212351	36.3415449621	36.329092091	36.5103488624	36.5472979415	36.3848927411	36.5033239437	36.8403640303	37.1899588299	36.8183076923	37.2833607801	37.1732936078	37.2658938245	36.7847674247	32.5926271262	32.375	34.0
	1	2	3	4	5	6	7	8	9	14	24	34	44	54	64	74	84	94	104	114	124	134	144	154	164	174	184	194	204	214	224	234	244	254	264	274	284	294	304	314	324	334	344	354	364	374	384	394	404	414	424	434	444	450
1024.extendedFrags	33.9013666552	33.9653592264	33.9072612391	33.9085330157	33.9086945112	37.798776672	37.8407049276	37.7982719987	37.4149827402	37.7899469084	37.6112602701	37.6187556776	37.5857964754	37.6661868906	37.4591678947	37.226679048	37.3402285161	37.4296000969	37.2945838464	36.9926782001	37.2103881947	36.5952237721	37.0255627107	37.0105537275	37.0916163676	37.2926176393	37.3066717807	37.1764277207	37.2393362537	37.4003492339	37.1098397842	37.1803512668	37.2295265974	36.3085251859	36.3563531784	36.3043324652	36.4546585105	36.4795974401	36.6545822161	36.6927580707	36.5594415619	36.6716056611	36.9312632493	37.2326401647	36.9505703499	37.2963497608	37.2271526923	37.3112273122	36.8276853097	30.1315576264	12.15	16.15	21.6	12.0
	1	2	3	4	5	6	7	8	9	14	24	34	44	54	64	74	84	94	104	114	124	134	144	154	164	174	184	194	204	214	224	234	244	254	264	274	284	294	304	314	324	334	344	354	364	374	384	394	404	414	420
1025.extendedFrags	33.9010042381	33.9654274922	33.9353464161	33.9217799889	33.9272848719	37.8236594804	37.8613414409	37.8164731896	37.4485443155	37.8119356919	37.6252833057	37.650787728	37.6113437442	37.6813824397	37.4736088078	37.2998641054	37.3933411645	37.4739911553	37.3439906947	37.0682098765	37.2856527547	36.6683803206	37.1031923715	37.0805993182	37.1511631657	37.3330431177	37.3344941957	37.2111203243	37.2872051778	37.4272341994	37.1465865119	37.2283006265	37.2564123825	36.306227944	36.3263480364	36.2843947944	36.4507128873	36.3768282852	36.6216100426	36.6598387654	36.4973373258	36.579325118	36.9158746977	37.2187308534	36.9114108027	37.3128849476	37.214133364	37.3170793505	36.8374247389	33.8263365552	33.5
	1	2	3	4	5	6	7	8	9	14	24	34	44	54	64	74	84	94	104	114	124	134	144	154	164	174	184	194	204	214	224	234	244	254	264	274	284	294	304	314	324	334	344	354	364	374	384	394	404	414	424
1026.extendedFrags	33.9088708213	33.9688502431	33.934270785	33.9196239433	33.9217019388	37.8256097807	37.8517158593	37.8032158493	37.4008917223	37.8086690742	37.6163939718	37.6329715335	37.5893679262	37.6735812133	37.4569390925	37.2597554825	37.3427603042	37.4447253213	37.3198014808	37.018175399	37.2576149454	36.6018177416	37.0542598907	37.0494240119	37.1793209192	37.3385155446	37.3531946658	37.199195029	37.3168761474	37.4475033793	37.1473702262	37.2267415821	37.2765953154	36.4564286723	36.5076220066	36.4169528113	36.5969152864	36.5193374624	36.7454072266	36.7664898017	36.5979542841	36.7252869853	37.0260980088	37.2848629128	36.9766840842	37.3418221801	37.2594952287	37.3709080638	36.8903721385	34.3670840284	34.384863124
	1	2	3	4	5	6	7	8	9	14	24	34	44	54	64	74	84	94	104	114	124	134	144	154	164	174	184	194	204	214	224	234	244	254	264	274	284	294	304	314	324	334	344	354	364	374	384	394	404	414	421
1027.extendedFrags	33.88025463	33.9611293435	33.927766875	33.9246004914	33.918201758	37.8249583588	37.8624602141	37.7906558702	37.4191170408	37.7981545921	37.6201362205	37.6365733793	37.5934693339	37.6749163052	37.4659448851	37.2669459241	37.3645810314	37.4586358164	37.3163579992	37.0443771954	37.2622029454	36.6357636427	37.0556739285	37.0434487194	37.1824232729	37.3357652918	37.3380460775	37.210722826	37.3019361116	37.4261094711	37.1304665468	37.2333938025	37.2442403153	36.3476095453	36.4641011264	36.3394725992	36.5518957072	36.5014990847	36.7027211109	36.7267691344	36.5610336923	36.6939096591	36.9883684879	37.2740603922	36.9396012336	37.3371307947	37.2525685637	37.357359368	36.8600017195	34.3609243328	32.5458333333
	1	2	3	4	5	6	7	8	9	14	24	34	44	54	64	74	84	94	104	114	124	134	144	154	164	174	184	194	204	214	224	234	244	254	264	274	284	294	304	314	324	334	344	354	364	374	384	394	404	414
1028.extendedFrags	33.9159724151	33.9646857354	33.9236554661	33.9249282607	33.9332824215	37.8004026659	37.8412709433	37.7971628251	37.4009534389	37.8054012774	37.6326992502	37.6414074794	37.599474683	37.6739493659	37.4708275479	37.2658335648	37.3604924558	37.4629778765	37.3240604462	37.0290798852	37.2541076553	36.5761501435	37.0737850597	37.052448394	37.1701078404	37.3329028973	37.3394890308	37.1734749607	37.3004327502	37.4211422753	37.1264690574	37.2109393441	37.2728032214	36.4516326861	36.4801485733	36.4177177108	36.5672699081	36.5129365208	36.7332785633	36.738108352	36.5814561107	36.7192150147	37.0041609775	37.2876744348	36.9900812293	37.3507463377	37.2756751753	37.3664020735	36.8795312592	33.8375035388
	1	2	3	4	5	6	7	8	9	14	24	34	44	54	64	74	84	94	104	114	124	134	144	154	164	174	184	194	204	214	224	234	244	254	264	274	284	294	304	314	324	334	344	354	364	374	384	394	404	414	424	434	441
1029.extendedFrags	33.8813620004	33.9628408299	33.8840000754	33.8988486687	33.8861105353	37.8051970077	37.8248318227	37.7829429611	37.3030205958	37.7721739622	37.5477529254	37.57179521	37.5177636662	37.6200079142	37.377421847	37.1180500857	37.2332171324	37.3451449999	37.1833273663	36.8503250485	37.0865401647	36.3715935857	36.8583334904	36.8320959506	37.0433228438	37.2532966515	37.2602215983	37.1177504758	37.2125007066	37.3772673312	37.0378771034	37.1612956717	37.187075317	36.4682696113	36.5158246811	36.4545874239	36.5930694002	36.5427066649	36.7470934067	36.7629162034	36.6471367465	36.7536622133	37.0526446701	37.3203791291	37.030426426	37.4064255969	37.3206222088	37.4127946636	36.9194761829	34.1164126184	26.010952381	23.5	26.3333333333
	1	2	3	4	5	6	7	8	9	14	24	34	44	54	64	74	84	94	104	114	124	134	144	154	164	174	184	194	204	214	224	234	244	254	264	274	284	294	304	314	324	334	344	354	364	374	384	394	404	414	421
1030.extendedFrags	33.8755813953	33.9698016416	33.903505472	33.9076094391	33.918245554	37.7954001368	37.8606874145	37.8017270862	37.4065492476	37.8071699726	37.6178932969	37.6350478796	37.5842065663	37.6744716142	37.4581138851	37.2676128591	37.3611645007	37.4611337209	37.308879959	37.0451658687	37.264251026	36.628243844	37.0425290698	37.0284336525	37.1772332421	37.3299008208	37.3308635431	37.1771716826	37.2977582079	37.4333977428	37.1178454172	37.2165509576	37.2352428181	36.3243484952	36.3916809166	36.2935294118	36.4635123119	36.414377565	36.6171118331	36.6580677155	36.4929514364	36.6079719562	36.9214398085	37.2302804378	36.8624435705	37.3116860465	37.2167373461	37.3154445964	36.8234739058	34.3884238518	33.8039473684
	1	2	3	4	5	6	7	8	9	14	24	34	44	54	64	74	84	94	104	114	124	134	144	154	164	174	184	194	204	214	224	234	244	254	264	274	284	294	304	314	324	334	344	354	364	374	384	394	404	414	421
1031.extendedFrags	33.8806018707	33.966463332	33.9041615833	33.9160092178	33.8983868781	37.8437847363	37.8572590484	37.805476481	37.4258370611	37.8085807239	37.6061163074	37.6368198455	37.5686539244	37.6708201166	37.4337589806	37.2752745018	37.3907523383	37.472213637	37.3137237359	37.02799512	37.264763454	36.6939460485	37.0244137183	36.9946156974	37.1776819845	37.3144340518	37.3294401518	37.1492503728	37.2446631422	37.4187393249	37.0901001415	37.1571792647	37.2071765535	36.2665356252	36.3684280447	36.2222128836	36.4383038716	36.3734763041	36.514339551	36.5751707481	36.4289103381	36.5320689749	36.9039503294	37.2352981048	36.784971396	37.3225063037	37.2045007185	37.3047094868	36.7992717936	34.4790415966	33.9558823529
	1	2	3	4	5	6	7	8	9	14	24	34	44	54	64	74	84	94	104	114	124	134	144	154	164	174	184	194	204	214	224	234	244	254	264	274	284	294	304	314	324	334	344	354	364	374	384	394	404	414	421
1032.extendedFrags	33.8869939972	33.9622595044	33.8912113283	33.9048483916	33.9052485763	37.780975835	37.8263198399	37.7738648607	37.3588733262	37.770546406	37.5823672464	37.5863875635	37.5185377867	37.6170078498	37.4064552871	37.1603016777	37.274431276	37.3716546098	37.2072679698	36.8361489918	37.076382946	36.4851408342	36.9104971525	36.8956441435	37.085845775	37.2796644605	37.2995844236	37.1713529321	37.2454671387	37.3956102817	37.1064836581	37.1709786658	37.2211156605	36.4892620755	36.5922143891	36.4826524644	36.6460209956	36.6448449958	36.7643167195	36.8368500446	36.6737277961	36.8109318721	37.0602807622	37.3022658006	37.0507342302	37.3804331472	37.2807924389	37.3411797303	36.945649691	34.472816412	34.0
	1	2	3	4	5	6	7	8	9	14	24	34	44	54	64	74	84	94	104	114	124	134	144	154	164	174	184	194	204	214	224	234	244	254	264	274	284	294	304	314	324	334	344	354	364	374	384	394	404	414	421
1033.extendedFrags	33.8947159667	33.9725441805	33.9432374069	33.9238464589	33.9306332907	37.8368516152	37.8630734653	37.8087347406	37.3972940814	37.8136397691	37.6374730069	37.6468159182	37.5980080208	37.6782733242	37.4853554273	37.287281301	37.3860561456	37.4520999515	37.317429818	36.9173240492	37.1994447138	36.701304482	37.1201753999	37.1027059186	37.2251994183	37.3716804019	37.4010929443	37.2932704597	37.3656736151	37.4872680799	37.2076109471	37.3184698779	37.3226830021	36.5026354061	36.5480102243	36.4483143096	36.6337005861	36.571429201	36.7284606232	36.8274690406	36.6671896347	36.780600238	37.0510158213	37.2892159887	37.0449120797	37.3490326561	37.2067956459	37.2769159579	36.957393561	35.1747620338	34.0
	1	2	3	4	5	6	7	8	9	14	24	34	44	54	64	74	84	94	104	114	124	134	144	154	164	174	184	194	204	214	224	234	244	254	264	274	284	294	304	314	324	334	344	354	364	374	384	394	404	414	424	432
1034.extendedFrags	33.9195537694	33.9702743902	33.9278686253	33.9318181818	33.9363913525	37.8402854767	37.8756582594	37.8223046009	37.4341047672	37.8168202605	37.6419484479	37.6397935144	37.6017911585	37.6874688193	37.499113082	37.2933896896	37.3790049889	37.4723565687	37.3298434035	36.9950561253	37.2368001663	36.6817177106	37.0918756929	37.0904344512	37.1972353104	37.359222561	37.3810040188	37.2287382206	37.3442384978	37.4590216186	37.1555432373	37.2621189024	37.3018569845	36.4772727273	36.5475297949	36.3617031596	36.5584430432	36.5002702328	36.6958876109	36.7713830377	36.6198932927	36.727827051	37.0382518016	37.2888095898	37.0141248614	37.3712617794	37.2659783814	37.3574106153	36.9606220676	35.0851991357	37.5	34.6666666667
	1	2	3	4	5	6	7	8	9	14	24	34	44	54	64	74	84	94	104	114	124	134	144	154	164	174	184	194	204	214	224	234	244	254	264	274	284	294	304	314	324	334	344	354	364	374	384	394	404	414	421
1035.extendedFrags	33.885624226	33.9603737476	33.9216480919	33.9381402679	33.9368456602	37.8556231003	37.8920409771	37.8195992345	37.4652144546	37.8163345717	37.6300348981	37.6456883936	37.6084430935	37.6927220534	37.4850669819	37.3030282562	37.4238939547	37.4814589666	37.3378081729	36.9662388833	37.196842283	36.7930710346	37.1087020151	37.1101485984	37.2266576607	37.3599121918	37.3611167398	37.2616627266	37.3443374986	37.4605426095	37.1756557469	37.2588765057	37.285770573	36.3935844377	36.5027075711	36.3450999156	36.5335209682	36.4958140033	36.628321324	36.7195620356	36.5377505066	36.6638651205	36.9874746679	37.2551733844	36.9591927494	37.3351609998	37.2056912857	37.3109603693	36.9341802944	34.645459025	34.0
	1	2	3	4	5	6	7	8	9	14	24	34	44	54	64	74	84	94	104	114	124	134	144	154	164	174	184	194	204	214	224	234	244	254	264	274	284	294	304	314	324	334	344	354	364	374	384	394	404	414	424	431
1036.extendedFrags	33.9229907684	33.9738664133	33.9118585392	33.9302878089	33.9421667119	37.8105824056	37.8562313332	37.800739886	37.4011675265	37.8125305458	37.6456726853	37.6584272332	37.619970133	37.6980213141	37.5037231876	37.3015340755	37.3955980179	37.4984184089	37.3526812381	37.0618042357	37.2909143361	36.6495655715	37.0972508824	37.0877172142	37.2123846049	37.3624219386	37.3657446375	37.2109489547	37.320950991	37.4493653272	37.1604500407	37.247305186	37.2940775183	36.5054473255	36.5275997828	36.458335596	36.5949192235	36.5409686397	36.7379378224	36.7703841977	36.6354975563	36.7365259299	37.0403713006	37.307351344	37.0195832202	37.4103855553	37.3298703503	37.4136335867	36.9413245843	35.412630915	37.6	34.0
	1	2	3	4	5	6	7	8	9	14	24	34	44	54	64	74	84	94	104	114	124	134	144	154	164	174	184	194	204	214	224	234	244	254	264	274	284	294	304	314	324	334	344	354	364	374	384	394	404	414	422
1037.extendedFrags	33.891564163	33.9622553724	33.8864171683	33.9012474919	33.8965076042	37.830759836	37.8574544186	37.8114222571	37.377707988	37.7876501207	37.6088022333	37.6244642182	37.5783186484	37.6615778301	37.4624472942	37.1910465556	37.2873651458	37.407659426	37.2610747623	36.9353746838	37.1560906104	36.4835674198	36.9789961906	36.9695658495	37.1186629445	37.3043473204	37.3165081858	37.2043124255	37.292433627	37.4152926808	37.0991043648	37.2464334526	37.2597080462	36.5399604525	36.5517909424	36.5117599162	36.6192945213	36.5545044783	36.7959398637	36.8183906709	36.7170442318	36.8032105156	37.0704888475	37.3104254515	37.0970308547	37.4183848547	37.3553843022	37.4354000058	36.9873751458	34.5184432565	33.8586147186
	1	2	3	4	5	6	7	8	9	14	24	34	44	54	64	74	84	94	104	114	124	134	144	154	164	174	184	194	204	214	224	234	244	254	264	274	284	294	304	314	324	334	344	354	364	374	384	394	404	414	421
1038.extendedFrags	33.8903302825	33.9744528452	33.9098686828	33.9182252288	33.9246518106	37.8228213291	37.8770592917	37.8248308794	37.4265021886	37.8228054119	37.6250099483	37.6615041783	37.5954934341	37.6852228412	37.4781874254	37.3073278949	37.3901691206	37.4965439713	37.3495841624	37.0879029049	37.296183844	36.6838658973	37.071333068	37.0453521687	37.1925646637	37.3392797453	37.3512733784	37.1660465579	37.29603462	37.4375905292	37.1027994429	37.1849064863	37.2079964186	36.2853581377	36.3669001194	36.2060266614	36.4281914047	36.3593533625	36.5485455631	36.59051731	36.4464922404	36.5404038997	36.9181177875	37.2486908078	36.85247115	37.3602407481	37.2558137684	37.3636390768	36.8657399944	33.9445415696	33.5081168831
	1	2	3	4	5	6	7	8	9	14	24	34	44	54	64	74	84	94	104	114	124	134	144	154	164	174	184	194	204	214	224	234	244	254	264	274	284	294	304	314	324	334	344	354	364	374	384	394	404	414
1039.extendedFrags	33.8836285714	33.9705428571	33.9202285714	33.9341428571	33.9181428571	37.8657714286	37.8715142857	37.8200285714	37.4367428571	37.8251771429	37.6361142857	37.6657685714	37.6001114286	37.6948428571	37.4934714286	37.3119028571	37.3911885714	37.4917857143	37.3433342857	37.0903	37.2870514286	36.6645114286	37.0547485714	37.04038	37.1993028571	37.3472285714	37.3621714286	37.1994995444	37.3036972485	37.4507257438	37.1217326704	37.2114949426	37.2463455055	36.3762890354	36.452568865	36.3304091896	36.4788718711	36.4293262087	36.6368670705	36.6770288033	36.5345496628	36.6166247571	36.9710338324	37.2738370099	36.9384186764	37.4013601554	37.316076123	37.4005457767	36.9216116912	33.8298357546
	1	2	3	4	5	6	7	8	9	14	24	34	44	54	64	74	84	94	104	114	124	134	144	154	164	174	184	194	204	214	224	234	244	254	264	274	284	294	304	314	324	334	344	354	364	374	384	394	404	414	421
1040.extendedFrags	33.9178378156	33.9670363588	33.9091133562	33.9226321529	33.9239490524	37.8218276096	37.863248215	37.8175271096	37.4454001111	37.812107245	37.6211156608	37.6484125188	37.5848597708	37.6764254409	37.479046894	37.2805345789	37.3802526801	37.4774275191	37.3254017572	37.0722154777	37.2678182679	36.6623058088	37.028329801	36.9930122019	37.1732010947	37.3308545443	37.3478446059	37.1713615506	37.2687421552	37.4308216218	37.1248461903	37.1768925287	37.2401304554	36.4604251116	36.5435444389	36.4268488415	36.5938022141	36.5762891477	36.7137392485	36.7639717684	36.6082637146	36.73512696	37.0452858142	37.3314724886	36.9761739166	37.4374315815	37.3539960492	37.4469587226	36.9515866873	34.5243446347	34.0
	1	2	3	4	5	6	7	8	9	14	24	34	44	54	64	74	84	94	104	114	124	134	144	154	164	174	184	194	204	214	224	234	244	254	264	274	284	294	304	314	324	334	344	354	364	374	384	394	404	414	420
1138.extendedFrags	33.9143315165	33.9697338891	33.9265790317	33.9290798333	33.9263225393	37.8393715935	37.8630330234	37.8089131132	37.4164155178	37.8167297211	37.6442834242	37.6379159987	37.5952035909	37.6777108047	37.4882334081	37.2858416159	37.3994870151	37.4556396281	37.3090862456	36.8455722988	37.12876563	36.748477076	37.1120294966	37.0721962167	37.1814555947	37.3609490221	37.3886053222	37.2295992305	37.3496377044	37.4534145559	37.1483488298	37.3132863097	37.2851042001	36.4202308432	36.5087784546	36.4399935877	36.6139596024	36.5264187239	36.7161462007	36.8126579032	36.6441231164	36.717326066	37.0221224752	37.3010836807	37.076934915	37.3758961206	37.2087976916	37.3234049375	36.9995951898	34.0730834332	34.0
	1	2	3	4	5	6	7	8	9	14	24	34	44	54	64	74	84	94	104	114	124	134	144	154	164	174	184	194	204	214	224	234	244	254	264	274	284	294	304	314	324	334	344	354	364	374	384	394	404	414	420
1139.extendedFrags	33.9022044088	33.9509686039	33.9301269205	33.9103540414	33.9136940548	37.8257849031	37.8424849699	37.8064128257	37.4105544422	37.7909686039	37.5600400802	37.6081763527	37.5474549098	37.6510754843	37.4013760855	37.227241149	37.3419639279	37.4068136273	37.2337074148	36.8113961256	37.102992652	36.6521710087	37.005504342	36.9804542418	37.1485771543	37.3371008684	37.3198263193	37.1874816299	37.3003607214	37.4003740815	37.1122645291	37.2096325985	37.2140280561	36.3432722777	36.4635489043	36.2876002138	36.5349015117	36.4284778832	36.6015902713	36.7020179073	36.5171588935	36.6833355606	36.9847921956	37.2463985033	36.959708673	37.3152157597	37.1243250468	37.2138331997	36.9231560415	34.083479641	34.0
	1	2	3	4	5	6	7	8	9	14	24	34	44	54	64	74	84	94	104	114	124	134	144	154	164	174	184	194	204	214	224	234	244	254	264	274	284	294	304	314	324	334	344	354	364	374	384	394	404	412
1140.extendedFrags	33.8568300488	33.959407108	33.9388580091	33.9407107967	33.9075290551	37.8452080175	37.8632305878	37.7892875189	37.3683678626	37.7990567627	37.5709786087	37.5786255685	37.5482903823	37.6292403571	37.3853629779	37.1945426983	37.2944444861	37.3788746631	37.2212769542	36.7320249326	37.0601920485	36.5892014825	36.9564690027	36.9205357143	37.1124157682	37.3220013477	37.3338106469	37.1801381402	37.2786893531	37.3867419137	37.0409366577	37.2259602426	37.2055761456	36.3450977089	36.4662230458	36.3711421833	36.5574292453	36.5002358491	36.6602088949	36.7236522911	36.5224056604	36.664319407	36.9924191375	37.2718834232	37.0164420485	37.3153812444	37.1806908172	37.2748946925	36.9762623184	33.8155769416
	1	2	3	4	5	6	7	8	9	14	24	34	44	54	64	74	84	94	104	114	124	134	144	154	164	174	184	194	204	214	224	234	244	254	264	274	284	294	304	314	324	334	344	354	364	374	384	394	404	414	424
1141.extendedFrags	33.9090762534	33.9645332903	33.9152023215	33.9326938578	33.9311623408	37.7923585362	37.8304852491	37.802434306	37.3410446558	37.7883282283	37.5987747864	37.5999113332	37.5681605675	37.6463566016	37.4415847171	37.2554731581	37.3818313719	37.396622602	37.285144285	36.7672013542	37.0932049009	36.6844188296	37.0358536192	37.0226503305	37.148992423	37.3297678543	37.331452523	37.1634048041	37.2999758182	37.4199580848	37.1166935354	37.2147670482	37.2485571498	36.4040222473	36.4740206352	36.3828953732	36.5685877801	36.505078188	36.6626471062	36.7426003547	36.5999274545	36.6983798162	36.9679429308	37.2477591488	36.9882556827	37.3001853942	37.1531517008	37.2434467193	36.9429741828	33.2233845888	30.2142857143
	1	2	3	4	5	6	7	8	9	14	24	34	44	54	64	74	84	94	104	114	124	134	144	154	164	174	184	194	204	214	224	234	244	254	264	274	284	294	304	314	324	334	344	354	364	374	384	394	404	414	420
1142.extendedFrags	33.8756004521	33.95387115	33.8806866346	33.8955919751	33.8784967505	37.7945040972	37.8105397005	37.7721107658	37.2432890647	37.7417985307	37.5044857304	37.4874328906	37.4390081944	37.5481986437	37.3082367901	37.0275077706	37.1831308279	37.2189177734	37.0533484035	36.4479090138	36.7982692851	36.3763987002	36.7914100028	36.7634289347	36.9618183103	37.2398700198	37.254761232	37.1287086748	37.2193557502	37.3455778468	37.0046613863	37.1862875309	37.165241964	36.4392652773	36.5199929354	36.4522783469	36.6295937831	36.5144542564	36.7180642882	36.7852914165	36.6068880254	36.7269728011	37.0327362209	37.2902098926	37.0359429096	37.3269814761	37.1732122668	37.2624576032	36.9660436029	34.4256855586	34.0
	1	2	3	4	5	6	7	8	9	14	24	34	44	54	64	74	84	94	104	114	124	134	144	154	164	174	184	194	204	214	224	234	244	254	264	274	284	294	304	314	324	334	344	354	364	374	384	394	404	414	424	431
1143.extendedFrags	33.8887867159	33.9674972148	33.906275973	33.9177173778	33.9177173778	37.7988470176	37.8542326124	37.8076535394	37.4211745566	37.8072061398	37.6020018037	37.6220711242	37.5827742312	37.66743709	37.4331853791	37.2435799042	37.3269836779	37.4248740031	37.2608551875	36.9728058852	37.2122866894	36.5680259598	37.0120161276	36.9875806822	37.1364038268	37.3100974376	37.3123291305	37.1734937842	37.2786892783	37.4001025659	37.1040672691	37.1828007569	37.1947956639	36.3485402041	36.3870466321	36.3057790589	36.4744999912	36.3997435852	36.6333993528	36.646485349	36.4900440326	36.6063254876	36.9321986242	37.2335390546	36.8959486463	37.3154467807	37.2133211905	37.3242426922	36.8677082209	34.5984663177	36.048277103	34.0
	1	2	3	4	5	6	7	8	9	14	24	34	44	54	64	74	84	94	104	114	124	134	144	154	164	174	184	194	204	214	224	234	244	254	264	274	284	294	304	314	324	334	344	354	364	374	384	394	404	414	424	434	444
1144.extendedFrags	33.8849273522	33.9722280999	33.9089786994	33.9220094513	33.9133869375	37.8480039498	37.8608231062	37.806002257	37.4381259698	37.8164303851	37.6105039498	37.6323741007	37.5745327268	37.6691775991	37.4412910848	37.2693627451	37.3500017633	37.4489984483	37.2904394132	37.0137060939	37.2426981944	36.5972351531	37.0136214558	36.9893726196	37.1598268444	37.3285019044	37.3411764706	37.1856326703	37.2924354634	37.4194544365	37.1236546057	37.1895119199	37.2172256313	36.3957310622	36.4497355057	36.3514952744	36.5237939061	36.4531686416	36.6550536042	36.6901802088	36.5351601072	36.6448423614	36.9755342785	37.2644995768	36.9255007758	37.343860206	37.2449269996	37.3515675695	36.8764257018	34.624701126	22.8209383307	14.8	12.0
	1	2	3	4	5	6	7	8	9	14	24	34	44	54	64	74	84	94	104	114	124	134	144	154	164	174	184	194	204	214	224	234	244	254	264	274	284	294	304	314	324	334	344	354	364	374	384	394	404	414	424	434	444	450
1145.extendedFrags	33.9007868696	33.9539999205	33.8922028375	33.9006279061	33.8959583515	37.7719270357	37.8135754878	37.7579779835	37.3320947423	37.763136351	37.5487680324	37.5451118706	37.493834201	37.5976215078	37.3541370266	37.0594146167	37.193967333	37.2988594365	37.1259050988	36.7662878035	36.9973691531	36.3002285101	36.7823788896	36.7528732663	37.0028851886	37.2380439534	37.2486249652	37.1171462067	37.2068592775	37.3639550133	37.0823757547	37.1242801788	37.1978340785	36.5773710879	36.6560496771	36.5961351217	36.7367928465	36.6923298559	36.8679264779	36.9048961749	36.7758986587	36.8910382514	37.1223030303	37.3651922504	37.1043576751	37.4343924491	37.3621957278	37.4471117735	36.9867560593	33.6969663165	16.97	16.3	14.7	21.5
	1	2	3	4	5	6	7	8	9	14	24	34	44	54	64	74	84	94	104	114	124	134	144	154	164	174	184	194	204	214	224	234	244	254	264	274	284	294	304	314	324	334	344	354	364	374	384	394	404	414	420
1146.extendedFrags	33.9084048027	33.9565823328	33.940051458	33.9226415094	33.9252572899	37.8290523156	37.8544382504	37.8106346484	37.4426243568	37.8135548885	37.6008683533	37.628123928	37.5652401372	37.6657933105	37.4280853345	37.2645668954	37.3570990566	37.4408790738	37.2920926244	37.0153366209	37.2421119211	36.6229352487	37.0215523156	36.9902787307	37.1498820755	37.323775729	37.3422684391	37.1862156947	37.2935120069	37.4137778731	37.1246119211	37.1827830189	37.2157783019	36.3901929674	36.4620390223	36.365703259	36.5467624357	36.4540051458	36.6531646655	36.6942431389	36.5202530017	36.6333297599	36.966067753	37.2626457976	36.9118632075	37.3536234991	37.246588765	37.3782761578	36.8822286905	34.68510355	34.0
	1	2	3	4	5	6	7	8	9	14	24	34	44	54	64	74	84	94	104	114	124	134	144	154	164	174	184	194	204	214	224	234	244	254	264	274	284	294	304	314	324	334	344	354	364	374	384	394	404	414	421
1147.extendedFrags	33.8986440578	33.9650822723	33.8684529261	33.9119671502	33.9263241854	37.7981448111	37.858320286	37.803787185	37.3954683761	37.7948184692	37.6021919589	37.6178340374	37.5594458066	37.6471212076	37.4326755487	37.1951463768	37.304221441	37.4037724144	37.2656199226	36.9840890963	37.1666095536	36.5473752622	36.9364952291	36.9258249387	37.0714454521	37.2949720835	37.2735192461	37.1257333609	37.2246137485	37.3871052554	37.0815780922	37.1512747038	37.1838055006	36.4424891436	36.5334229417	36.4228117338	36.5642167144	36.5525892884	36.7554429707	36.7925378866	36.6472541432	36.7647425482	37.0684411096	37.3458657056	37.0376089333	37.4499896606	37.3618770494	37.4512894745	36.9981707446	35.0452096869	33.75
	1	2	3	4	5	6	7	8	9	14	24	34	44	54	64	74	84	94	104	114	124	134	144	154	164	174	184	194	204	214	224	234	244	254	264	274	284	294	304	314	324	334	344	354	364	374	384	394	404	414	421
1148.extendedFrags	33.9395221843	33.787003413	33.8245187713	33.8980477816	33.9182525597	37.7384027304	37.817556314	37.7580614334	37.1829624573	37.6874156997	37.4119290102	37.4236532423	37.301062116	37.4417665529	37.1495399317	36.7818156997	36.913083959	37.075156314	36.8360737201	36.4535017065	36.6194593857	35.9097883959	36.3032546075	36.2740559727	36.660734471	37.0060232082	37.0113010239	36.8467194539	36.960712628	37.2180914676	36.8482866894	36.9575672355	37.0133761092	36.4746238908	36.6037706485	36.4833146758	36.6567399317	36.684109215	36.8395085324	36.8979003413	36.7178430034	36.8536819113	37.1432709898	37.4235358362	37.1181897611	37.5299549488	37.4484914676	37.5227631399	37.0521255139	34.7186421658	33.9294871795
	1	2	3	4	5	6	7	8	9	14	24	34	44	54	64	74	84	94	104	114	124	134	144	154	164	174	184	194	204	214	224	234	244	254	264	274	284	294	304	314	324	334	344	354	364	374	384	394	404	414	421
1149.extendedFrags	33.8636715724	33.9584301575	33.9512375051	33.9208070525	33.914720962	37.7879089668	37.8431264063	37.80631478	37.2860093689	37.7736158755	37.5436723101	37.5529416104	37.5008668068	37.598701634	37.3501383202	37.0216627937	37.1561469514	37.2902179927	37.1139795655	36.7572166279	36.9717494744	36.2764376084	36.7457378924	36.7287558556	36.879189259	37.1660101066	37.1330308731	36.9871970787	37.0951016193	37.2775921213	36.9147762901	37.0278079009	37.0717052119	36.2377706466	36.3169267087	36.2105602892	36.3682416731	36.3942643208	36.6465862565	36.6673342924	36.5351038324	36.6425768138	36.976479889	37.287292512	36.9976613796	37.4071892291	37.3073367761	37.4012025083	36.984086404	34.8179839956	33.95
	1	2	3	4	5	6	7	8	9	14	24	34	44	54	64	74	84	94	104	114	124	134	144	154	164	174	184	194	204	214	224	234	244	254	264	274	284	294	304	314	324	334	344	354	364	374	384	394	404	414	421
1150.extendedFrags	33.8464847426	33.9730810593	33.8918201371	33.9243513913	33.9144374244	37.8007124614	37.8469216293	37.7900927544	37.3826455169	37.8002856567	37.6056190348	37.6268685307	37.5789252588	37.6642122597	37.4517105794	37.1661043151	37.3153884931	37.4159665278	37.260891921	36.9571212529	37.1565062508	36.5480071246	36.9784144374	36.9619774163	37.087222745	37.2997109827	37.2970997446	37.1828975669	37.2772482861	37.4051955908	37.1101088856	37.2151666891	37.2350651969	36.5179089931	36.5395079984	36.4884594704	36.6102802796	36.6065869068	36.8236658153	36.8482020433	36.7411782498	36.8226542546	37.1179762065	37.3642660304	37.1198581799	37.4442162925	37.3585058476	37.4549166555	37.0330640991	34.7399752065	33.925
	1	2	3	4	5	6	7	8	9	14	24	34	44	54	64	74	84	94	104	114	124	134	144	154	164	174	184	194	204	214	224	234	244	254	264	274	284	294	304	314	324	334	344	354	364	374	384	394	404	414	424
1151.extendedFrags	33.9050097412	33.9549958252	33.9304480935	33.9267186195	33.9385471751	37.8516838297	37.877400501	37.8351238519	37.445477317	37.831747843	37.6441747843	37.6736292792	37.6261703312	37.7110075146	37.5148037851	37.3293320345	37.4043306429	37.5028666852	37.3678485945	37.0999721681	37.2980378514	36.7332758141	37.0842527136	37.0668856109	37.2150904537	37.3989757863	37.3900779293	37.2245839132	37.3281296966	37.4512802672	37.1708293905	37.2063178402	37.2655134985	36.4035736154	36.5106763151	36.3323684943	36.5786946841	36.5439020317	36.7288783746	36.7252936265	36.576445867	36.7130559421	37.0345783468	37.3248622321	36.9904620095	37.4260924019	37.3275368773	37.4365265795	36.9650528249	34.8532234487	34.1395943563
	1	2	3	4	5	6	7	8	9	14	24	34	44	54	64	74	84	94	104	114	124	134	144	154	164	174	184	194	204	214	224	234	244	254	264	274	284	294	304	314	324	334	344	354	364	374	384	394	404	414	421
1152.extendedFrags	33.9603071041	33.9278062695	33.9543288927	33.9228901769	33.9339058659	37.8336721998	37.8734561345	37.7955269626	37.4635086335	37.8196097472	37.6278851698	37.6664764968	37.5881012351	37.6889994841	37.4628835007	37.3302339696	37.4065274785	37.4981215671	37.3597699754	37.1138105787	37.2890267957	36.7379661943	37.0418808606	37.0363123236	37.1655964556	37.3369192486	37.3440081328	37.1591812582	37.268603769	37.4084150153	37.1097381119	37.1294449671	37.1864837799	36.276997542	36.3972991837	36.2178982187	36.4136011896	36.3570115012	36.5646739295	36.5916456772	36.4464327982	36.5649925652	36.9444997421	37.2736169696	36.8343974752	37.3724880891	37.2818893576	37.3939671654	36.8913995365	34.6159474177	33.65625
	1	2	3	4	5	6	7	8	9	14	24	34	44	54	64	74	84	94	104	114	124	134	144	154	164	174	184	194	204	214	224	234	244	254	264	274	284	294	304	314	324	334	344	354	364	374	384	394	404	414	424	434	441
1153.extendedFrags	33.9004416208	33.965832494	33.9117533122	33.9283334625	33.9363136283	37.8674362749	37.8751065313	37.847059735	37.4014875649	37.8174478965	37.6551638646	37.655210351	37.612311149	37.6937088402	37.5234446424	37.2514139614	37.3852560626	37.4704036569	37.3272797707	36.9529247695	37.1841946231	36.6499031533	37.1152165492	37.0691562718	37.0438754164	37.2581002557	37.2345239018	37.1342682265	37.2189974432	37.3537770202	37.0169210506	37.1306422871	37.1444797397	35.8668939335	35.8914310064	35.7244828388	35.8994421632	36.0884481289	36.2879057876	36.4175021306	36.2306732781	36.3441465871	36.6854342605	37.0782366158	36.8216859069	37.1610366468	37.0349035407	37.1499109011	36.8302436284	35.0598365303	37.2666666667	37.2	34.0
	1	2	3	4	5	6	7	8	9	14	24	34	44	54	64	74	84	94	104	114	124	134	144	154	164	174	184	194	204	214	224	234	244	254	264	274	284	294	304	314	324	334	344	354	364	374	384	394	404	414	420
1154.extendedFrags	33.8465154867	33.9190403761	33.9409568584	33.9425470133	33.9156526549	37.8066924779	37.8455475664	37.8187223451	37.3353844027	37.7836214049	37.5902862279	37.5672566372	37.5213149889	37.6102945243	37.4052060288	37.1013481748	37.2189781527	37.3238246681	37.152661781	36.7198077987	36.9704369469	36.3882259403	36.8872649336	36.8565749447	36.9717712942	37.2534775996	37.2584347345	37.1364767699	37.2167865044	37.3688675332	37.0581236173	37.1282701881	37.1964256084	36.5386131084	36.5804272677	36.4672773783	36.6315334624	36.6433144358	36.8148575774	36.8300884956	36.7727945243	36.8647331305	37.0943998894	37.3243915929	37.177246958	37.4504977876	37.3496888827	37.4385232301	37.0654279825	33.9837411216	34.0
	1	2	3	4	5	6	7	8	9	14	24	34	44	54	64	74	84	94	104	114	124	134	144	154	164	174	184	194	204	214	224	234	244	254	264	274	284	294	304	314	324	334	344	354	364	374	384	394	404	412
1155.extendedFrags	33.9282474227	33.9822680412	33.8921649485	33.9197938144	33.933814433	37.8525773196	37.8857731959	37.8480412371	37.5154639175	37.8198350515	37.6708041237	37.651628866	37.6457525773	37.709257732	37.5276494845	37.3013608247	37.4315257732	37.4891546392	37.3709072165	36.9977731959	37.2320412371	36.722556701	37.1755670103	37.1403917526	37.2290309278	37.3784742268	37.3735670103	37.3255051546	37.392185567	37.4816494845	37.227814433	37.3476082474	37.3175670103	36.5306597938	36.6032344091	36.5379459682	36.6871107445	36.6842235512	36.8848628583	36.9020622809	36.783707981	36.872056094	37.1290369148	37.3531037327	37.1624046195	37.4329346257	37.3148484224	37.3716023922	37.0008635228	33.8136247794
	1	2	3	4	5	6	7	8	9	14	24	34	44	54	64	74	84	94	104	114	124	134	144	154	164	174	184	194	204	214	224	234	244	254	264	274	284	294	304	314	324	334	344	354	364	374	384	394	404	412
1156.extendedFrags	33.9612022696	33.9292286459	33.9057659868	33.9291519706	33.9056126361	37.7940499923	37.8482594694	37.8134488575	37.3353013342	37.7884220212	37.5874252415	37.5840668609	37.5472473547	37.6331697592	37.4042171446	37.156555743	37.2622067168	37.3621300414	37.2030440117	36.7512498083	37.0443260236	36.4562107039	36.9479067628	36.932249655	37.0849946327	37.3025992946	37.3028983285	37.190208557	37.3054056126	37.4136942187	37.0955528293	37.2432065634	37.2371568778	36.5266523539	36.5849256249	36.4991719061	36.6549915657	36.5719214844	36.8131421561	36.8466799571	36.6792823187	36.796879313	37.055128737	37.3172609462	37.0973391611	37.3514531094	37.2532704547	37.3550417913	36.9619268529	33.7826196692
	1	2	3	4	5	6	7	8	9	14	24	34	44	54	64	74	84	94	104	114	124	134	144	154	164	174	184	194	204	214	224	234	244	254	264	274	284	294	304	314	324	334	344	354	364	374	384	394	404	412
1157.extendedFrags	33.79921875	33.9404296875	33.9294921875	33.890625	33.883984375	37.705078125	37.7603515625	37.7712890625	37.16328125	37.6903320313	37.409375	37.4043554687	37.2678320313	37.4258789062	37.1528515625	36.7726757813	36.9931835937	37.0278710938	36.8584765625	36.1408203125	36.4358398438	36.0493554688	36.5367382813	36.4074609375	36.773359375	37.0788085937	37.0971289063	37.0012695313	37.0906640625	37.2744921875	36.9472460937	37.1318554688	37.15	36.5762304688	36.687890625	36.62734375	36.8023046875	36.77484375	36.9418359375	37.03578125	36.9056054687	37.0019726563	37.2113085937	37.420546875	37.2783398438	37.4680985361	37.3334635671	37.3915803868	37.0885531417	33.7616140004
	1	2	3	4	5	6	7	8	9	14	24	34	44	54	64	74	84	94	104	114	124	134	144	154	164	174	184	194	204	214	224	234	244	254	264	274	284	294	304	314	324	334	344	354	364	374	384	394	404	414	421
1158.extendedFrags	33.8672610788	33.9658409849	33.9001210475	33.9308553039	33.916122937	37.7974373358	37.8501077618	37.7967582888	37.4027634259	37.8119837029	37.6151604618	37.6410823418	37.5945764814	37.6779073544	37.4627203212	37.2387292964	37.3825662071	37.4520858552	37.3025154262	37.011617608	37.2371261551	36.6121283694	37.0539606153	37.0234418824	37.1575979451	37.314342653	37.3263558797	37.1942930531	37.3034985681	37.4161613179	37.1079743734	37.2428862449	37.2313808273	36.4181984589	36.4538927106	36.3926721975	36.5470786218	36.4934900062	36.6988160964	36.7464615748	36.5650881285	36.6985149538	36.9931947684	37.2803784949	36.956753565	37.3376339642	37.2472026217	37.353502986	36.8917391216	34.7078120796	33.2748798077
	1	2	3	4	5	6	7	8	9	14	24	34	44	54	64	74	84	94	104	114	124	134	144	154	164	174	184	194	204	214	224	234	244	254	264	274	284	294	304	314	324	334	344	354	364	374	384	394	404	414	424	434	444	450
1159.extendedFrags	33.8927027027	33.9464324324	33.9071351351	33.9141351351	33.9105405405	37.8098648649	37.8497027027	37.8015135135	37.4113513514	37.8074216216	37.6214378378	37.6366135135	37.5983486486	37.6768702703	37.4804243243	37.2722891892	37.3524648649	37.4466648649	37.2824567568	36.9843108108	37.2391378378	36.6033675676	37.0586486486	37.0374351351	37.1682	37.3483297297	37.3626621622	37.2290621622	37.3153891892	37.4352324324	37.1418054054	37.2299432432	37.2608891892	36.4230162175	36.5331414363	36.3588015892	36.6095570151	36.5555561806	36.7383939672	36.7674414833	36.6156035461	36.7438077734	37.0116898211	37.2822341748	36.99628088	37.3731228715	37.2817746905	37.3773636413	36.9238814331	34.6252791391	36.6727272727	37.6	36.8	34.0
	1	2	3	4	5	6	7	8	9	14	24	34	44	54	64	74	84	94	104	114	124	134	144	154	164	174	184	194	204	214	224	234	244	254	264	274	284	294	304	314	324	334	344	354	364	374	384	394	404	414	424	431
1160.extendedFrags	33.9577068558	33.9274468085	33.9568321513	33.9130732861	33.921536643	37.8247754137	37.8623877069	37.8050827423	37.4227186761	37.8075579196	37.5902813239	37.6318108747	37.5651631206	37.6733002364	37.4206666667	37.2972174941	37.3700330969	37.4606004728	37.3103758865	37.0513262411	37.2693380615	36.6724349882	37.0296122931	37.008749409	37.1620449173	37.3154184397	37.3325815603	37.1657754137	37.2679598109	37.4111016548	37.090964539	37.1730756501	37.2077304965	36.3165886525	36.4274822695	36.2888108747	36.4747919622	36.407534279	36.5932789598	36.6074491726	36.4417446809	36.5806406619	36.9399503546	37.2571654846	36.8341465721	37.3324066194	37.2351843972	37.3494113475	36.8450605701	34.8475960558	35.8476190476	34.0
	1	2	3	4	5	6	7	8	9	14	24	34	44	54	64	74	84	94	104	114	124	134	144	154	164	174	184	194	204	214	224	234	244	254	264	274	284	294	304	314	324	334	344	354	364	374	384	394	404	414	421
1161.extendedFrags	33.9221768572	33.9652957578	33.9304670384	33.9364170484	33.9359191396	37.8485361482	37.8612079267	37.8199810795	37.4071649074	37.8180715993	37.5828321052	37.6302504481	37.5479336786	37.6598934475	37.4250821549	37.2717063334	37.369246664	37.4607747461	37.2984963155	37.0398874726	37.254989046	36.6429446325	36.9900144394	36.9443213503	37.1308155746	37.2977370046	37.3140136427	37.1114021111	37.2386800438	37.4082329217	37.0561367258	37.1269941247	37.1664782912	36.2597540331	36.3690400319	36.2231253734	36.4397829118	36.3725726947	36.5170217246	36.5800333607	36.3701371773	36.5160977917	36.9103194164	37.239885976	36.7664991601	37.3464123886	37.220487477	37.3340960016	36.8165604101	34.6875116262	33.8633040936
	1	2	3	4	5	6	7	8	9	14	24	34	44	54	64	74	84	94	104	114	124	134	144	154	164	174	184	194	204	214	224	234	244	254	264	274	284	294	304	314	324	334	344	354	364	374	384	394	404	414	424
1162.extendedFrags	33.8780549193	33.9193325111	33.9425385719	33.9285948	33.9103470841	37.8057687951	37.8340338778	37.8187309657	37.3661372732	37.7848506204	37.5392665677	37.5869900078	37.4916941431	37.6110065188	37.3545770305	37.1757066271	37.2866955274	37.3931262742	37.2032971735	36.9262616093	37.1544889381	36.5052427575	36.8718053913	36.8332989353	37.0463215122	37.2529435453	37.2583574539	37.036145579	37.1633988573	37.356406836	36.9999219753	37.0378696736	37.0935944225	36.2540333744	36.390946616	36.2288867635	36.4578893056	36.4095592862	36.5330598273	36.5116332335	36.4393823463	36.5655332108	36.9365331857	37.2469155068	36.8160781254	37.3603533765	37.2642596461	37.3723893182	36.8368335761	34.6549190072	34.7703703704
	1	2	3	4	5	6	7	8	9	14	24	34	44	54	64	74	84	94	104	114	124	134	144	154	164	174	184	194	204	214	224	234	244	254	264	274	284	294	304	314	324	334	344	354	364	374	384	394	404	414	423
424.extendedFrags	33.8901255708	33.9248287671	33.8873287671	33.9270547945	33.9316210046	37.839326484	37.8655251142	37.7984589041	37.4760273973	37.7598515982	37.1177226027	37.5933219178	37.3558675799	37.6084531963	36.7813127854	37.1115068493	36.8766210046	37.0545376712	36.7509360731	36.3900684932	36.3495605023	35.9075799087	35.4372773973	35.237260274	34.6893207763	34.7574257991	33.6423458904	33.4444063927	33.8929965753	33.4173230594	32.3577568493	32.8776883562	32.5335844749	33.1146347032	33.2087328767	34.1514213951	34.422890741	35.0142710355	35.4802032195	35.2999086654	34.8784050691	36.0534764242	36.9045724398	37.1841420253	36.7802431784	37.3837424364	37.0482532253	37.1699052403	37.0366399261	35.005068613	33.8162216046
	1	2	3	4	5	6	7	8	9	14	24	34	44	54	64	74	84	94	104	114	124	134	144	154	164	174	184	194	204	214	224	234	244	254	264	274	284	294	304	314	324	334	344	354	364	374	384	394	404	414	423
425.extendedFrags	33.7162110495	33.4241062894	33.7568342573	33.8349264003	33.8142802523	37.4502963105	37.5743643663	37.5531447142	37.0810552476	37.2374211432	36.3389026955	36.7638979163	36.1225673867	36.4803001338	35.1928025234	35.5648824317	34.9626935576	34.8527050277	34.446836169	33.5248136112	33.1399350029	32.5070445422	30.9379946473	30.7908717262	30.2570445422	31.2494456127	29.7976390747	29.9632861786	30.4597113363	30.9695182565	30.014748614	30.9969699866	31.453995412	34.1397438348	34.3254731409	35.1646243548	35.3821066718	35.9261517874	36.3969891034	36.1975721659	36.0724813611	36.9472089467	37.3982794877	37.5717835978	37.358325368	37.6597400115	37.4588510801	37.5695660486	37.2957550417	35.1583094405	33.9643593843
	1	2	3	4	5	6	7	8	9	14	24	34	44	54	64	74	84	94	104	114	124	134	144	154	164	174	184	194	204	214	224	234	244	254	264	274	284	294	304	314	324	334	344	354	364	374	384	394	404	414	423
426.extendedFrags	33.8962838782	33.9432243643	33.8274378318	33.9133277452	33.9260687343	37.8080469405	37.8721989383	37.814417435	37.436825929	37.7291645711	37.085146689	37.5857446214	37.3434255379	37.5866831257	36.8683134011	37.1055772885	36.8338661004	36.9499105846	36.7115401811	36.2980049178	36.2294456242	35.8195149212	35.3002291271	35.0704258411	34.5666703923	34.426405499	33.4227618196	33.1758634179	33.5580306248	33.1389124846	31.9834972617	32.5065832122	32.3366882754	33.0823236839	33.1482787527	34.1269252263	34.3532938674	34.9363102889	35.5063432627	35.3172469681	34.8596546135	36.0669144358	36.8717990276	37.180411334	36.7965517241	37.3916976942	37.0749105746	37.2123899906	37.0160431433	35.0141422391	33.3712592325
	1	2	3	4	5	6	7	8	9	14	24	34	44	54	64	74	84	94	104	114	124	134	144	154	164	174	184	194	204	214	224	234	244	254	264	274	284	294	304	314	324	334	344	354	364	374	384	394	404	414	424	430
427.extendedFrags	33.9063538706	33.8519678212	33.8342887422	33.8875668385	33.9090996676	37.7678115516	37.8490293367	37.7794691459	37.4236716605	37.6676284985	36.9870128619	37.4572763621	37.2013921673	37.4834914977	36.6929524544	36.9278288935	36.6126788381	36.7143600366	36.417014307	35.9806300882	35.8599788044	35.3959680139	34.7812996772	34.5270677778	34.0118213787	34.0232525652	32.9436774411	32.7355460282	33.1710438846	32.864357628	31.7210270244	32.393891806	32.3294619201	33.3925381762	33.4716845705	34.3747627535	34.6503685149	35.2128137194	35.6954044029	35.5335950672	35.1682547329	36.2390433065	37.0092152801	37.283756443	36.8981501999	37.4503299774	37.1681728407	37.2883279541	37.0825723023	35.1026088433	34.0474468709	34.0
	1	2	3	4	5	6	7	8	9	14	24	34	44	54	64	74	84	94	104	114	124	134	144	154	164	174	184	194	204	214	224	234	244	254	264	274	284	294	304	314	324	334	344	354	364	374	384	394	404	414	421
429.extendedFrags	33.8432156784	33.8914608539	33.9077092291	33.9099090091	33.9085591441	37.7533246675	37.8210678932	37.7491750825	37.3518648135	37.6471452855	37.2672532747	37.3209279072	37.1009349065	37.4055644436	36.954149585	36.5345265473	36.7469153085	36.8393860614	36.3771572843	35.9549245075	35.9703879612	35.3934156584	34.8141435856	34.749870013	34.0781471853	33.8773322668	33.5133436656	32.8091340866	33.0832666733	34.2628787121	33.004489551	33.5838016198	33.2462053795	33.5513448655	34.8312768723	34.5061043896	35.2350364964	35.4135786421	35.6568593141	35.7076642336	35.6718378162	36.2209929007	36.9237226277	37.3657534247	36.7153834617	37.4664333567	37.352969703	37.3542745725	36.8855498912	35.0158929101	34.0
	1	2	3	4	5	6	7	8	9	14	24	34	44	54	64	74	84	94	104	114	124	134	144	154	164	174	184	194	204	214	224	234	244	254	264	274	284	294	304	314	324	334	344	354	364	374	384	394	404	414	424	434
430.extendedFrags	33.8764815006	33.9245078842	33.818252087	33.9149747501	33.9157992373	37.788209832	37.8364423374	37.7660517366	37.4429042564	37.7214521282	37.397274039	37.4819540348	37.2973101103	37.5576110481	37.1805833247	36.874152324	37.0946181577	37.1409688225	36.7666374646	36.4683895903	36.5092347333	36.0045091471	35.419768101	35.340695697	34.6931151765	34.3421643906	34.0544344241	33.2627930946	33.477067766	34.6889203813	33.2555475393	33.7530997166	33.3497346045	33.3070164362	34.6388599701	34.2225119827	34.9873267021	35.1239292893	35.3953151574	35.5431995052	35.3730763284	36.0153378344	36.7671957945	37.297845694	36.5632118745	37.4196000618	37.261562645	37.2948873885	36.777502719	34.747987166	36.6656976744	36.0
	1	2	3	4	5	6	7	8	9	14	24	34	44	54	64	74	84	94	104	114	124	134	144	154	164	174	184	194	204	214	224	234	244	254	264	274	284	294	304	314	324	334	344	354	364	374	384	394	404	414	421
431.extendedFrags	33.9012017167	33.8984978541	33.857167382	33.9093991416	33.927639485	37.8092703863	37.8582832618	37.8037339056	37.5072961373	37.7569484979	37.5083648069	37.5523218884	37.4406309013	37.6679055794	37.3482532189	37.0068497854	37.2307038627	37.3156824034	37.0276480687	36.6600128755	36.7781459227	36.3953218884	36.1345021459	36.0345622318	35.4813948498	35.2148197425	34.9182961373	34.427055794	34.6686051502	35.3143562232	34.2633433476	34.4822618026	34.214639485	33.8800849936	34.8974225724	34.4937687439	35.3564064043	35.5531527665	35.7959436837	35.7913465253	35.7433017127	36.2222818389	36.882126454	37.3402927416	36.740653303	37.401961626	37.2774219857	37.3070009014	36.8426464015	34.9317154695	34.0
	1	2	3	4	5	6	7	8	9	14	24	34	44	54	64	74	84	94	104	114	124	134	144	154	164	174	184	194	204	214	224	234	244	254	264	274	284	294	304	314	324	334	344	354	364	374	384	394	404	414	423
432.extendedFrags	33.9245727755	33.8957329543	33.9215917363	33.9027349302	33.9299802419	37.8072376859	37.846060522	37.7573572741	37.4402925578	37.7401227079	37.4665083712	37.4397240806	37.3879094596	37.6273389026	37.2683247253	36.8835245589	37.1311865229	37.2033380706	36.9026933343	36.4364692017	36.5991507505	36.193871538	36.0608825263	35.9541786544	35.253651773	35.1590592395	34.7207910153	34.4374501716	34.6836008181	35.0843738085	34.1256750667	34.4548615203	34.1256854657	33.9472514286	34.8391846922	34.7514230357	35.3386036676	35.5102922314	35.8330675634	35.7896835026	35.8137449301	36.2469580892	36.8608798142	37.2886851319	36.7764065587	37.3572260547	37.2000173328	37.2669255035	36.8336281781	34.7786533014	33.9701469874
	1	2	3	4	5	6	7	8	9	14	24	34	44	54	64	74	84	94	104	114	124	134	144	154	164	174	184	194	204	214	224	234	244	254	264	274	284	294	304	314	324	334	344	354	364	374	384	394	404	414	421
434.extendedFrags	33.8833131371	33.9437237152	33.8693420771	33.9294675315	33.9437949961	37.8493834201	37.8668116045	37.8054030936	37.4300021384	37.7505239147	37.6558485993	37.626705396	37.4980433388	37.7012759284	37.4503670967	36.8440159669	37.1899636467	37.39114691	37.1495010336	36.6616615582	36.8935419488	35.9052747879	36.5220044194	36.3239967211	35.5364851379	35.5575201369	35.0654394469	34.9463076484	35.1983819232	35.6451956661	34.6833523416	35.0343467104	34.7829103999	34.5693991019	35.0887128948	35.2190297975	35.7554712005	35.9806886228	36.4480111206	36.4898916453	36.5628599943	36.7933561449	37.115173225	37.3937446536	37.0949493869	37.3953699743	37.2937696036	37.2852152837	36.9978186625	35.1116707009	34.0
	1	2	3	4	5	6	7	8	9	14	24	34	44	54	64	74	84	94	104	114	124	134	144	154	164	174	184	194	204	214	224	234	244	254	264	274	284	294	304	314	324	334	344	354	364	374	384	394	404	413
435.extendedFrags	33.8574706782	33.8988781234	33.8689444161	33.9346251912	33.922845487	37.7965833758	37.8530851606	37.8001529832	37.3470168281	37.7028556859	37.5811218766	37.5512034676	37.3754411015	37.6258439572	37.3614788373	36.664936257	36.9933197348	37.2348801632	36.9224069352	36.3971443141	36.5864864865	35.4582508924	36.1099745028	35.8871902091	35.0251861295	35.0470015298	34.4783222845	34.326236614	34.51627231	35.20154513	34.1277409485	34.4398317185	34.2910351861	34.4160122387	35.0115604284	35.1859714431	35.7555175931	35.9979857216	36.4198266191	36.2983324834	36.5954054054	36.8324579296	37.128618052	37.402009179	37.1472667007	37.4340132585	37.3838500765	37.3787608363	37.0226969178	33.827951896
	1	2	3	4	5	6	7	8	9	14	24	34	44	54	64	74	84	94	104	114	124	134	144	154	164	174	184	194	204	214	224	234	244	254	264	274	284	294	304	314	324	334	344	354	364	374	384	394	404	414	421
436.extendedFrags	33.8406798075	33.9258109576	33.7584199907	33.8984556883	33.9183998138	37.8081638988	37.8651637436	37.7776268819	37.3721480677	37.6799937917	37.5728503803	37.5241191991	37.3595646438	37.6256285892	37.3305098557	36.6119664752	36.9540780692	37.1860158311	36.8812432097	36.3339166537	36.456961043	35.3532942729	35.9449984479	35.7176276579	34.8743714108	34.8868345491	34.2724002794	34.1745460189	34.3679885147	35.1362331212	34.1141781779	34.6362098401	34.362629986	34.6495343784	35.1731491541	35.4331173366	35.8640578923	36.1399891355	36.6112680428	36.6657341301	36.7743791712	36.9485100109	37.2390462517	37.4852863573	37.2261756946	37.5013192612	37.4423172435	37.4374592581	37.1576263643	34.9172025406	34.0
	1	2	3	4	5	6	7	8	9	14	24	34	44	54	64	74	84	94	104	114	124	134	144	154	164	174	184	194	204	214	224	234	244	254	264	274	284	294	304	314	324	334	344	354	364	374	384	394	404	414	421
437.extendedFrags	33.8935057526	33.8516053374	33.7889131882	33.8875788406	33.9174669583	37.7350321701	37.8140470983	37.720737853	37.1646857469	37.6047478685	37.4506259707	37.3735412507	37.1128680549	37.4677189313	37.102345409	36.1804950715	36.5370384457	36.8421349561	36.4427751894	35.7502297867	35.8021457323	34.4627587081	35.1624671167	34.8722354284	34.0212196127	34.1622452537	33.4364203987	33.4259548033	33.6705682863	34.6516909131	33.5652277265	34.2152039555	34.0402301036	34.6809387975	35.2648271642	35.4932171157	35.9790332805	36.2164310618	36.7073438986	36.7414326466	36.8374833597	37.0356481775	37.3083169572	37.5260570523	37.2872646593	37.5434104596	37.5088114105	37.4864057052	37.2022807945	35.0977761363	34.0
	1	2	3	4	5	6	7	8	9	14	24	34	44	54	64	74	84	94	104	114	124	134	144	154	164	174	184	194	204	214	224	234	244	254	264	274	284	294	304	314	324	334	344	354	364	374	384	394	404	414	424	430
439.extendedFrags	33.8599102196	33.932502932	33.9041533546	33.9253043232	33.9181057144	37.7736077971	37.8360496623	37.7809277308	37.2429732681	37.6604561815	37.5059530068	37.454486998	37.2610749383	37.5519836616	37.2376349739	36.437064747	36.7938124318	37.0743600113	36.7254296922	36.1190318276	36.259246977	35.0323088122	35.6822218627	35.4416427387	34.5353014923	34.6142718486	33.8659441097	33.77402839	34.0502163627	34.8858332996	33.8305779108	34.374153759	34.0678125126	34.3950539896	35.0458105979	35.2426474157	35.7301908922	35.981206018	36.518806115	36.5363018685	36.6541292567	36.882957211	37.1997694734	37.4482366739	37.1734287794	37.4665898245	37.3899094071	37.3782577044	37.1097980399	34.5106504244	35.6733333333	34.0
	1	2	3	4	5	6	7	8	9	14	24	34	44	54	64	74	84	94	104	114	124	134	144	154	164	174	184	194	204	214	224	234	244	254	264	274	284	294	304	314	324	334	344	354	364	374	384	394	404	414	424	432
440.extendedFrags	33.8328733981	33.9300268401	33.7615393339	33.894529921	33.8996711148	37.7593845689	37.8190375383	37.7385551733	37.2541866707	37.6618115148	37.5283559521	37.4781083431	37.2862246248	37.5780743205	37.2716591691	36.4421351075	36.8968699202	37.1213208332	36.797754508	36.1991607757	36.3258496201	35.1721354856	35.8054360564	35.5496314218	34.657244925	34.6850980985	34.0096775413	33.9812611046	34.2032775111	34.9775942237	33.9310768825	34.5141425979	34.1992590352	34.557220626	35.0613179134	35.3460907372	35.8115009452	36.0621663516	36.5566427221	36.5869149338	36.7035992439	36.9188431002	37.216536862	37.4649300567	37.2011228733	37.4644612476	37.4080189036	37.4035387524	37.1227598972	35.5497408873	37.1	34.0
	1	2	3	4	5	6	7	8	9	14	24	34	44	54	64	74	84	94	104	114	124	134	144	154	164	174	184	194	204	214	224	234	244	254	264	274	284	294	304	314	324	334	344	354	364	374	384	394	404	414	424	434	444
441.extendedFrags	33.8935046783	33.9359397445	33.8634157705	33.9134992429	33.9343479442	37.8167100206	37.8690841325	37.8074309896	37.4292813604	37.7525992934	37.6648250961	37.6536009628	37.5310828124	37.7214737741	37.4748223784	36.8752106224	37.2140311372	37.406215786	37.1867919401	36.6973133517	36.9011142602	35.9838218737	36.5173156812	36.3314982335	35.5730403385	35.5622743332	35.1037970261	34.9114570796	35.1267810692	35.6097798657	34.6919128781	34.9787281127	34.8523546997	34.4283495749	35.1153705789	35.1900881314	35.8198703265	36.0542842722	36.4844741235	36.4877819622	36.5921458244	36.8335520441	37.126055053	37.3988119734	37.0923477113	37.4238925341	37.3384089762	37.369212253	37.0821695899	35.4982628095	37.2	38.0	36.0
	1	2	3	4	5	6	7	8	9	14	24	34	44	54	64	74	84	94	104	114	124	134	144	154	164	174	184	194	204	214	224	234	244	254	264	274	284	294	304	314	324	334	344	354	364	374	384	394	404	414	421
442.extendedFrags	33.9256312434	33.9327844988	33.9256814417	33.9124039958	33.9350685207	37.825058983	37.8644897345	37.7784247779	37.380001004	37.739736961	37.6345238693	37.6124316048	37.493830631	37.6971286582	37.440030621	36.8393178053	37.1717007178	37.3780784097	37.1388635109	36.6487550826	36.8365318006	35.8741679635	36.4783570102	36.2789267607	35.4947743587	35.4650820742	34.9744264846	34.8580216857	35.0503036996	35.5218513127	34.6032578686	34.9599593394	34.6734300487	34.3644671452	34.9399990274	35.1491553927	35.6243141487	35.8316232022	36.3619863959	36.351758239	36.4696518662	36.7070028363	37.0615847996	37.3446022941	37.0210612183	37.3459476419	37.2633894732	37.2882708767	37.0228383705	34.4455331326	33.875
	1	2	3	4	5	6	7	8	9	14	24	34	44	54	64	74	84	94	104	114	124	134	144	154	164	174	184	194	204	214	224	234	244	254	264	274	284	294	304	314	324	334	344	354	364	374	384	394	404	414	421
447.extendedFrags	33.889693472	33.9656449066	33.9090942088	33.9163354567	33.9116712945	37.7992958386	37.8493675251	37.8126712764	37.4348196947	37.8071305421	37.5244442025	37.6125932379	37.4959510717	37.6296201521	37.3288905827	37.3093101759	37.3701344454	37.4273103448	37.2791161525	36.9779219601	37.244399274	36.7743811252	36.9243212341	36.8467186933	37.1043430127	37.2467785844	37.2808856624	36.9269292196	37.1373284936	37.3519945554	36.8803593466	36.9658439201	37.0179328494	35.7825626134	36.0701724138	35.8101778584	36.0901143376	36.0291597096	36.1182667877	36.1827259528	35.896569873	36.0847241379	36.6105517241	37.1066333938	36.4041252269	37.1869782214	37.0102758621	37.1485172414	36.6410906185	34.5926320772	33.7232862903
	1	2	3	4	5	6	7	8	9	14	24	34	44	54	64	74	84	94	104	114	124	134	144	154	164	174	184	194	204	214	224	234	244	254	264	274	284	294	304	314	324	334	344	354	364	374	384	394	404	414	421
448.extendedFrags	33.8765860776	33.9577600059	33.9039395674	33.9158155256	33.9014277007	37.842103319	37.8465914338	37.7956891934	37.4277745969	37.8069445727	37.510324511	37.6158764753	37.4687383411	37.6278743328	37.3156086659	37.3209722402	37.3728958499	37.4554365292	37.2944203313	37.0331363242	37.2472046248	36.7983709806	36.8694364923	36.8337901483	37.115652993	37.2516890457	37.2914873576	36.9333154794	37.1054762388	37.3557468186	36.9278521693	36.9291265722	37.0148218606	35.8262342316	36.0955008034	35.7742736827	36.0842417302	36.0595552518	36.0645401991	36.1749090372	35.9378386864	36.1101568011	36.6837738498	37.1436619198	36.3795829408	37.2504238932	37.0619622837	37.1829907094	36.6593676284	34.7084590824	33.1264557892
	1	2	3	4	5	6	7	8	9	14	24	34	44	54	64	74	84	94	104	114	124	134	144	154	164	174	184	194	204	214	224	234	244	254	264	274	284	294	304	314	324	334	344	354	364	374	384	394	404	414	422
449.extendedFrags	33.8993853254	33.9491923462	33.8888276256	33.8976903755	33.9003042741	37.7678122894	37.8235210031	37.7841083134	37.3125855133	37.7717576426	37.4901243644	37.5549449652	37.4442647389	37.5611182585	37.2716106108	37.1426616839	37.2283867527	37.3165843	37.1461893481	36.8171356804	37.0472247182	36.4743710178	36.713561918	36.6630513805	36.9743710178	37.1890214017	37.2179504983	36.9194841529	37.0687305996	37.3066798726	36.9222147643	36.9805767149	37.060685768	36.2125165928	36.4495701187	36.2499601773	36.4833066707	36.4540620022	36.5468447494	36.6192051628	36.3812441286	36.5754482702	36.9454417351	37.303098068	36.7924784544	37.3685761549	37.2634624025	37.3446758976	36.8435646947	34.7187377424	34.0317460317
	1	2	3	4	5	6	7	8	9	14	24	34	44	54	64	74	84	94	104	114	124	134	144	154	164	174	184	194	204	214	224	234	244	254	264	274	284	294	304	314	324	334	344	354	364	374	384	394	404	414	421
450.extendedFrags	33.9151611101	33.9528776308	33.9397001304	33.9160691004	33.9200270069	37.8262944682	37.8452691376	37.7991944496	37.4312721177	37.8107934438	37.5045678897	37.6118364686	37.4886477929	37.632566586	37.3355070777	37.2971666046	37.3573547215	37.4367829205	37.2785714286	37.0028357236	37.2257520022	36.8008847085	36.9284503632	36.8853021978	37.1288880611	37.264062209	37.2970362265	37.0114127398	37.1619272676	37.3593150494	36.9948291116	36.9858749302	37.0468499721	35.9771512386	36.2003794934	35.9713773515	36.2374674055	36.1803687838	36.2698384243	36.3452831067	36.0812721177	36.2834932017	36.7577877631	37.1816306575	36.5387758428	37.2907035761	37.1031849506	37.2255005588	36.7372269878	34.713957176	33.8879310345
	1	2	3	4	5	6	7	8	9	14	24	34	44	54	64	74	84	94	104	114	124	134	144	154	164	174	184	194	204	214	224	234	244	254	264	274	284	294	304	314	324	334	344	354	364	374	384	394	404	414	424
451.extendedFrags	33.9122317285	33.9567865429	33.9356692285	33.9187209977	33.9305213167	37.8187173724	37.8434237239	37.7935759861	37.4170714907	37.8083055394	37.5161832947	37.5986405162	37.4905669954	37.6241843097	37.32606221	37.2847030887	37.3503081497	37.4335085557	37.2656848173	36.9757069316	37.2085774362	36.7853375145	36.9172418794	36.8758555684	37.113449826	37.261687935	37.2898564385	36.9805340052	37.1528603538	37.3614541038	36.9677820476	36.9769431555	37.0560361079	35.9429959397	36.1885131619	35.8857741041	36.215755796	36.1621277213	36.2343266808	36.2989232693	36.0225859662	36.24983414	36.766394765	37.1925807095	36.4869994743	37.279230337	37.1052205123	37.2070478793	36.7188489199	34.6332576979	33.9607576211
	1	2	3	4	5	6	7	8	9	14	24	34	44	54	64	74	84	94	104	114	124	134	144	154	164	174	184	194	204	214	224	234	244	254	264	274	284	294	304	314	324	334	344	354	364	374	384	394	404	414	424	434	444	450
452.extendedFrags	33.8802586613	33.9548815696	33.932786354	33.9293100401	33.9192051614	37.8262432241	37.8670162621	37.7936159557	37.4148744992	37.8015599222	37.6301172519	37.6283216474	37.5998173462	37.6800259251	37.4804751944	37.2457753948	37.3580161442	37.4504669456	37.3023332548	37.0196117134	37.2422077539	36.6163180533	37.0682108767	37.0625603936	37.1438074476	37.3250765967	37.3243489276	37.2140098397	37.2986286236	37.4163092152	37.1105821353	37.2182874735	37.2371862479	36.2323017316	36.329278065	36.2160089561	36.4199345972	36.407310678	36.6296919882	36.6477970746	36.4913503322	36.6105970215	36.9122468219	37.2175114529	36.9225831161	37.2832206461	37.1885221029	37.2880780216	36.8468620842	33.2547310647	35.5	37.6	36.4	34.0
	1	2	3	4	5	6	7	8	9	14	24	34	44	54	64	74	84	94	104	114	124	134	144	154	164	174	184	194	204	214	224	234	244	254	264	274	284	294	304	314	324	334	344	354	364	374	384	394	404	414	424
453.extendedFrags	33.9151441332	33.9663365638	33.925718018	33.9176331445	33.9219756748	37.7864746068	37.8392734205	37.7942240816	37.3978004907	37.8005754735	37.6277198185	37.6424932479	37.6047626613	37.6774311991	37.4847111158	37.2716411587	37.3683630779	37.4657452029	37.3195678653	37.0243340571	37.2546682201	36.6076382637	37.0789351974	37.0597927589	37.1711874879	37.344795142	37.338683825	37.1685307772	37.3037811788	37.4283606065	37.1296209995	37.2071139826	37.2739024519	36.4196384755	36.4540150753	36.3838938022	36.5397977016	36.4852265706	36.6835584035	36.7054193366	36.546765168	36.6711009903	36.9793606242	37.2789899204	36.9560292326	37.3446715741	37.2521227206	37.3515648996	36.8658686264	34.4736724669	34.1049382716
	1	2	3	4	5	6	7	8	9	14	24	34	44	54	64	74	84	94	104	114	124	134	144	154	164	174	184	194	204	214	224	234	244	254	264	274	284	294	304	314	324	334	344	354	364	374	384	394	404	414	423
454.extendedFrags	33.8771303872	33.9592260077	33.8929454521	33.8874856868	33.8867555054	37.8125093347	37.8310459848	37.7758841003	37.3060953551	37.771753597	37.5543039214	37.5702500871	37.5182595131	37.6178645514	37.383360162	37.1109560398	37.2215586054	37.3352329113	37.1671766873	36.8375761297	37.0757729136	36.3710035016	36.8567666241	36.8325163046	37.0358353109	37.2544831477	37.2625002074	37.1240910072	37.2196252842	37.373326806	37.0456411254	37.1676856185	37.1984715722	36.4630040824	36.4876746656	36.4423744565	36.5883749876	36.5256629825	36.7424059876	36.7591036283	36.63850507	36.7462797982	37.040537042	37.3046617764	37.0249767658	37.3809362054	37.3051221309	37.3908835928	36.9270318619	34.6804804193	34.0457875458
	1	2	3	4	5	6	7	8	9	14	24	34	44	54	64	74	84	94	104	114	124	134	144	154	164	174	184	194	204	214	224	234	244	254	264	274	284	294	304	314	324	334	344	354	364	374	384	394	404	414	422
455.extendedFrags	33.8817272887	33.9689847076	33.9137152972	33.9173031844	33.9142096283	37.8028416067	37.8595621183	37.8028575529	37.4160354643	37.8058602159	37.6335124619	37.6362185263	37.6079204605	37.6834925292	37.4861013219	37.2645213758	37.3593085743	37.4685509719	37.3119388943	37.0273699989	37.2533335459	36.5998453222	37.0769067628	37.0664875381	37.1738148012	37.3385004226	37.3322192279	37.2222879559	37.3328283714	37.4305034205	37.139422111	37.2553300059	37.258182775	36.3785380555	36.4049544737	36.357088868	36.503871729	36.4415461402	36.6843679737	36.7046818171	36.5437648874	36.6554484745	36.9569252409	37.2456053332	36.9592749717	37.3157605142	37.2199661887	37.3200236041	36.8729224801	34.6919682068	33.725
	1	2	3	4	5	6	7	8	9	14	24	34	44	54	64	74	84	94	104	114	124	134	144	154	164	174	184	194	204	214	224	234	244	254	264	274	284	294	304	314	324	334	344	354	364	374	384	394	404	414	421
456.extendedFrags	33.874486242	33.9733093442	33.9056500999	33.9172870277	33.9133255204	37.844197217	37.8530610897	37.7978805936	37.4070448806	37.8095455821	37.6260271033	37.6361817672	37.6124275787	37.6802634402	37.4791162537	37.2643761451	37.3614891966	37.4601885017	37.3106399485	37.0388227721	37.2579469488	36.6205783801	37.0724856808	37.0588613968	37.1797781556	37.3429972104	37.3530726441	37.2297723784	37.3218807256	37.4380601819	37.1395903141	37.2405922453	37.2667299407	36.4287737484	36.4447270686	36.3815740389	36.5479705528	36.4875014443	36.7038624697	36.7239551871	36.5876613516	36.6810339705	36.9834604338	37.2692086758	36.9857350368	37.3430639464	37.2522547952	37.3385428015	36.8892666221	34.6677266226	33.9807692308
	1	2	3	4	5	6	7	8	9	14	24	34	44	54	64	74	84	94	104	114	124	134	144	154	164	174	184	194	204	214	224	234	244	254	264	274	284	294	304	314	324	334	344	354	364	374	384	394	404	414	424	433
457.extendedFrags	33.8978219449	33.9599133261	33.9014271304	33.9006799417	33.9027160309	37.7882840811	37.8305749617	37.7701647551	37.3438936003	37.7813632458	37.5823140434	37.5971102477	37.546695558	37.6446912243	37.4171797362	37.1674375163	37.2834852617	37.3827193933	37.2278122315	36.9157526058	37.1351514925	36.4629954795	36.8977397542	36.8784697575	37.0872043935	37.2775880749	37.294513767	37.1474614264	37.2393973923	37.3921059514	37.1038887876	37.1671648204	37.2253049635	36.492863948	36.5706768041	36.4956417777	36.6643514973	36.629962078	36.7874857559	36.8214735387	36.6757766528	36.8114942743	37.0814967028	37.3399189255	37.0349199529	37.4068932021	37.3278492836	37.4024415759	36.932598665	34.1956133121	28.6684803922	23.5714285714
	1	2	3	4	5	6	7	8	9	14	24	34	44	54	64	74	84	94	104	114	124	134	144	154	164	174	184	194	204	214	224	234	244	254	264	274	284	294	304	314	324	334	344	354	364	374	384	394	404	414	421
458.extendedFrags	33.8943059035	33.9672299697	33.9437880884	33.9224212061	33.9255243579	37.8241671963	37.8587318204	37.8058286911	37.4441619621	37.8162803305	37.6322727783	37.6471267806	37.6113919318	37.690083	37.485766628	37.2662036864	37.3874415822	37.4729782779	37.3298108199	37.0456200695	37.2564343665	36.6273526003	37.090580252	37.0743653494	37.1819325532	37.3498840992	37.3605619322	37.2320334991	37.3297341758	37.4407559726	37.1551108536	37.2482839197	37.2680188432	36.4199106442	36.4425430889	36.3727539537	36.5627229222	36.4622481026	36.704849142	36.7258926235	36.590118518	36.6782985008	37.0053071372	37.271744265	37.0023685342	37.3493840316	37.2554334212	37.3629241209	36.9052535594	34.7008407948	34.0
	1	2	3	4	5	6	7	8	9	14	24	34	44	54	64	74	84	94	104	114	124	134	144	154	164	174	184	194	204	214	224	234	244	254	264	274	284	294	304	314	324	334	344	354	364	374	384	394	404	414	421
459.extendedFrags	33.9023133907	33.9671101727	33.9372053658	33.9121421161	33.917547915	37.8215358293	37.8478367704	37.7923408748	37.3929852023	37.7993283704	37.6237254509	37.6337361897	37.5995686282	37.672994667	37.4665168089	37.2654629512	37.3449263756	37.4512131195	37.3187291822	37.0109189858	37.2424418922	36.6016290202	37.0588849857	37.0481534737	37.1582952622	37.3180557325	37.3188456708	37.1759705866	37.2963378897	37.4126572141	37.1210680548	37.2225096012	37.2465226334	36.3969749368	36.4300504177	36.3319287963	36.5218871153	36.4528202981	36.7060137238	36.7062084782	36.5506288564	36.6764201598	36.9727289274	37.25745254	36.9671101727	37.3055313882	37.2268997652	37.3219672012	36.8016017153	34.6327614296	33.7381927382
	1	2	3	4	5	6	7	8	9	14	24	34	44	54	64	74	84	94	104	114	124	134	144	154	164	174	184	194	204	214	224	234	244	254	264	274	284	294	304	314	324	334	344	354	364	374	384	394	404	414	421
460.extendedFrags	33.8711988893	33.9568423724	33.9355397316	33.9333602042	33.9166554705	37.8362965949	37.8689148641	37.7911087226	37.4482212967	37.8072252825	37.6301595832	37.6457969457	37.610542344	37.6824144983	37.4893919716	37.2774627913	37.3909773538	37.4790586233	37.3491543135	37.0704987535	37.2802081001	36.6950333647	37.0990296625	37.0888739606	37.2019451535	37.3566497977	37.3635182946	37.2509800409	37.3430665652	37.4502410916	37.1765242297	37.2839847132	37.2959857284	36.3865688353	36.4822843579	36.3830576538	36.5833144239	36.5416131729	36.7516846016	36.7623393297	36.6076390237	36.7179995521	37.0064536837	37.2936358886	37.0008658655	37.3449697694	37.2619362544	37.3547346421	36.8279219159	34.3892019731	33.6457848837
	1	2	3	4	5	6	7	8	9	14	24	34	44	54	64	74	84	94	104	114	124	134	144	154	164	174	184	194	204	214	224	234	244	254	264	274	284	294	304	314	324	334	344	354	364	374	384	394	404	414	424	434	444	450
461.extendedFrags	33.9087817259	33.9646023689	33.9240947547	33.9143993232	33.9205245347	37.7813874788	37.8301861252	37.7795431472	37.3911336717	37.7949086294	37.6122064298	37.6286108291	37.5851928934	37.6706649746	37.4539915398	37.2626852792	37.3522538071	37.4475769882	37.3082385787	37.0111455161	37.2364839255	36.6036582064	37.0464974619	37.0176937394	37.1521269036	37.3212808799	37.3140135364	37.1449915398	37.2692081218	37.4132944162	37.1177817259	37.1788104907	37.243891709	36.4275194585	36.4717580372	36.392998308	36.5526328257	36.5022419628	36.6924450085	36.7241116751	36.5732025923	36.6821604426	36.981266995	37.2868506548	36.9423246134	37.348495719	37.2657162679	37.3568919422	36.799837234	34.3236744168	28.5915584416	18.9	25.8	31.0
	1	2	3	4	5	6	7	8	9	14	24	34	44	54	64	74	84	94	104	114	124	134	144	154	164	174	184	194	204	214	224	234	244	254	264	274	284	294	304	314	324	334	344	354	364	374	384	394	404	414	424	434	444	451
757.extendedFrags	33.8682958515	33.9517915767	33.886817296	33.8939449799	33.8828321132	37.7980021418	37.808096768	37.7671564755	37.3200610944	37.7563420586	37.5057144362	37.5408823581	37.4617598006	37.5752409543	37.3057583259	37.0777128211	37.2294253963	37.3099664683	37.1510700304	36.7857358544	37.0243043486	36.4439089904	36.7971945717	36.7631572479	36.9884412142	37.1800600411	37.1903161812	36.9831252963	37.0905110514	37.3160039325	36.9284738681	37.0301135865	37.0707782518	36.1543547339	36.3220940644	36.1736837485	36.3712575271	36.3441547726	36.4787995295	36.5539351486	36.3549779674	36.4989536701	36.8492354418	37.2180333913	36.8085690209	37.3268043047	37.2202647425	37.2856410527	36.7570042332	33.9976470025	20.225	15.0	26.6	21.0
	1	2	3	4	5	6	7	8	9	14	24	34	44	54	64	74	84	94	104	114	124	134	144	154	164	174	184	194	204	214	224	234	244	254	264	274	284	294	304	314	324	334	344	354	364	374	384	394	404	414	424	430
758.extendedFrags	33.8734221736	33.9719019891	33.9074797765	33.9087693931	33.9045683692	37.7980382195	37.8570479503	37.8121849232	37.4411465864	37.8032338114	37.5918930009	37.6218492321	37.5622298644	37.6685470319	37.4384735629	37.2646019774	37.4025186604	37.4667493845	37.3163468678	37.0197057329	37.2702215796	36.7526007269	37.071300168	37.036093634	37.1847434444	37.3034370237	37.3148227754	37.1453046231	37.2474520302	37.4074055258	37.0794052132	37.1505432022	37.1743405369	36.1205889249	36.2445288991	36.0914045098	36.311558918	36.2675655079	36.4020731969	36.4832112082	36.2885905778	36.4053168415	36.779586533	37.1717920159	36.6862164644	37.2578775622	37.1360220412	37.2252320378	36.6891947906	34.261734824	34.7507142857	34.0
	1	2	3	4	5	6	7	8	9	14	24	34	44	54	64	74	84	94	104	114	124	134	144	154	164	174	184	194	204	214	224	234	244	254	264	274	284	294	304	314	324	334	344	354	364	374	384	394	404	414	424	434
759.extendedFrags	33.8703114403	33.9661606413	33.9103935173	33.9282869911	33.9106717443	37.8434451458	37.8488705723	37.8161441216	37.4492496566	37.8096457823	37.5873632775	37.6225833377	37.5723564088	37.6433808058	37.4222964161	37.2976315927	37.3935948877	37.4281727124	37.3124369631	36.9643532849	37.2484036448	36.7597920217	37.0338816819	36.9601971968	37.1566827809	37.3161774424	37.3416930407	37.078084026	37.2445083991	37.4192432094	36.9795047473	37.1492765972	37.168474594	36.038717699	36.2608788648	36.0634838104	36.3032657462	36.2393350259	36.3696831635	36.4314784544	36.1715455779	36.329278684	36.7698814037	37.1876708517	36.6962090912	37.2501217264	37.1146280388	37.2202587556	36.6962487297	33.8899289686	23.6357142857	20.6666666667
	1	2	3	4	5	6	7	8	9	14	24	34	44	54	64	74	84	94	104	114	124	134	144	154	164	174	184	194	204	214	224	234	244	254	264	274	284	294	304	314	324	334	344	354	364	374	384	394	404	414	424	434	444
760.extendedFrags	33.8976769523	33.9520805511	33.8916672524	33.8951114079	33.8988542911	37.7617733886	37.816458143	37.781682716	37.3549413088	37.7637116047	37.5042718071	37.5505675828	37.4507802066	37.5755148661	37.3011615239	37.1411910452	37.2637678358	37.3386536164	37.166157658	36.8572801715	37.060313137	36.5373726014	36.8129085542	36.7632758136	36.9626010403	37.1520454066	37.1612022914	36.9165003163	37.0094187109	37.2699954312	36.8523627833	36.9233472745	37.0124116965	35.9079025059	36.1538343936	35.889776122	36.1834991038	36.2112293771	36.2971636939	36.4292985945	36.1495534405	36.3634905014	36.7289488568	37.1502012267	36.6296040491	37.2699847103	37.1506774925	37.234197993	36.6628810832	33.7519864799	23.708	15.7	21.0
	1	2	3	4	5	6	7	8	9	14	24	34	44	54	64	74	84	94	104	114	124	134	144	154	164	174	184	194	204	214	224	234	244	254	264	274	284	294	304	314	324	334	344	354	364	374	384	394	404	414	424	434	444
761.extendedFrags	33.9177387765	33.9541841085	33.9311225469	33.9109988863	33.9195053573	37.8222089942	37.8441568417	37.7981105265	37.4292023503	37.8075271708	37.5183513192	37.6170686278	37.4757786397	37.6269115557	37.3190617919	37.2962479358	37.3766062445	37.4505395753	37.2778140482	37.043281232	37.2378989208	36.7711644072	36.9007104728	36.8464533968	37.0755232536	37.1989803756	37.226552479	36.8965417259	37.0569779945	37.3147375091	36.8857175775	36.8833154115	36.9861573025	35.7139636699	36.0015265563	35.6454222512	35.9855236376	35.9603037751	36.0131514267	36.1182898729	35.795585468	36.0430085641	36.6021198971	37.1110065671	36.2886804409	37.2405507124	37.0782556934	37.1886486042	36.615517552	34.3105557474	24.2690909091	16.55	19.6
	1	2	3	4	5	6	7	8	9	14	24	34	44	54	64	74	84	94	104	114	124	134	144	154	164	174	184	194	204	214	224	234	244	254	264	274	284	294	304	314	324	334	344	354	364	374	384	394	404	414	421
762.extendedFrags	33.8747916698	33.9568775244	33.9317277518	33.9301511989	33.9102716175	37.8305430849	37.8655575742	37.7877209051	37.4384768997	37.8028122701	37.6306226633	37.6424393027	37.608561433	37.6816414168	37.4833365865	37.2954775454	37.388153331	37.4796039099	37.3363733277	37.068926893	37.2808201078	36.6643819162	37.102924881	37.0885917629	37.1806204111	37.3402216183	37.3379994294	37.223332983	37.3030419964	37.4129112175	37.1409438297	37.2422471134	37.2483371121	36.2668833801	36.3427275867	36.2554346031	36.4490683323	36.3937058002	36.6335520488	36.6392952058	36.4623789433	36.5998693713	36.9002327292	37.2201273254	36.8895677242	37.26717767	37.1851083317	37.2955916578	36.8135305243	34.7387670334	33.9910714286
	1	2	3	4	5	6	7	8	9	14	24	34	44	54	64	74	84	94	104	114	124	134	144	154	164	174	184	194	204	214	224	234	244	254	264	274	284	294	304	314	324	334	344	354	364	374	384	394	404	414	423
763.extendedFrags	33.9142657343	33.9675835276	33.9265268065	33.9185703186	33.9255322455	37.7957264957	37.8386946387	37.8069308469	37.4072261072	37.8023341103	37.6394374514	37.649047397	37.6181787102	37.6888609169	37.5033053613	37.2904630925	37.3892882673	37.4771530692	37.3481196581	37.0599378399	37.2842517483	36.6405190365	37.1318865579	37.1108500389	37.1715944056	37.331000777	37.3256425796	37.17599223	37.3001818182	37.4094405594	37.1465159285	37.2194980575	37.2629494949	36.3651484071	36.3562175602	36.3289355089	36.4715058275	36.4261087801	36.6575104895	36.6697016317	36.5257948718	36.6343916084	36.9278818959	37.229010101	36.9422874903	37.2987878788	37.2255198135	37.3145920746	36.834237569	34.5554123314	32.6214285714
	1	2	3	4	5	6	7	8	9	14	24	34	44	54	64	74	84	94	104	114	124	134	144	154	164	174	184	194	204	214	224	234	244	254	264	274	284	294	304	314	324	334	344	354	364	374	384	394	404	414	421
764.extendedFrags	33.8916239559	33.9620479898	33.8970684732	33.9093940093	33.8923510738	37.8164470534	37.83152145	37.7768102577	37.3843084399	37.7837231986	37.5694734602	37.600576374	37.5430524766	37.6414510437	37.3999006863	37.2005072091	37.2998226542	37.4084505294	37.2392342207	36.9708762658	37.1833560927	36.5332452516	36.9561441467	36.924461312	37.0814372107	37.2638675581	37.2762126022	37.0997729973	37.2032330147	37.3773813113	37.0503875007	37.1391810169	37.1585223544	36.2909500417	36.3617890649	36.275836629	36.4381807864	36.3912160604	36.5922482132	36.6170447089	36.472552184	36.5792310284	36.9156117545	37.2360685974	36.8560182312	37.3343625304	37.2373703159	37.3264493589	36.8276010228	34.6734703773	34.0
	1	2	3	4	5	6	7	8	9	14	24	34	44	54	64	74	84	94	104	114	124	134	144	154	164	174	184	194	204	214	224	234	244	254	264	274	284	294	304	314	324	334	344	354	364	374	384	394	404	414	424	434	444
765.extendedFrags	33.8790336205	33.9706755485	33.9113749909	33.9152849178	33.9151883764	37.7973113219	37.8554533826	37.8070620037	37.4031810393	37.8109067651	37.6292206695	37.6439480607	37.6038278667	37.6844013226	37.4713923684	37.2990780296	37.3882074675	37.4827142616	37.3379214636	37.071435812	37.2859870152	36.6805396664	37.0773248377	37.0497477856	37.1568821954	37.3069992518	37.3137426689	37.1570535563	37.2677937876	37.4069051239	37.0857191128	37.1842782323	37.1907127169	36.150462192	36.1943040572	36.1045229648	36.2890232423	36.237332561	36.4717013009	36.5055221683	36.3081311998	36.4332198972	36.788863949	37.1543745324	36.751427606	37.2382497043	37.127811165	37.2384838172	36.7371940344	33.9411462427	20.085	21.6	19.9
	1	2	3	4	5	6	7	8	9	14	24	34	44	54	64	74	84	94	104	114	124	134	144	154	164	174	184	194	204	214	224	234	244	254	264	274	284	294	304	314	324	334	344	354	364	374	384	394	404	414	424	434	444
766.extendedFrags	33.8748753477	33.9686663518	33.9085708287	33.9188054375	33.9091744082	37.8563218391	37.8615441138	37.8047813993	37.4419251561	37.8097937333	37.6297905842	37.6442869889	37.6013331234	37.6846270928	37.4834855403	37.2900619325	37.3763737994	37.4813100299	37.3300346402	37.0687214612	37.294145279	36.6645620112	37.0760483913	37.0807458143	37.1799795308	37.3153991497	37.3284758306	37.1900856387	37.2918619604	37.422556095	37.12635027	37.2238242704	37.2371299601	36.2709074928	36.2866204761	36.2276041257	36.3858856258	36.3566490827	36.5629268037	36.6057265832	36.458365483	36.5542109545	36.8922315828	37.2121512742	36.8643518883	37.2838359184	37.1880508096	37.2899104698	36.8041244503	34.023682213	20.3511904762	16.3	14.5
	1	2	3	4	5	6	7	8	9	14	24	34	44	54	64	74	84	94	104	114	124	134	144	154	164	174	184	194	204	214	224	234	244	254	264	274	284	294	304	314	324	334	344	354	364	374	384	394	404	414	421
831.extendedFrags	33.8783467372	33.9399368828	33.8735620483	33.9383080525	33.9488954495	37.8597169907	37.8738674539	37.8263259697	37.4476229258	37.7544945536	37.5946044996	37.5170212766	37.4737554719	37.6883233228	37.391988191	36.8400590451	37.1885269266	37.3018731548	36.9889137738	36.444894635	36.5711391632	36.2412094065	36.4311004785	36.2333706607	35.5139875802	35.5476025654	35.0690115036	34.9588007737	35.1202076759	35.5251247073	34.6283823679	35.0568970783	34.7025959483	34.4086429808	35.0749058332	35.0693779904	35.6179985748	35.8870813397	36.1048355899	36.2403339102	36.2923241372	36.5822864705	36.983711697	37.2991754047	37.0019953171	37.3566323934	37.1929247684	37.2048966711	37.0032468889	34.6864252561	34.0
	1	2	3	4	5	6	7	8	9	14	24	34	44	54	64	74	84	94	104	114	124	134	144	154	164	174	184	194	204	214	224	234	244	254	264	274	284	294	304	314	324	334	344	354	364	374	384	394	404	414	420
832.extendedFrags	33.8837735849	33.9398742138	33.8036477987	33.9202515723	33.9191194969	37.7937106918	37.8767295597	37.7362264151	37.4166037736	37.7208427673	37.6069937107	37.5297358491	37.4286540881	37.6689937107	37.3905283019	36.9148050314	37.1682767296	37.2495974843	36.9046289308	36.3931320755	36.4546918239	36.1873710692	36.2718616352	36.0545157233	35.2129559748	35.3080754717	34.820327044	34.5640880503	34.8038742138	35.3294842767	34.2478616352	34.7788930818	34.4536477987	34.2868553459	34.9963899371	35.0294716981	35.6125801988	35.8953075859	36.2407724242	36.3665744119	36.4608001006	36.7037237388	37.0279783621	37.3684614417	37.0555793182	37.3764509426	37.281278309	37.2563663815	37.0419249908	34.7070121828	34.0
	1	2	3	4	5	6	7	8	9	14	24	34	44	54	64	74	84	94	104	114	124	134	144	154	164	174	184	194	204	214	224	234	244	254	264	274	284	294	304	314	324	334	344	354	364	374	384	394	404	414	424	434	444	451
833.extendedFrags	33.9088449281	33.8825085683	33.8204557754	33.9058986231	33.9371655342	37.7769827431	37.8537069328	37.7654380374	37.2977572004	37.6496722987	37.5174974445	37.4541458722	37.2133726174	37.5404485599	37.2350790692	36.5192532019	36.8896217906	37.0060790091	36.6361373339	35.9826829415	35.8476880524	35.4904034634	35.7510492454	35.4236846852	34.5207263544	34.644892069	34.0210570621	33.9725272082	34.1456316517	34.9133726174	33.823877097	34.4241657146	34.1307979075	34.5483314293	35.3049786543	35.2254705069	35.7742408755	36.1226925621	36.3745294931	36.575533642	36.6818651915	36.8917623715	37.1813654246	37.4318280216	37.1698496693	37.4349067949	37.3322369212	37.3159891762	37.1029005518	35.9545035822	37.7	38.0	37.1	34.0
	1	2	3	4	5	6	7	8	9	14	24	34	44	54	64	74	84	94	104	114	124	134	144	154	164	174	184	194	204	214	224	234	244	254	264	274	284	294	304	314	324	334	344	354	364	374	384	394	404	412
834.extendedFrags	33.8527918782	33.9313780786	33.9009212258	33.9137055838	33.9080654258	37.7886820831	37.8330513254	37.7356645986	37.4124835495	37.7070877985	37.5068433916	37.4271479601	37.2859936078	37.588964091	37.2606504982	36.6666290656	37.0047753337	37.0973115247	36.7614965219	36.1053017484	36.2293288212	35.8472833239	35.9418687723	35.756927994	34.905320549	35.0240834743	34.4094566648	34.2332393307	34.4166196654	34.9605940966	33.9721752209	34.4275239707	34.0450836623	34.0923669863	34.8796578304	34.8954314721	35.4916713668	35.7774581688	36.0457792818	36.1827787178	36.2909945478	36.5896409099	36.9843015604	37.2995299868	36.9664786614	37.3207369806	37.2180673059	37.2313028765	36.9873320157	33.8715056228
	1	2	3	4	5	6	7	8	9	14	24	34	44	54	64	74	84	94	104	114	124	134	144	154	164	174	184	194	204	214	224	234	244	254	264	274	284	294	304	314	324	334	344	354	364	374	384	394	404	414	421
836.extendedFrags	33.858432416	33.9466132238	33.8144767422	33.9289635892	33.9325676176	37.8086833507	37.8589376537	37.801946849	37.4443396544	37.7281922598	37.6349119202	37.6247195931	37.4849169726	37.6995048671	37.4326720334	36.7889824514	37.1967631109	37.3608373472	37.0960052545	36.6360066018	36.7949139412	35.8243793998	36.3908551989	36.1975209674	35.2800296406	35.3129812388	34.7057024487	34.6008622722	34.7848293981	35.3974906531	34.4176900536	34.7292734683	34.4983967126	34.3343258446	34.8231028327	35.0923675435	35.563023342	35.872811479	36.3785678197	36.422247297	36.5564485163	36.7695779582	37.0999157937	37.3881235474	37.0736636465	37.3926740544	37.3169423019	37.2936777931	37.002186855	34.8288270857	34.0
	1	2	3	4	5	6	7	8	9	14	24	34	44	54	64	74	84	94	104	114	124	134	144	154	164	174	184	194	204	214	224	234	244	254	264	274	284	294	304	314	324	334	344	354	364	374	384	394	404	414	420
837.extendedFrags	33.8810624288	33.928707104	33.8566860833	33.9189882234	33.940483728	37.838577941	37.8815372926	37.8184437128	37.4793275928	37.7535298215	37.675	37.6587818159	37.5515290617	37.73840699	37.4998385463	36.936513866	37.263657085	37.4356211219	37.2000158288	36.7624635938	36.9653539319	36.078561479	36.6191623401	36.4344624541	35.6138818539	35.6785551475	35.199237052	34.9977934659	35.1978631126	35.7386982398	34.8757154616	34.9808408256	34.9548309485	34.3776972268	35.0828103241	35.1247862977	35.7489932248	36.0558855189	36.4824320902	36.4700690179	36.5952257329	36.8195054771	37.1192553663	37.3954410182	37.0827930096	37.4035110492	37.3207275375	37.3182897486	37.0025824108	34.4636792638	34.0
	1	2	3	4	5	6	7	8	9	14	24	34	44	54	64	74	84	94	104	114	124	134	144	154	164	174	184	194	204	214	224	234	244	254	264	274	284	294	304	314	324	334	344	354	364	374	384	394	404	414	424	434
838.extendedFrags	33.9202932904	33.9238962106	33.914667678	33.9060712367	33.9373281502	37.831800512	37.8655225815	37.7835719478	37.3925602857	37.7503903164	37.6511804305	37.6424796941	37.5311178534	37.71662084	37.4747037072	36.9041180746	37.2257640403	37.4100628931	37.1802345059	36.7301855188	36.9237129041	35.9832811858	36.5599664992	36.3870610916	35.5197718151	35.6041749629	35.0888151449	34.9631048323	35.1522075788	35.6200467748	34.7868619829	34.9596093676	34.8066369584	34.3856546885	34.9657880598	35.1594450239	35.6447963086	35.8239467779	36.3883410765	36.3711323915	36.5076546253	36.7360134003	37.0571031257	37.3651875731	37.0454821276	37.3635599381	37.2819316709	37.2744255871	36.9597880671	35.3580943634	37.7	35.95
	1	2	3	4	5	6	7	8	9	14	24	34	44	54	64	74	84	94	104	114	124	134	144	154	164	174	184	194	204	214	224	234	244	254	264	274	284	294	304	314	324	334	344	354	364	374	384	394	404	414	421
839.extendedFrags	33.8655112652	33.941925319	33.8070584528	33.9145107925	33.9238065228	37.825240271	37.861824484	37.7812824957	37.3859461163	37.7290058295	37.6425145738	37.613864818	37.4895131558	37.6895289113	37.4363384276	36.8298534741	37.1655679849	37.3669198046	37.1237119899	36.6541358122	36.8268252718	35.8449472192	36.4408350402	36.2713533953	35.4527178194	35.5663305499	35.0689302032	34.9209516307	35.1139814085	35.6185315897	34.7507735938	34.9762817079	34.8738522136	34.6177532693	35.2308303135	35.3917441311	35.9173656846	36.0944257129	36.5546683473	36.5740318261	36.6762564991	36.8745233969	37.1748101465	37.4177186072	37.157214432	37.4349298881	37.372900583	37.3499133449	37.0315450344	34.425179057	34.0
	1	2	3	4	5	6	7	8	9	14	24	34	44	54	64	74	84	94	104	114	124	134	144	154	164	174	184	194	204	214	224	234	244	254	264	274	284	294	304	314	324	334	344	354	364	374	384	394	404	413
841.extendedFrags	33.8541205412	33.9456334563	33.8122181222	33.9134891349	33.9193111931	37.8401804018	37.8656826568	37.7919639196	37.388601886	37.7313489135	37.6275440754	37.5952767528	37.4509143091	37.676104961	37.4152685527	36.7391307913	37.0946207462	37.3129479295	37.0330791308	36.5828126281	36.7179909799	35.6948093481	36.2832390324	35.9820172202	35.014300943	35.133497335	34.5313325133	34.3532431324	34.4923821238	35.2129151292	34.0658466585	34.4260434604	34.1252234522	33.9955555556	34.6112505125	34.8297088971	35.3117753178	35.7112915129	36.2608446084	36.319204592	36.4541943419	36.7045100451	37.051701517	37.3520787208	37.0495366954	37.3714063141	37.2658384584	37.2698400984	36.9869075528	33.7610411941
	1	2	3	4	5	6	7	8	9	14	24	34	44	54	64	74	84	94	104	114	124	134	144	154	164	174	184	194	204	214	224	234	244	254	264	274	284	294	304	314	324	334	344	354	364	374	384	394	404	414	421
842.extendedFrags	33.8827241899	33.8860211002	33.7690906807	33.9260864104	33.9349095705	37.7979150967	37.8606819894	37.8217470485	37.4101984426	37.7416289877	37.6637277066	37.6363790505	37.5484865612	37.7218726451	37.4737314745	36.8973938709	37.2337697815	37.4140636775	37.165919367	36.7179257724	36.9200703341	35.9800646822	36.5357447877	36.3606788495	35.5516515951	35.6701865109	35.1601984426	34.9895535041	35.1897952776	35.6979810349	34.8021163024	34.9892677719	34.9441754584	34.7071935443	35.1083396132	35.2600791258	35.7662930168	35.9678818136	36.470660638	36.472167797	36.5735367998	36.7910638031	37.1092972871	37.3791855062	37.0761743281	37.3994348154	37.31433999	37.3246922884	36.9883872749	34.6612179955	34.0
	1	2	3	4	5	6	7	8	9	14	24	34	44	54	64	74	84	94	104	114	124	134	144	154	164	174	184	194	204	214	224	234	244	254	264	274	284	294	304	314	324	334	344	354	364	374	384	394	404	414	421
843.extendedFrags	33.9265334339	33.9241452991	33.9074912016	33.9512631976	33.9431561086	37.8114002011	37.8765711413	37.8097347914	37.4384741076	37.7520519105	37.6703242836	37.6538273002	37.531784188	37.7254650578	37.4882698592	36.899754902	37.2428198844	37.423865636	37.2037236048	36.7682378079	36.940013826	36.0439322524	36.5881221719	36.3866704374	35.4108503017	35.4808477878	34.901835093	34.771163273	34.9487336601	35.5096562343	34.448966189	34.776835093	34.4888071895	33.9196047009	34.4667420814	34.7237839367	35.2162550277	35.578836727	36.1434357717	36.2054581448	36.2942182001	36.5804015837	36.956850176	37.2830002514	36.9516496983	37.2949723479	37.2079279789	37.1954531171	36.911381792	34.9058503649	33.9078947368
	1	2	3	4	5	6	7	8	9	14	24	34	44	54	64	74	84	94	104	114	124	134	144	154	164	174	184	194	204	214	224	234	244	254	264	274	284	294	304	314	324	334	344	354	364	374	384	394	404	414	424	432
844.extendedFrags	33.8652013989	33.8900446213	33.9319223348	33.9451881331	33.925198987	37.8401772793	37.8636939219	37.763356247	37.4458514231	37.7416304872	37.6521496623	37.6342287747	37.5082941389	37.7080378678	37.4717046551	36.8938072841	37.2235287024	37.4019567053	37.1744784129	36.7736010613	36.9354528461	36.0224493488	36.5557947419	36.3662686927	35.4998974916	35.5790068741	35.0784822721	34.9137120116	35.0883502171	35.6257657984	34.6676766763	34.9368487699	34.7473227207	34.3267034491	34.9030119392	34.9907772552	35.5772883502	35.8527013989	36.3487126146	36.3779938495	36.4755668114	36.7122588037	37.0419380125	37.3432977569	37.0211046792	37.3427912446	37.2515165219	37.2627200917	36.9544330649	34.6463715126	35.35	33.8333333333

