Eigvals	27
2.3454834942	1.20991125246	1.03774900634	0.765383037372	0.502397748389	0.460913405661	0.398671835925	0.355792385113	0.24696482367	0.215808680811	0.164363992394	0.143133477111	0.116430714421	0.1105649566	0.0974268112407	0.0892275217411	0.0786758776155	0.0652113129599	0.0524109504092	0.0410536097708	0.0265769022289	0.013564777309	0.00664061087344	0.0	0.0	0.0	0.0

Proportion explained	27
0.274506723387	0.141603543288	0.12145431001	0.0895776031871	0.0587987764947	0.0539436022749	0.0466590788881	0.041640626372	0.0289038506156	0.0252574507535	0.0192365544701	0.016751813392	0.0136266206931	0.0129401140672	0.0114024740698	0.0104428595169	0.00920793406871	0.00763209116272	0.00613398401738	0.00480476282578	0.00311046245548	0.00158757142473	0.000777192564632	0.0	0.0	0.0	0.0

Species	0	0

Site	27	27
151	-0.249331598979	0.213348827459	-0.045050901605	0.0412823623204	-0.0261382923398	0.0210725930302	0.0188484863369	-0.0628251290012	0.0339030680759	0.100524906497	-0.026089227641	-0.109605183345	0.0587041914284	0.00480514258889	0.0575381253113	0.001836345345	0.0705963435754	0.0175222091933	0.0641341956658	-0.0624350735904	-0.103824017782	0.00550511326396	0.00980688294688	0.0	0.0	0.0	0.0
150	-0.223102504018	0.112560207296	-0.00299770910616	0.0154413975977	-0.036814098349	0.0237167286272	-0.0192649526623	-0.0380881489112	0.246355487843	0.12724422937	-0.0775546699671	-0.0705930271626	-0.142263094058	-0.0609094594745	-0.11508174615	0.050668848422	-0.0307739498073	0.0449692408014	-0.00291412593004	-0.0276637289105	0.0355716365391	0.0172495152645	-0.00810785987466	0.0	0.0	0.0	0.0
153	-0.27168193992	0.154000589957	0.00586674382974	0.0151834064141	0.00437904268491	0.0521757065999	0.00851531382966	-0.0826936051634	-0.0885858828827	-0.0146485086729	0.136158073192	0.0320389392529	-0.00284878049898	0.0822787585296	0.0600522455515	-0.0573608367531	0.00988464993647	0.00661237702987	0.0131396284035	-0.0534296617161	0.0536450796026	0.0677137883327	-0.0132431168438	0.0	0.0	0.0	0.0
152	-0.169768788857	0.0861391768153	0.0215648890673	0.008513307889	-0.0364489368192	-0.13072781827	-0.0297361319164	0.0275806316541	0.280093998662	0.0613445421368	0.103795387962	0.167326970156	0.0904324079595	0.0163265815426	0.0494196931565	-0.0853021227063	-0.0479826934588	0.0015196137282	-0.0287053517037	0.0010925941207	-0.00171404740318	-0.0253494528328	0.0088415109846	0.0	0.0	0.0	0.0
155	0.225438304788	-0.256231127911	-0.186697849166	0.444568310508	-0.518246964921	0.11290428502	0.0596856377846	0.0437888415117	0.00625184766688	-0.028261218098	-0.0183474481578	0.0054012922947	-0.00297664350572	0.00781562941061	0.0262456642175	0.00292999339086	-0.000910894817722	-0.00561342937571	0.00281849237916	0.00703627480538	0.003869857358	0.00227133949765	-0.00083797636522	0.0	0.0	0.0	0.0
157	0.0106641411146	0.0704638360353	-0.344882460571	-0.235394709291	-0.0152988707617	-0.0641382574196	-0.0539721365219	-0.0143532316531	0.0952196354239	0.0118890859641	-0.0494547952978	0.0262604828969	-0.0382381550585	0.026865778814	0.0777203406673	0.0189621236643	0.0708325554583	0.00940636328108	0.0233110477783	0.0709570642003	0.00646031254268	0.0263128863593	0.0082308368376	0.0	0.0	0.0	0.0
156	0.0143720708272	0.266571322476	-0.00376955184101	-0.142825001457	0.0142783918395	0.159148305323	0.165509024567	0.208728019764	-0.0183062256481	0.0335535638626	-0.0165086970933	0.0259765733215	0.00782055908691	-0.0138303063835	0.00938091658583	0.0163086060629	-0.0449023455841	-0.0279858267707	-0.0122832294552	-0.0106193982948	-0.00403353704383	-0.00998129991721	-0.00240141513606	0.0	0.0	0.0	0.0
158	0.312496744045	-0.165446836037	-0.563775744839	-0.157385421494	0.0121589626441	-0.0949139287411	-0.174292345899	-0.239862466875	-0.0377540502669	-0.0487042397803	0.00184432601579	-0.0118541512818	0.0406449462816	-0.0254837471851	-0.068964307726	-0.0332484661464	-0.0424938539012	-0.0298012839557	-0.00974174704824	-0.0319865724462	-0.0109366195507	-0.0156666084478	-0.00864910001658	0.0	0.0	0.0	0.0
178	-0.0925319689475	0.0303125908705	-0.0283695215412	0.11410830968	0.0021223157537	-0.209181589968	-0.355697872433	0.319904005947	-0.165796758799	0.117871868649	-0.00231964043205	0.00528879044804	-0.0127446929071	-0.0687605454392	0.000499015626419	-0.0147470052347	-0.0140297714428	0.0104226984904	0.0153462135523	-0.0125054863854	0.00740100031138	0.00344513032167	0.00320462322222	0.0	0.0	0.0	0.0
177	-0.181726362939	0.0377955243433	0.038960050133	-0.0182268806457	0.000271581054685	-0.0741695917089	-0.12997194316	0.164673089137	0.0891763583282	-0.258474305343	0.0262116331138	-0.112817360573	-0.00464589724892	0.171127747435	-0.0364272244718	0.0472310740595	0.0244519653272	0.0295260839422	-0.0391515289409	-0.00551810553195	-0.00914924134305	-0.0146694033152	-0.00399073503371	0.0	0.0	0.0	0.0
176	-0.217543043291	0.224990395472	-0.0133578016494	0.102336592666	-0.00173928667768	0.183606472264	-0.092709062199	-0.125137879284	-0.0838577985769	0.0954216981806	0.202632695412	-0.012239942979	0.000740389299153	0.0302500078734	-0.0929424628428	0.085522304656	-0.0326172622571	-0.051238002123	-0.0292016282982	0.0564994905462	-0.018694907546	-0.00650718916079	0.0109903969091	0.0	0.0	0.0	0.0
175	0.351018433788	0.0725196336508	0.3589504574	0.0711655242046	-0.0035326129651	-0.155470710251	-0.154961710528	-0.230153472286	-0.00296944493891	-0.0350348825831	-0.0726710742113	0.0125481973855	-0.0223040160879	-0.000865414462546	0.0803468704354	0.0450685788653	-0.00674576375088	-0.0054422622077	0.000262035108408	0.00251312659904	0.0127171115047	0.0073277282283	-0.00256304990093	0.0	0.0	0.0	0.0
173	0.237576645775	-0.236393643694	-0.192638264447	0.501744138059	0.477119964424	0.119790814674	0.0345334685346	0.0404008245575	0.0688726312801	-0.0036598849763	-0.0146705702177	0.00638076874832	-0.00603765082469	0.00917299770642	0.0294432054284	0.00242586032397	0.0104725284134	-0.00414121507685	0.00391997150759	0.00363393671773	0.00136427054097	0.00363008232852	-0.000180310563963	0.0	0.0	0.0	0.0
171	-0.0594089134243	-0.0904610113183	-0.0297006062112	0.0898942045181	0.0200280594259	-0.465489890881	0.342413092115	-0.0175544240678	-0.0876576280813	0.0672864902493	0.0626682209185	-0.0220819003139	-0.0125785790514	0.0169551250164	-0.0346017849549	0.0423332948786	0.00397042401607	0.0279248541261	-0.0135726506073	0.0325561707236	-0.00907656192377	-0.000388212588678	-0.00894153200295	0.0	0.0	0.0	0.0
170	-0.264575291531	0.149622921492	-0.0281786238764	0.0409840002402	0.0130062047697	0.075928305037	0.0228519529999	-0.0453896125522	-0.111799285019	-0.0273929361246	-0.174059188559	0.195312991427	0.101576143135	0.0279266421162	-0.0990129174094	0.0477092494871	0.0490434751275	0.0840659026354	-0.0238875348209	-0.0119817786199	0.00190728060266	0.000856859369421	-0.00167394821054	0.0	0.0	0.0	0.0
146	-0.0852080891525	-0.468133634386	0.186125702046	-0.147201178777	0.0221645954577	0.0789911152262	0.0220966797206	-0.0225009609135	-0.0444551250758	0.0219155237917	-0.0218195402164	-0.0430991442751	0.022721501755	0.0614317469948	-0.0168531447247	-0.0503013477303	-0.156680634757	0.0958635454666	0.0504350618332	0.00493611747941	-0.0137481805995	0.00982959156419	0.0172444788851	0.0	0.0	0.0	0.0
147	-0.2126134654	-0.312221196417	0.146157875724	-0.151192694036	0.0071676996111	0.107293586318	-0.0681772008582	0.0276649840776	0.00298770082896	0.0412241741318	-0.0416855096614	0.0409362880709	-0.0265471389835	0.00881096833333	0.0212148206513	-0.00949582954747	0.0265284540042	-0.0373949174657	0.0115742614415	0.106313343628	-0.0399401161695	0.0101692425387	-0.0342183384885	0.0	0.0	0.0	0.0
145	-0.10389194291	-0.448027197046	0.178061113832	-0.137502718328	-0.000136892052196	0.0466514329493	0.00856693250738	-0.0221078244367	-0.0342684318755	0.0994947741789	-0.0153751346967	-0.0147010786259	-0.037881385853	0.00170919670637	0.0319723074025	-0.0122584788	0.0744438135916	-0.0384714007691	-0.148038472899	-0.0627411187611	-0.00462035439361	-0.0049112708824	0.010539607108	0.0	0.0	0.0	0.0
148	-0.145494192369	-0.395447911541	0.160421006025	-0.13070393508	0.00237248073271	0.00725744376752	0.0223987944388	0.0257136425587	0.0444610164695	-0.0692628063728	0.101865782918	0.0479628069478	0.040996501604	-0.0734603011456	-0.0433258835069	0.0842255845042	0.0855464751264	-0.0422970332446	0.116550701394	-0.0411050592874	0.0366400061749	-0.0178928888181	0.00411188131257	0.0	0.0	0.0	0.0
168	-0.270469267513	0.147003471265	0.00110624159802	0.0240212927906	0.0126325368788	-0.0443968556542	0.0822269962476	-0.0196940116869	-0.0601384434536	0.0135719546446	-0.143099037109	0.00460449364112	-0.0763481337918	0.108045234453	-0.0185956740364	-0.0772251134598	-0.0320561792782	-0.14605662114	0.0538337908895	-0.0155581971252	0.0222983155432	-0.0276761568272	0.00591267656465	0.0	0.0	0.0	0.0
165	-0.270995347652	0.0764986661582	0.0198897617413	0.00556986157248	0.0179811605822	-0.0304336302348	0.0760330766403	0.0212671547763	-0.00734748712544	-0.253503476859	0.00403013658764	0.0466194667867	-0.0648617306545	-0.16871871292	-0.00575620242336	-0.023909336921	-0.0573287159905	-0.0415110778625	-0.0295106987876	-0.00346367419301	-0.0490367243376	0.0326007308722	0.00973114808416	0.0	0.0	0.0	0.0
166	-0.285246506321	0.153655614685	-0.00708857296766	0.0285506365208	0.0115828285112	0.0973647921295	0.00829871860963	-0.111266344599	-0.0995805676326	-0.0520877514461	0.0483479433339	-0.016225230439	-0.115234509679	-0.0631208393422	0.0944062094479	-0.0459804677431	0.0267788763132	0.104129942693	0.00696848460902	0.0162006122242	0.0222138779727	-0.0635375457965	-0.00313789444085	0.0	0.0	0.0	0.0
167	-0.276391459861	0.0910363413353	0.00981590319088	-0.00717539206602	0.0112545970873	0.0274381884198	0.0441185876243	-0.0114913945178	0.00899330501679	-0.00919737335707	-0.0693064004328	-0.178972562438	0.20307053016	-0.0892896136568	0.0432320679529	0.000587078927788	-0.0223274468159	-0.0258475861345	-0.0315810188515	0.0365411397041	0.0576161069158	-0.000808121153158	-0.0069689924376	0.0	0.0	0.0	0.0
160	0.564237512581	0.138153493848	0.227701675905	-0.00144184844528	-0.00662437084579	0.0283308644628	0.0271536978711	0.0183184258169	0.00731417689861	-0.0117889905358	0.0341715778718	-0.0515326055788	0.0137756976184	-0.0244256704676	-0.133310671296	-0.178790822229	0.101997830505	0.0200550362152	0.00706399211029	0.0319231812127	0.000491523691858	0.00660399612865	0.00367310949039	0.0	0.0	0.0	0.0
161	0.576175299257	0.163129487464	0.268960580303	-0.00921295678013	-0.000171512765861	-0.0109564086457	-0.0146863921736	-0.0314654015532	-0.00727647287714	-0.00838830523434	-0.0298462798119	0.0148208371284	0.00345978798385	0.00793118332054	0.0267279816061	0.0753275590729	-0.0170441537339	-0.0148851298376	0.00164493105641	0.0231966034621	0.00653473118509	0.00325575888283	0.0386843172363	0.0	0.0	0.0	0.0
162	0.611167853167	0.166538561498	0.175628406334	-0.0689948341398	1.48197306699e-05	0.0428690474066	0.02385573426	0.0392782068411	0.0061761112752	0.0116994471069	0.0261217600784	0.0193564364666	0.0122308503046	-0.00165529849113	0.0221871013242	0.0387879093813	-0.0521655189372	-0.00337739615091	0.00411347126303	-0.0480619177825	-0.0220719010831	-0.0124511959752	-0.0488135753556	0.0	0.0	0.0	0.0
163	0.476833677741	0.0180218962287	-0.352702799308	-0.29610577444	0.0166165973093	0.0953390005181	0.126363554264	0.137266080858	-0.0400117355153	0.0173624206199	0.0249596761009	-0.0071131479605	-0.0306630984137	0.00906716812723	0.0344854541776	0.0286954162296	0.00351179313809	0.022045314512	-0.0065282916495	-0.00632988277893	0.0181150986898	0.0030675827624	0.0127563750895	0.0	0.0	0.0	0.0

Biplot	0	0

Site constraints	0	0
