Sample	1	2	3	4	5	6	7	8	9	12	17	22	27	32	37	42	47	52	57	62	67	72	77	82	87	92	97	102	107	112	117	122	127	132	137	142	147	152	157	162	167	172	177	182	187	192	197	202	207	212	217	222	227	232	237	242	247	250
4924-424-MSITS2a_R1	0.0754593175853	0.0	0.0	0.0	0.0	0.0	0.0	0.0	0.0	0.0	0.0	0.0	0.0	0.0	0.0	0.0	0.0	0.0	0.0	0.0	0.0	0.0	0.0	0.0	0.0	0.0	0.0	0.0	0.0	0.0	0.0	0.0	0.0	0.0	0.0	0.0	0.0	0.0	0.0	0.0	0.0	0.0	0.0	0.0	0.0	0.0	0.0	0.0	0.0	0.0	0.0	0.0	0.0	0.0	0.0	0.0	0.0	0.0
4924-424-MSITS2a_R2	0.0	0.00328083989501	0.0	0.00984251968504	0.0	0.00328083989501	0.00984251968504	0.00328083989501	0.0	0.00787401574803	0.011154855643	0.010498687664	0.000656167979003	0.000656167979003	0.0	0.0	0.00196850393701	0.0	0.0	0.0	0.0	0.0	0.0	0.0	0.0	0.0	0.0	0.0	0.0	0.0	0.0	0.0	0.0	0.0	0.0	0.0	0.0	0.0	0.0	0.0	0.0	0.0	0.0	0.0	0.0	0.0	0.0	0.0	0.0	0.0	0.0	0.0	0.00341861641756	0.000687668048879	0.000688041832943	0.000688041832943	0.0	0.0
4924-425-MSITS2a_R1	0.076702241897	0.0	0.0	0.0	0.0	0.0	0.0	0.0	0.0	0.0	0.0	0.0	0.0	0.0	0.0	0.0	0.0	0.0	0.0	0.0	0.0	0.0	0.0	0.0	0.0	0.0	0.0	0.0	0.0	0.0	0.0	0.0	0.0	0.0	0.0	0.0	0.0	0.0	0.0	0.0	0.0	0.0	0.0	0.0	0.0	0.0	0.0	0.0	0.0	0.0	0.0	0.0	0.0	0.0	0.0	0.0	0.0	0.0
4924-425-MSITS2a_R2	0.0	0.00219149262563	0.0	0.0284894041332	0.0	0.00219149262563	0.0197234336306	0.00219149262563	0.00219149262563	0.0153404483794	0.0223532247814	0.0219149262563	0.00131489557538	0.00219149262563	0.000876597050251	0.0	0.00043831965776	0.000438394598979	0.0	0.0	0.00394555139081	0.0	0.00131518379694	0.000438394598979	0.0	0.0	0.000438394598979	0.0	0.000438394598979	0.000438394598979	0.0	0.00131518379694	0.000438394598979	0.0	0.000438394598979	0.00131518379694	0.000438394598979	0.0	0.000438394598979	0.0	0.000438394598979	0.0	0.000876789197957	0.0	0.000878692154597	0.000442438722237	0.00044278155372	0.000885563107441	0.00044278155372	0.0	0.00178284104635	0.00360013320493	0.00991656562287	0.00272126121386	0.00181709981784	0.00455027369896	0.0	0.0
4924-426-MSITS2a_R1	0.0659250103008	0.0	0.0	0.0	0.0	0.0	0.0	0.0	0.0	0.0	0.0	0.0	0.0	0.0	0.0	0.0	0.0	0.0	0.0	0.0	0.0	0.0	0.0	0.0	0.0	0.0	0.0	0.0	0.0	0.0	0.0	0.0	0.0	0.0	0.0	0.0	0.0	0.0	0.0	0.0	0.0	0.0	0.0	0.0	0.0	0.0	0.0	0.0	0.0	0.0	0.0	0.0	0.0	0.0	0.0	0.0	0.0	0.0
4924-426-MSITS2a_R2	0.0	0.0020601565719	0.0	0.0309023485785	0.0	0.0041203131438	0.0144210960033	0.0020601565719	0.0	0.0148331273177	0.0201895344046	0.0181293778327	0.00082406262876	0.00082406262876	0.00041203131438	0.0	0.0020601565719	0.00041203131438	0.00041203131438	0.0	0.00453234445818	0.00082406262876	0.00082406262876	0.00041203131438	0.0	0.0	0.00041203131438	0.0	0.00041203131438	0.00082406262876	0.0	0.00123609394314	0.00041203131438	0.00041203131438	0.00082406262876	0.00164812525752	0.00041203131438	0.0	0.00041203131438	0.0	0.00041203131438	0.0	0.00164812525752	0.0	0.00123797615658	0.00124885001728	0.000833246536819	0.000833260423046	0.000416657986292	0.0	0.000834898768524	0.00167445287252	0.00964275682225	0.00126383371319	0.000843821329272	0.00211509501007	0.0	0.0
4924-427-MSITS2a_R1	0.0640768922707	0.0	0.0	0.0	0.0	0.0	0.0	0.0	0.0	0.0	0.0	0.0	0.0	0.0	0.0	0.0	0.0	0.0	0.0	0.0	0.0	0.0	0.0	0.0	0.0	0.0	0.0	0.0	0.0	0.0	0.0	0.0	0.0	0.0	0.0	0.0	0.0	0.0	0.0	0.0	0.0	0.0	0.0	0.0	0.0	0.0	0.0	0.0	0.0	0.0	0.0	0.0	0.0	0.0	0.0	0.0	0.0	0.0
4924-427-MSITS2a_R2	0.0	0.00800961153384	0.0	0.048057669203	0.0	0.00800961153384	0.0240288346015	0.00800961153384	0.0	0.0264317180617	0.0376451742091	0.0344413295955	0.00560672807369	0.00240288346015	0.00160192230677	0.0	0.00160192230677	0.000800986815757	0.000800993231607	0.0	0.00720893908446	0.00160198646321	0.000800993231607	0.000800993231607	0.0	0.0	0.000800993231607	0.0	0.0	0.000800993231607	0.0	0.00160198646321	0.000800993231607	0.000800993231607	0.00160198646321	0.00160198646321	0.000800993231607	0.000800993231607	0.00160198646321	0.0	0.000800993231607	0.0	0.00240297969482	0.0	0.00080173174056	0.0016295535838	0.00163420054909	0.000817126981533	0.000817126981533	0.0	0.000819833409851	0.0032955987279	0.0140358988755	0.00502062640682	0.00419164186612	0.00503258599431	0.0	0.0
4924-429-MSITS2a_R1	0.0620770997579	0.0	0.0	0.0	0.0	0.0	0.0	0.0	0.0	0.0	0.0	0.0	0.0	0.0	0.0	0.0	0.0	0.0	0.0	0.0	0.0	0.0	0.0	0.0	0.0	0.0	0.0	0.0	0.0	0.0	0.0	0.0	0.0	0.0	0.0	0.0	0.0	0.0	0.0	0.0	0.0	0.0	0.0	0.0	0.0	0.0	0.0	0.0	0.0	0.0	0.0	0.0	0.0	0.0	0.0	0.0	0.0	0.0
4924-429-MSITS2a_R2	0.0	0.00620770997579	0.0	0.0341424048668	0.0	0.00310385498789	0.0186231299274	0.00931156496368	0.00310385498789	0.0167608169346	0.0304177788814	0.0273139238935	0.00186231299274	0.00248308399032	0.000620770997579	0.0	0.00186234767548	0.000620840369524	0.000620848078475	0.0	0.00186254423543	0.00124169615695	0.000620848078475	0.000620848078475	0.0	0.0	0.000620848078475	0.0	0.0	0.000620859642261	0.0	0.00186260205507	0.00062086735169	0.00062086735169	0.00062086735169	0.00124173470338	0.00062086735169	0.0	0.00124173470338	0.0	0.00062086735169	0.0	0.00186260205507	0.0	0.000620921323059	0.00187814589437	0.00125213645783	0.000626076068242	0.000626076068242	0.0	0.000626295649124	0.000702030271545	0.00895642698273	0.00151893735143	0.00152520399603	0.00152527378664	0.0	0.0
4924-430-MSITS2a_R1	0.0655050438884	0.0	0.0	0.0	0.0	0.0	0.0	0.0	0.0	0.0	0.0	0.0	0.0	0.0	0.0	0.0	0.0	0.0	0.0	0.0	0.0	0.0	0.0	0.0	0.0	0.0	0.0	0.0	0.0	0.0	0.0	0.0	0.0	0.0	0.0	0.0	0.0	0.0	0.0	0.0	0.0	0.0	0.0	0.0	0.0	0.0	0.0	0.0	0.0	0.0	0.0	0.0	0.0	0.0	0.0	0.0	0.0	0.0
4924-430-MSITS2a_R2	0.0	0.00327525219442	0.0	0.0360277741386	0.0	0.00655050438884	0.0229267653609	0.00327525219442	0.0	0.0163762609721	0.0294772697498	0.0275121184331	0.000655050438884	0.00196515131665	0.0	0.0	0.00131015237072	0.000655157729223	0.000655157729223	0.0	0.00131031545845	0.00131031545845	0.000655157729223	0.000655157729223	0.0	0.0	0.000655157729223	0.0	0.0	0.000655157729223	0.0	0.00131031545845	0.000655157729223	0.000655157729223	0.000655157729223	0.00131031545845	0.000655157729223	0.000655157729223	0.00131031545845	0.0	0.000655179191509	0.0	0.00196553757453	0.0	0.000655699007927	0.001312077675	0.00131371518655	0.000657929364703	0.000657981313331	0.0	0.000658557627085	0.00222202470891	0.0223638600022	0.00745503680924	0.00372765735374	0.00931966449208	0.0	0.0
4924-431-MSITS2a_R1	0.0455936950433	0.0	0.0	0.0	0.0	0.0	0.0	0.0	0.0	0.0	0.0	0.0	0.0	0.0	0.0	0.0	0.0	0.0	0.0	0.0	0.0	0.0	0.0	0.0	0.0	0.0	0.0	0.0	0.0	0.0	0.0	0.0	0.0	0.0	0.0	0.0	0.0	0.0	0.0	0.0	0.0	0.0	0.0	0.0	0.0	0.0	0.0	0.0	0.0	0.0	0.0	0.0	0.0	0.0	0.0	0.0	0.0	0.0
4924-431-MSITS2a_R2	0.0	0.00651338500619	0.0	0.0390803100371	0.0	0.0130267700124	0.0130267700124	0.0	0.0	0.0143294470136	0.022145509021	0.0234481860223	0.00130267700124	0.0	0.0	0.0	0.00130425709516	0.0	0.0	0.0	0.00524040351107	0.0	0.0	0.0	0.0	0.0	0.0	0.0	0.0	0.0	0.0	0.0	0.0	0.0	0.0	0.0	0.0	0.0	0.0	0.0	0.0	0.0	0.0	0.0	0.0	0.0	0.0	0.0	0.0	0.0	0.00131028970505	0.0	0.00605987153072	0.0015377045147	0.0	0.0	0.0	0.0
4924-432-MSITS2a_R1	0.0512411751309	0.0	0.0	0.0	0.0	0.0	0.0	0.0	0.0	0.0	0.0	0.0	0.0	0.0	0.0	0.0	0.0	0.0	0.0	0.0	0.0	0.0	0.0	0.0	0.0	0.0	0.0	0.0	0.0	0.0	0.0	0.0	0.0	0.0	0.0	0.0	0.0	0.0	0.0	0.0	0.0	0.0	0.0	0.0	0.0	0.0	0.0	0.0	0.0	0.0	0.0	0.0	0.0	0.0	0.0	0.0	0.0	0.0
4924-432-MSITS2a_R2	0.0	0.0	0.0	0.0512411751309	0.0	0.00569346390344	0.0284673195172	0.0	0.0	0.0273286267365	0.0375768617627	0.0409929401048	0.00113869278069	0.00341607834206	0.00227738556138	0.0	0.00113869278069	0.0	0.0	0.0	0.0102482350262	0.0	0.00341607834206	0.00113869278069	0.0	0.0	0.00113869278069	0.0	0.00113869278069	0.00227738556138	0.0	0.00227738556138	0.00113869278069	0.0	0.00227738556138	0.00341607834206	0.0	0.0	0.00113869278069	0.0	0.00227738556138	0.0	0.00341607834206	0.0	0.00227738556138	0.00227738556138	0.00113869278069	0.0	0.00227738556138	0.0	0.00227972187393	0.00500882805945	0.017065294442	0.00262553331145	0.00131276665573	0.00393845507536	0.0	0.0
4924-435-MSITS2a_R1	0.0714229029442	0.0	0.0	0.0	0.0	0.0	0.0	0.0	0.0	0.0	0.0	0.0	0.0	0.0	0.0	0.0	0.0	0.0	0.0	0.0	0.0	0.0	0.0	0.0	0.0	0.0	0.0	0.0	0.0	0.0	0.0	0.0	0.0	0.0	0.0	0.0	0.0	0.0	0.0	0.0	0.0	0.0	0.0	0.0	0.0	0.0	0.0	0.0	0.0	0.0	0.0	0.0	0.0	0.0	0.0	0.0	0.0	0.0
4924-435-MSITS2a_R2	0.0	0.00793587810491	0.0	0.0396793905246	0.0	0.0	0.0158717562098	0.00793587810491	0.0	0.0111102293469	0.0206332830728	0.0190461074518	0.00158717562098	0.00317435124196	0.00158717562098	0.0	0.00158717562098	0.0	0.0	0.0	0.00158717562098	0.0	0.0	0.0	0.0	0.0	0.0	0.0	0.0	0.0	0.0	0.0	0.0	0.0	0.0	0.0	0.0	0.0	0.0	0.0	0.0	0.0	0.0	0.0	0.0	0.0	0.0	0.0	0.0	0.0	0.0	0.0	0.00833917075286	0.00166791760487	0.00168688112549	0.00352162276377	0.0	0.0
4924-437-MSITS2a_R1	0.0533089635214	0.0	0.0	0.0	0.0	0.0	0.0	0.0	0.0	0.0	0.0	0.0	0.0	0.0	0.0	0.0	0.0	0.0	0.0	0.0	0.0	0.0	0.0	0.0	0.0	0.0	0.0	0.0	0.0	0.0	0.0	0.0	0.0	0.0	0.0	0.0	0.0	0.0	0.0	0.0	0.0	0.0	0.0	0.0	0.0	0.0	0.0	0.0	0.0	0.0	0.0	0.0	0.0	0.0	0.0	0.0	0.0	0.0
4924-437-MSITS2a_R2	0.0	0.0	0.0	0.0406163531592	0.0	0.0	0.0152311324347	0.00253852207245	0.0	0.0157388368492	0.0284314472114	0.025892925139	0.00203081765796	0.00101540882898	0.00050770441449	0.0	0.0	0.0	0.0	0.0	0.00558474855939	0.0	0.00101540882898	0.00050770441449	0.0	0.0	0.0	0.0	0.0	0.0	0.0	0.00101540882898	0.0	0.0	0.00101540882898	0.00050770441449	0.0	0.0	0.0	0.0	0.00050770441449	0.0	0.00101540882898	0.0	0.00050770441449	0.00101540882898	0.0	0.0	0.0	0.0	0.00203081765796	0.00152373986713	0.00965300005081	0.000508052634253	0.0	0.00101610526851	0.0	0.0
4924-439-MSITS2a_R1	0.0	0.0	0.0	0.0	0.0	0.0	0.0	0.0	0.0	0.0	0.0	0.0	0.0	0.0	0.0	0.0	0.0	0.0	0.0	0.0	0.0	0.0	0.0	0.0	0.0	0.0	0.0	0.0	0.0	0.0	0.0	0.0	0.0	0.0	0.0	0.0	0.0	0.0	0.0	0.0	0.0	0.0	0.0	0.0	0.0	0.0	0.0	0.0	0.0	0.0	0.0	0.0	0.0	0.0	0.0	0.0	0.0	0.0
4924-439-MSITS2a_R2	0.0	0.0	0.0	0.191938579655	0.0	0.0	0.0	0.0	0.0	0.0	0.0	0.0383877159309	0.0	0.0	0.0	0.0	0.0	0.0	0.0	0.0	0.0	0.0	0.0	0.0	0.0	0.0	0.0	0.0	0.0	0.0	0.0	0.0	0.0	0.0	0.0	0.0	0.0	0.0	0.0	0.0	0.0	0.0	0.0	0.0	0.0	0.0	0.0	0.0	0.0	0.0	0.0	0.0	0.047664442326	0.0	0.0	0.0	0.0	0.0
4924-440-MSITS2a_R1	0.113895216401	0.0	0.0	0.0	0.0	0.0	0.0	0.0	0.0	0.0	0.0	0.0	0.0	0.0	0.0	0.0	0.0	0.0	0.0	0.0	0.0	0.0	0.0	0.0	0.0	0.0	0.0	0.0	0.0	0.0	0.0	0.0	0.0	0.0	0.0	0.0	0.0	0.0	0.0	0.0	0.0	0.0	0.0	0.0	0.0	0.0	0.0	0.0	0.0	0.0	0.0	0.0	0.0	0.0	0.0	0.0	0.0	0.0
4924-440-MSITS2a_R2	0.0	0.00759301442673	0.0	0.0379650721336	0.0	0.0	0.0303720577069	0.00759301442673	0.00759301442673	0.0227790432802	0.0303720577069	0.0318906605923	0.00303720577069	0.00455580865604	0.00303720577069	0.0	0.00151860288535	0.0	0.0	0.0	0.00759301442673	0.0	0.00151860288535	0.0	0.0	0.0	0.0	0.0	0.00151860288535	0.00303720577069	0.0	0.0	0.0	0.0	0.00151860288535	0.00455580865604	0.0	0.00151860288535	0.0	0.0	0.00151860288535	0.0	0.00303720577069	0.0	0.00151915656428	0.00155175891873	0.0	0.0	0.00155183116077	0.0	0.00155183116077	0.00310380681906	0.0155195157911	0.00155195157911	0.00155195157911	0.00310409585448	0.0	0.0
4924-441-MSITS2a_R1	0.0559284116331	0.0	0.0	0.0	0.0	0.0	0.0	0.0	0.0	0.0	0.0	0.0	0.0	0.0	0.0	0.0	0.0	0.0	0.0	0.0	0.0	0.0	0.0	0.0	0.0	0.0	0.0	0.0	0.0	0.0	0.0	0.0	0.0	0.0	0.0	0.0	0.0	0.0	0.0	0.0	0.0	0.0	0.0	0.0	0.0	0.0	0.0	0.0	0.0	0.0	0.0	0.0	0.0	0.0	0.0	0.0	0.0	0.0
4924-441-MSITS2a_R2	0.0	0.0	0.0	0.0279642058166	0.0	0.00699105145414	0.0209731543624	0.0	0.0	0.00978747203579	0.0139821029083	0.0167785234899	0.00139821029083	0.00279642058166	0.00139821029083	0.0	0.00139852315954	0.0	0.0	0.0	0.00559988800224	0.0	0.00139997200056	0.0	0.0	0.0	0.0	0.0	0.0	0.0	0.0	0.00139997200056	0.0	0.0	0.0	0.0	0.0	0.0	0.0	0.0	0.00139997200056	0.0	0.00139997200056	0.0	0.0	0.00149689394506	0.0	0.0	0.0	0.0	0.00149700598802	0.00149700598802	0.00898203592814	0.00149700598802	0.0	0.0	0.0	0.0
4924-831-MSITS2a_R1	0.0689655172414	0.00275862068966	0.00275862068966	0.00275862068966	0.00275862068966	0.00275862068966	0.00275862068966	0.00275862068966	0.00275862068966	0.00275862068966	0.00275862068966	0.00275862068966	0.00275862068966	0.00275862068966	0.000551736314181	0.0	0.0	0.0	0.0	0.0	0.0	0.0	0.0	0.0	0.0	0.0	0.0	0.0	0.0	0.0	0.0	0.0	0.0	0.0	0.0	0.0	0.0	0.0	0.0	0.0	0.0	0.0	0.0	0.0	0.0	0.0	0.0	0.0	0.0	0.0	0.0	0.0	0.0	0.0	0.0	0.0	0.0	0.0
4924-831-MSITS2a_R2	0.00275862068966	0.00275862068966	0.00275862068966	0.0303448275862	0.00275862068966	0.00275862068966	0.00827586206897	0.00275862068966	0.00275862068966	0.0171034482759	0.0226206896552	0.0220689655172	0.00331034482759	0.00386206896552	0.00110347262836	0.0	0.000551794158707	0.0	0.0	0.0	0.00110402693826	0.0	0.0	0.0	0.0	0.0	0.0	0.0	0.0	0.0	0.0	0.0	0.0	0.0	0.0	0.0	0.000552013469129	0.0	0.0	0.0	0.0	0.0	0.0	0.0	0.0	0.0	0.0	0.000555864369094	0.0	0.0	0.000555864369094	0.000555864369094	0.00333945566873	0.00056028372768	0.000565738854945	0.0	0.0	0.0
4924-832-MSITS2a_R1	0.0851490107688	0.0	0.0	0.0	0.0	0.0	0.0	0.0	0.0	0.0	0.0	0.0	0.0	0.0	0.0	0.0	0.0	0.0	0.0	0.0	0.0	0.0	0.0	0.0	0.0	0.0	0.0	0.0	0.0	0.0	0.0	0.0	0.0	0.0	0.0	0.0	0.0	0.0	0.0	0.0	0.0	0.0	0.0	0.0	0.0	0.0	0.0	0.0	0.0	0.0	0.0	0.0	0.0	0.0	0.0	0.0	0.0	0.0
4924-832-MSITS2a_R2	0.0	0.0	0.0	0.0250438266967	0.0	0.0	0.0300525920361	0.0	0.00500876533934	0.0210368144252	0.0300525920361	0.0240420736289	0.00400701227148	0.00100175306787	0.00400701227148	0.0	0.00100175306787	0.0	0.0	0.0	0.00801402454295	0.0	0.00100175306787	0.0	0.0	0.0	0.0	0.0	0.0	0.0	0.0	0.00100175306787	0.0	0.0	0.00100175306787	0.0	0.0	0.0	0.0	0.0	0.00100175306787	0.0	0.0	0.0	0.0	0.00100979501161	0.0	0.0	0.0	0.0	0.00202275600506	0.00404551201011	0.0121369042803	0.00202638351334	0.00304046863757	0.00204842476136	0.0	0.0
4924-833-MSITS2a_R1	0.05466273095	0.0	0.0	0.0	0.0	0.0	0.0	0.0	0.0	0.0	0.0	0.0	0.0	0.0	0.0	0.0	0.0	0.0	0.0	0.0	0.0	0.0	0.0	0.0	0.0	0.0	0.0	0.0	0.0	0.0	0.0	0.0	0.0	0.0	0.0	0.0	0.0	0.0	0.0	0.0	0.0	0.0	0.0	0.0	0.0	0.0	0.0	0.0	0.0	0.0	0.0	0.0	0.0	0.0	0.0	0.0	0.0	0.0
4924-833-MSITS2a_R2	0.0	0.0	0.0	0.03279763857	0.0	0.02186509238	0.04373018476	0.0	0.0	0.019678583142	0.028424620094	0.02186509238	0.002186509238	0.002186509238	0.0	0.0	0.002186509238	0.0	0.0	0.0	0.002186509238	0.0	0.0	0.0	0.0	0.0	0.0	0.0	0.0	0.0	0.0	0.002186509238	0.0	0.0	0.0	0.0	0.0	0.0	0.0	0.0	0.0	0.0	0.0	0.0	0.0	0.0	0.0	0.0	0.0	0.0	0.0	0.0	0.00669702652023	0.0	0.0	0.0	0.0	0.0
4924-834-MSITS2a_R1	0.0459284434851	0.00459284434851	0.00459284434851	0.00459284434851	0.00459284434851	0.00459284434851	0.00459284434851	0.00459284434851	0.00459284434851	0.00459284434851	0.00459284434851	0.00459284434851	0.00459284434851	0.00459284434851	0.000918602621692	0.0	0.0	0.0	0.0	0.0	0.0	0.0	0.0	0.0	0.0	0.0	0.0	0.0	0.0	0.0	0.0	0.0	0.0	0.0	0.0	0.0	0.0	0.0	0.0	0.0	0.0	0.0	0.0	0.0	0.0	0.0	0.0	0.0	0.0	0.0	0.0	0.0	0.0	0.0	0.0	0.0	0.0	0.0
4924-834-MSITS2a_R2	0.00459284434851	0.00459284434851	0.00459284434851	0.0459284434851	0.00459284434851	0.00459284434851	0.036742754788	0.00459284434851	0.00459284434851	0.0339870481789	0.0459284434851	0.0413355991365	0.00642998208791	0.00826711982731	0.00367441048677	0.0	0.00551166636046	0.0	0.0	0.0	0.0101047216608	0.0	0.000918611060077	0.0	0.0	0.0	0.0	0.0	0.0	0.0	0.0	0.000918611060077	0.0	0.0	0.0	0.0	0.000918611060077	0.0	0.0	0.0	0.000918611060077	0.0	0.000918611060077	0.0	0.000918779860345	0.000924453647894	0.0	0.000924769963472	0.0	0.0	0.000924769963472	0.00184959124034	0.0166818038591	0.00186211070248	0.000932444403002	0.00093423019432	0.0	0.0
4924-836-MSITS2a_R1	0.0581108173286	0.0	0.0	0.0	0.0	0.0	0.0	0.0	0.0	0.0	0.0	0.0	0.0	0.0	0.0	0.0	0.0	0.0	0.0	0.0	0.0	0.0	0.0	0.0	0.0	0.0	0.0	0.0	0.0	0.0	0.0	0.0	0.0	0.0	0.0	0.0	0.0	0.0	0.0	0.0	0.0	0.0	0.0	0.0	0.0	0.0	0.0	0.0	0.0	0.0	0.0	0.0	0.0	0.0	0.0	0.0	0.0	0.0
4924-836-MSITS2a_R2	0.0	0.00581108173286	0.0	0.0435831129965	0.0	0.0	0.020338786065	0.00581108173286	0.0	0.0191765697185	0.0313798413575	0.0290554086643	0.00232443269315	0.00116221634657	0.00116221634657	0.0	0.0	0.0	0.0	0.0	0.00697350069735	0.0	0.00116225011623	0.0	0.0	0.0	0.0	0.0	0.0	0.0	0.0	0.000581125058113	0.0	0.0	0.0	0.0	0.0	0.0	0.0	0.0	0.000581125058113	0.0	0.00116225011623	0.0	0.0	0.000581125058113	0.0	0.0	0.0	0.0	0.000581125058113	0.000581125058113	0.0127847512785	0.00232452724927	0.000583907509051	0.00058669952184	0.0	0.0
4924-837-MSITS2a_R1	0.0681101233152	0.00358474333238	0.00358474333238	0.00358474333238	0.00358474333238	0.00358474333238	0.00358474333238	0.00358474333238	0.00358474333238	0.00358474333238	0.00358474333238	0.00358474333238	0.00358474333238	0.00358474333238	0.000716969227681	0.0	0.0	0.0	0.0	0.0	0.0	0.0	0.0	0.0	0.0	0.0	0.0	0.0	0.0	0.0	0.0	0.0	0.0	0.0	0.0	0.0	0.0	0.0	0.0	0.0	0.0	0.0	0.0	0.0	0.0	0.0	0.0	0.0	0.0	0.0	0.0	0.0	0.0	0.0	0.0	0.0	0.0	0.0
4924-837-MSITS2a_R2	0.00358474333238	0.00358474333238	0.00358474333238	0.028677946659	0.00358474333238	0.00358474333238	0.0143389733295	0.00358474333238	0.00358474333238	0.0186406653284	0.0229423573272	0.0229423573272	0.0057355893318	0.0057355893318	0.00215090768304	0.0	0.00286789747267	0.0	0.0	0.0	0.004301846209	0.0	0.000716974368166	0.0	0.0	0.0	0.0	0.0	0.0	0.0	0.0	0.00143394873633	0.0	0.0	0.000716974368166	0.000716974368166	0.0	0.0	0.0	0.0	0.000716974368166	0.0	0.0	0.0	0.0	0.000721110510186	0.0	0.0	0.0	0.0	0.000721110510186	0.00144231462651	0.00723798494499	0.000725541979859	0.000728363948898	0.00146233036968	0.0	0.0
4924-838-MSITS2a_R1	0.0565069981744	0.0	0.0	0.0	0.0	0.0	0.0	0.0	0.0	0.0	0.0	0.0	0.0	0.0	0.0	0.0	0.0	0.0	0.0	0.0	0.0	0.0	0.0	0.0	0.0	0.0	0.0	0.0	0.0	0.0	0.0	0.0	0.0	0.0	0.0	0.0	0.0	0.0	0.0	0.0	0.0	0.0	0.0	0.0	0.0	0.0	0.0	0.0	0.0	0.0	0.0	0.0	0.0	0.0	0.0	0.0	0.0	0.0
4924-838-MSITS2a_R2	0.0	0.0	0.0	0.0130400765018	0.0	0.0	0.0	0.0	0.0	0.00608536903417	0.00608536903417	0.00608536903417	0.0	0.0	0.0	0.0	0.0	0.0	0.0	0.0	0.0017386768669	0.0	0.0	0.0	0.0	0.0	0.0	0.0	0.0	0.0	0.0	0.0	0.0	0.0	0.0	0.0	0.0	0.0	0.0	0.0	0.0	0.0	0.0	0.0	0.0	0.0	0.0	0.0	0.0	0.0	0.0	0.0	0.00434786389447	0.0	0.0	0.0	0.0	0.0
4924-839-MSITS2a_R1	0.0623611490042	0.0	0.0	0.0	0.0	0.0	0.0	0.0	0.0	0.0	0.0	0.0	0.0	0.0	0.0	0.0	0.0	0.0	0.0	0.0	0.0	0.0	0.0	0.0	0.0	0.0	0.0	0.0	0.0	0.0	0.0	0.0	0.0	0.0	0.0	0.0	0.0	0.0	0.0	0.0	0.0	0.0	0.0	0.0	0.0	0.0	0.0	0.0	0.0	0.0	0.0	0.0	0.0	0.0	0.0	0.0	0.0	0.0
4924-839-MSITS2a_R2	0.0	0.0116927154383	0.0	0.0506684335659	0.0	0.00389757181276	0.0272830026893	0.00389757181276	0.0	0.0218264021515	0.0304010601395	0.0342986319523	0.00389757181276	0.00233854308766	0.0015590287251	0.0	0.0015590287251	0.0	0.0	0.0	0.0101336867132	0.0	0.000779514362552	0.0	0.0	0.0	0.0	0.0	0.0	0.000779514362552	0.0	0.0	0.0	0.0	0.000779514362552	0.000779514362552	0.0	0.0	0.0	0.0	0.000779514362552	0.0	0.000779514362552	0.0	0.000781873055091	0.000801102316788	0.0	0.000805282654212	0.0	0.0	0.00161082474227	0.00241988174845	0.014537231465	0.00162507820689	0.00162981917156	0.00253485424588	0.0	0.0
4924-841-MSITS2a_R1	0.0707945324838	0.0	0.0	0.0	0.0	0.0	0.0	0.0	0.0	0.0	0.0	0.0	0.0	0.0	0.0	0.0	0.0	0.0	0.0	0.0	0.0	0.0	0.0	0.0	0.0	0.0	0.0	0.0	0.0	0.0	0.0	0.0	0.0	0.0	0.0	0.0	0.0	0.0	0.0	0.0	0.0	0.0	0.0	0.0	0.0	0.0	0.0	0.0	0.0	0.0	0.0	0.0	0.0	0.0	0.0	0.0	0.0	0.0
4924-841-MSITS2a_R2	0.0	0.00544573326798	0.0	0.0435658661439	0.0	0.0	0.0326743996079	0.00544573326798	0.0	0.0196046397647	0.0359418395687	0.0348526929151	0.00326743996079	0.00435658661439	0.00217829330719	0.0	0.0	0.0	0.0	0.0	0.0108920596885	0.0	0.0021784119377	0.0	0.0	0.0	0.0	0.0	0.0	0.0	0.0	0.00108920596885	0.0	0.0	0.00108920596885	0.0	0.0	0.0	0.0	0.0	0.00108920596885	0.0	0.00108920596885	0.0	0.00109229929001	0.00110669662126	0.0	0.0	0.0	0.0	0.00221587006138	0.00332686443027	0.0233780113105	0.00446932367959	0.00112295201626	0.00565463736811	0.0	0.0
4924-842-MSITS2a_R1	0.0690995465342	0.0	0.0	0.0	0.0	0.0	0.0	0.0	0.0	0.0	0.0	0.0	0.0	0.0	0.0	0.0	0.0	0.0	0.0	0.0	0.0	0.0	0.0	0.0	0.0	0.0	0.0	0.0	0.0	0.0	0.0	0.0	0.0	0.0	0.0	0.0	0.0	0.0	0.0	0.0	0.0	0.0	0.0	0.0	0.0	0.0	0.0	0.0	0.0	0.0	0.0	0.0	0.0	0.0	0.0	0.0	0.0	0.0
4924-842-MSITS2a_R2	0.0	0.0	0.0	0.0475059382423	0.0	0.0	0.0345497732671	0.0	0.0	0.026776074282	0.0380047505938	0.0388684949255	0.00259123299503	0.00345497732671	0.00259123299503	0.0	0.000863744331678	0.0	0.0	0.0	0.0103649319801	0.0	0.0	0.0	0.0	0.0	0.0	0.0	0.000863744331678	0.0	0.0	0.000863744331678	0.0	0.0	0.0	0.000863744331678	0.000863744331678	0.0	0.0	0.0	0.0	0.0	0.0	0.0	0.000872189369756	0.0	0.0	0.000977230528682	0.0	0.0	0.000978406567065	0.000980007840063	0.0176546745655	0.000986835612924	0.0	0.00197728104084	0.0	0.0
4924-843-MSITS2a_R1	0.0445483906894	0.0	0.0	0.0	0.0	0.0	0.0	0.0	0.0	0.0	0.0	0.0	0.0	0.0	0.0	0.0	0.0	0.0	0.0	0.0	0.0	0.0	0.0	0.0	0.0	0.0	0.0	0.0	0.0	0.0	0.0	0.0	0.0	0.0	0.0	0.0	0.0	0.0	0.0	0.0	0.0	0.0	0.0	0.0	0.0	0.0	0.0	0.0	0.0	0.0	0.0	0.0	0.0	0.0	0.0	0.0	0.0	0.0
4924-843-MSITS2a_R2	0.0	0.0	0.0	0.0222741953447	0.0	0.0	0.0111370976723	0.0	0.0	0.0100233879051	0.0167056465085	0.018933066043	0.0	0.0033411293017	0.0	0.0	0.00111370976723	0.0	0.0	0.0	0.0	0.0	0.0	0.0	0.0	0.0	0.0	0.0	0.0	0.0	0.0	0.0	0.0	0.0	0.0	0.0	0.0	0.0	0.0	0.0	0.0	0.0	0.0	0.0	0.0	0.0	0.0	0.0	0.0	0.0	0.0	0.0	0.0022965803918	0.0	0.0	0.00116562343369	0.0	0.0
4924-844-MSITS2a_R1	0.0849279439476	0.00265399824836	0.00265399824836	0.00265399824836	0.00265399824836	0.00265399824836	0.00265399824836	0.00265399824836	0.00265399824836	0.00265399824836	0.00265399824836	0.00265399824836	0.00265399824836	0.00265399824836	0.000530810919842	0.0	0.0	0.0	0.0	0.0	0.0	0.0	0.0	0.0	0.0	0.0	0.0	0.0	0.0	0.0	0.0	0.0	0.0	0.0	0.0	0.0	0.0	0.0	0.0	0.0	0.0	0.0	0.0	0.0	0.0	0.0	0.0	0.0	0.0	0.0	0.0	0.0	0.0	0.0	0.0	0.0	0.0	0.0
4924-844-MSITS2a_R2	0.00265399824836	0.00265399824836	0.00265399824836	0.0504259667189	0.00265399824836	0.00265399824836	0.0318479789803	0.00530799649672	0.00265399824836	0.0244167838849	0.0329095782797	0.0334403779294	0.00530799649672	0.00530799649672	0.00265405459921	0.0	0.00106162747492	0.0	0.0	0.0	0.00477732363714	0.0	0.00106162747492	0.00053081373746	0.0	0.0	0.00053081373746	0.0	0.0	0.00053081373746	0.0	0.00106162747492	0.00053081373746	0.0	0.00106162747492	0.00053081373746	0.0	0.0	0.00053081373746	0.0	0.00053081373746	0.0	0.00106162747492	0.0	0.00053081373746	0.00053081373746	0.00053081373746	0.0	0.00053081373746	0.0	0.00106162747492	0.00212325494984	0.0116860903653	0.00266297400937	0.00106650740156	0.00106877000604	0.0	0.0
5101-1016-MSITS2a_R1	0.0	0.0	0.0	0.0	0.0	0.0	0.0	0.0	0.0	0.0	0.00434661119563	0.00186283336956	0.00372566673911	0.0	0.00372566673911	0.0015523611413	0.00062107943606	0.00186479027325	0.000621619941568	0.0	0.0	0.0	0.0	0.0	0.0	0.0	0.0	0.0	0.0	0.0	0.0	0.0	0.0	0.0	0.0	0.0	0.0	0.0	0.000310809970784	0.0	0.0	0.0	0.0	0.0	0.0	0.0	0.0	0.0	0.0	0.0	0.0	0.0	0.0	0.0	0.0	0.0	0.0	0.0
5101-1016-MSITS2a_R2	0.0	0.0	0.0	0.0	0.0	0.0	0.0	0.0	0.0	0.0	0.0	0.0	0.0	0.0	0.0	0.0	0.0	0.0	0.0	0.0	0.012432012432	0.0	0.0	0.0	0.0	0.0	0.0	0.0	0.0	0.0	0.0	0.0	0.0	0.0	0.0	0.0	0.0	0.0	0.0	0.0	0.0	0.0	0.0	0.0	0.0	0.0	0.0	0.0	0.0	0.0	0.0	0.0	0.0	0.0	0.0	0.0	0.0	0.0
5101-1017-MSITS2a_R1	0.0	0.0	0.0	0.0	0.0	0.0	0.0	0.0	0.00292393386062	0.0	0.00233914708849	0.00116957354425	0.00526308094911	0.0	0.00233914708849	0.00233914708849	0.00146197547975	0.00350891556964	0.000877244283291	0.0	0.0	0.0	0.0	0.0	0.0	0.0	0.0	0.0	0.0	0.0	0.0	0.0	0.0	0.0	0.0	0.0	0.0	0.0	0.0	0.0	0.0	0.0	0.0	0.0	0.0	0.0	0.0	0.0	0.0	0.0	0.0	0.0	0.0	0.0	0.0	0.0	0.0	0.0
5101-1017-MSITS2a_R2	0.00146196693031	0.0	0.0	0.0	0.0	0.0	0.0	0.0	0.0	0.0	0.0	0.0	0.0	0.0	0.0	0.0	0.0	0.0	0.0	0.0	0.0102346662768	0.0	0.0	0.0	0.0	0.0	0.0	0.0	0.0	0.0	0.0	0.0	0.0	0.0	0.0	0.0	0.0	0.0	0.0	0.0	0.0	0.0	0.0	0.0	0.0	0.0	0.0	0.0	0.0	0.0	0.0	0.0	0.0	0.0	0.0	0.0	0.0	0.0
5101-1018-MSITS2a_R1	0.0	0.0	0.0	0.0	0.0	0.0	0.0	0.0	0.00142793905556	0.0	0.00285587811112	0.00114235124445	0.00142793905556	0.0	0.00142793905556	0.00114235124445	0.000856768326988	0.00114238386954	0.00057119193477	0.0	0.0	0.0	0.0	0.0	0.0	0.0	0.0	0.0	0.0	0.0	0.0	0.0	0.0	0.0	0.0	0.0	0.0	0.0	0.000285685717143	0.0	0.0	0.0	0.0	0.0	0.0	0.0	0.0	0.0	0.0	0.0	0.0	0.0	0.0	0.0	0.0	0.0	0.0	0.0
5101-1018-MSITS2a_R2	0.0328425982779	0.0328425982779	0.0328425982779	0.0328425982779	0.0328425982779	0.0328425982779	0.0328425982779	0.0328425982779	0.0328425982779	0.0328425982779	0.0328425982779	0.0328425982779	0.0328425982779	0.0328425982779	0.00657024592716	0.0	0.0	0.0	0.0	0.0	0.0119989715167	0.0	0.0	0.0	0.0	0.0	0.0	0.0	0.0	0.0	0.0	0.0	0.0	0.0	0.0	0.0	0.0	0.0	0.0	0.0	0.0	0.0	0.0	0.0	0.0	0.0	0.0	0.0	0.0	0.0	0.0	0.0	0.0	0.0	0.0	0.0	0.0	0.0
5101-1019-MSITS2a_R1	0.0	0.0	0.0	0.0	0.0	0.0	0.0	0.0	0.0	0.0	0.00266280067458	0.00029586674162	0.00177520044972	0.00029586674162	0.00266280067458	0.0014793337081	0.00118346696648	0.00207106719134	0.00029586674162	0.0	0.0	0.0	0.0	0.0	0.0	0.0	0.0	0.0	0.0	0.0	0.0	0.0	0.0	0.0	0.0	0.0	0.0	0.0	0.0	0.0	0.0	0.0	0.0	0.0	0.0	0.0	0.0	0.0	0.0	0.0	0.0	0.0	0.0	0.0	0.0	0.0	0.0	0.0
5101-1019-MSITS2a_R2	0.0	0.0	0.0	0.0	0.0	0.0	0.0	0.0	0.0	0.0	0.0	0.0	0.0	0.0	0.0	0.0	0.0	0.0	0.0	0.0	0.0106512026983	0.0	0.0	0.0	0.0	0.0	0.0	0.0	0.0	0.0	0.0	0.0	0.0	0.0	0.0	0.0	0.0	0.0	0.0	0.0	0.0	0.0	0.0	0.0	0.0	0.0	0.0	0.0	0.0	0.0	0.0	0.0	0.0	0.0	0.0	0.0	0.0	0.0
5101-1020-MSITS2a_R1	0.0	0.0	0.0	0.0	0.0	0.0	0.0	0.0	0.0	0.0	0.0	0.000711756436947	0.00106763465542	0.0	0.00106763465542	0.0	0.0	0.0	0.0	0.0	0.0	0.0	0.0	0.0	0.0	0.0	0.0	0.0	0.0	0.0	0.0	0.0	0.0	0.0	0.0	0.0	0.0	0.0	0.0	0.0	0.0	0.0	0.0	0.0	0.0	0.0	0.0	0.0	0.0	0.0	0.0	0.0	0.0	0.0	0.0	0.0	0.0	0.0
5101-1020-MSITS2a_R2	0.0	0.0	0.0	0.0	0.0	0.0	0.0	0.0	0.0	0.0	0.0	0.0	0.0	0.0	0.0	0.0	0.0	0.0	0.0	0.0	0.0153027633944	0.0	0.0	0.0	0.0	0.0	0.0	0.0	0.0	0.0	0.0	0.0	0.0	0.0	0.0	0.0	0.0	0.0	0.0	0.0	0.0	0.0	0.0	0.0	0.0	0.0	0.0	0.0	0.0	0.0	0.0	0.0	0.0	0.0	0.0	0.0	0.0	0.0
5101-1024-MSITS2a_R1	0.0	0.0	0.0	0.0	0.0	0.0	0.0	0.0	0.0	0.0	0.00188261872264	0.0	0.00188261872264	0.0	0.000941309361322	0.0	0.0	0.0	0.0	0.0	0.0	0.0	0.0	0.0	0.0	0.0	0.0	0.0	0.0	0.0	0.0	0.0	0.0	0.0	0.0	0.0	0.0	0.0	0.0	0.0	0.0	0.0	0.0	0.0	0.0	0.0	0.0	0.0	0.0	0.0	0.0	0.0	0.0	0.0	0.0	0.0	0.0	0.0
5101-1024-MSITS2a_R2	0.0	0.0	0.0	0.0	0.0	0.0	0.0	0.0	0.0	0.0	0.0	0.0	0.0	0.0	0.0	0.0	0.0	0.0	0.0	0.0	0.00283446712018	0.0	0.0	0.0	0.0	0.0	0.0	0.0	0.0	0.0	0.0	0.0	0.0	0.0	0.0	0.0	0.0	0.0	0.0	0.0	0.0	0.0	0.0	0.0	0.0	0.0	0.0	0.0	0.0	0.0	0.0	0.0	0.0	0.0	0.0	0.0	0.0	0.0
5101-1031-MSITS2a_R1	0.0	0.0	0.0	0.0	0.0	0.0	0.0	0.0	0.00161576991436	0.0	0.0035546938116	0.00161576991436	0.00484730974309	0.0	0.00323153982873	0.00161576991436	0.00129303378051	0.00293694381626	0.000656221802969	0.0	0.0	0.0	0.0	0.0	0.0	0.0	0.0	0.0	0.0	0.0	0.0	0.0	0.0	0.0	0.0	0.0	0.0	0.0	0.0	0.0	0.0	0.0	0.0	0.0	0.0	0.0	0.0	0.0	0.0	0.0	0.0	0.0	0.0	0.0	0.0	0.0	0.0	0.0
5101-1031-MSITS2a_R2	0.00161576991436	0.0	0.0	0.0	0.0	0.0	0.0	0.0	0.0	0.0	0.0	0.0	0.0	0.0	0.0	0.0	0.0	0.0	0.0	0.0	0.0104981710218	0.0	0.0	0.0	0.0	0.0	0.0	0.0	0.0	0.0	0.0	0.0	0.0	0.0	0.0	0.0	0.0	0.0	0.0	0.0	0.0	0.0	0.0	0.0	0.0	0.0	0.0	0.0	0.0	0.0	0.0	0.0	0.0	0.0	0.0	0.0	0.0	0.0
5101-1032-MSITS2a_R1	0.0	0.0	0.0	0.0	0.0	0.0	0.0	0.0	0.0	0.0	0.00242600679282	0.000693144797948	0.00242600679282	0.000346572398974	0.0013862895959	0.000346572398974	0.000346588014293	0.00173328849894	0.000346662506717	0.0	0.0	0.0	0.0	0.0	0.0	0.0	0.0	0.0	0.0	0.0	0.0	0.0	0.0	0.0	0.0	0.0	0.0	0.0	0.0	0.0	0.0	0.0	0.0	0.0	0.0	0.0	0.0	0.0	0.0	0.0	0.0	0.0	0.0	0.0	0.0	0.0	0.0	0.0
5101-1032-MSITS2a_R2	0.0	0.0	0.0	0.0	0.0	0.0	0.0	0.0	0.0	0.0	0.0	0.0	0.0	0.0	0.0	0.0	0.0	0.0	0.0	0.0	0.00797351406632	0.0	0.0	0.0	0.0	0.0	0.0	0.0	0.0	0.0	0.0	0.0	0.0	0.0	0.0	0.0	0.0	0.0	0.0	0.0	0.0	0.0	0.0	0.0	0.0	0.0	0.0	0.0	0.0	0.0	0.0	0.0	0.0	0.0	0.0	0.0	0.0	0.0
5101-1033-MSITS2a_R1	0.0	0.0	0.0	0.0	0.0	0.0	0.0	0.0	0.0	0.0	0.00223535493245	0.000838258099669	0.00279419366556	0.0	0.00139709683278	0.00111767746623	0.000558838733113	0.00139709683278	0.0	0.0	0.0	0.0	0.0	0.0	0.0	0.0	0.0	0.0	0.0	0.0	0.0	0.0	0.0	0.0	0.0	0.0	0.0	0.0	0.0	0.0	0.0	0.0	0.0	0.0	0.0	0.0	0.0	0.0	0.0	0.0	0.0	0.0	0.0	0.0	0.0	0.0	0.0	0.0
5101-1033-MSITS2a_R2	0.0	0.0	0.0	0.0	0.0	0.0	0.0	0.0	0.0	0.0	0.0	0.0	0.0	0.0	0.0	0.0	0.0	0.0	0.0	0.0	0.0103385165626	0.0	0.0	0.0	0.0	0.0	0.0	0.0	0.0	0.0	0.0	0.0	0.0	0.0	0.0	0.0	0.0	0.0	0.0	0.0	0.0	0.0	0.0	0.0	0.0	0.0	0.0	0.0	0.0	0.0	0.0	0.0	0.0	0.0	0.0	0.0	0.0	0.0
5101-1034-MSITS2a_R1	0.0	0.0	0.0	0.0	0.0	0.0	0.0	0.0	0.00146203105354	0.0	0.0038012807392	0.000584812421416	0.00409368694991	0.000292406210708	0.00263165589637	0.000877218632124	0.000584918462366	0.00146340035707	0.000292688637827	0.0	0.0	0.0	0.0	0.0	0.0	0.0	0.0	0.0	0.0	0.0	0.0	0.0	0.0	0.0	0.0	0.0	0.0	0.0	0.0	0.0	0.0	0.0	0.0	0.0	0.0	0.0	0.0	0.0	0.0	0.0	0.0	0.0	0.0	0.0	0.0	0.0	0.0	0.0
5101-1034-MSITS2a_R2	0.0	0.0	0.0	0.0	0.0	0.0	0.0	0.0	0.0	0.0	0.0	0.0	0.0	0.0	0.0	0.0	0.0	0.0	0.0	0.0	0.0108299550703	0.0	0.0	0.0	0.0	0.0	0.0	0.0	0.0	0.0	0.0	0.0	0.0	0.0	0.0	0.0	0.0	0.0	0.0	0.0	0.0	0.0	0.0	0.0	0.0	0.0	0.0	0.0	0.0	0.0	0.0	0.0	0.0	0.0	0.0	0.0	0.0	0.0
5101-1035-MSITS2a_R1	0.0	0.0	0.0	0.0	0.0	0.0	0.0	0.0	0.0	0.0	0.00192471610437	0.000549918886964	0.00274959443482	0.0	0.00219967554786	0.00137479721741	0.000549918886964	0.00192471610437	0.000549918886964	0.0	0.0	0.0	0.0	0.0	0.0	0.0	0.0	0.0	0.0	0.0	0.0	0.0	0.0	0.0	0.0	0.0	0.0	0.0	0.0	0.0	0.0	0.0	0.0	0.0	0.0	0.0	0.0	0.0	0.0	0.0	0.0	0.0	0.0	0.0	0.0	0.0	0.0	0.0
5101-1035-MSITS2a_R2	0.0	0.0	0.0	0.0	0.0	0.0	0.0	0.0	0.0	0.0	0.0	0.0	0.0	0.0	0.0	0.0	0.0	0.0	0.0	0.0	0.00742390497402	0.0	0.0	0.0	0.0	0.0	0.0	0.0	0.0	0.0	0.0	0.0	0.0	0.0	0.0	0.0	0.0	0.0	0.0	0.0	0.0	0.0	0.0	0.0	0.0	0.0	0.0	0.0	0.0	0.0	0.0	0.0	0.0	0.0	0.0	0.0	0.0	0.0
5101-1040-MSITS2a_R1	0.0	0.0	0.0	0.0	0.0	0.0	0.0	0.0	0.0	0.0	0.00445595566324	0.000278497228953	0.00445595566324	0.0	0.00417745843429	0.00111398891581	0.000556994457905	0.00111398891581	0.000278497228953	0.0	0.0	0.0	0.0	0.0	0.0	0.0	0.0	0.0	0.0	0.0	0.0	0.0	0.0	0.0	0.0	0.0	0.0	0.0	0.0	0.0	0.0	0.0	0.0	0.0	0.0	0.0	0.0	0.0	0.0	0.0	0.0	0.0	0.0	0.0	0.0	0.0	0.0	0.0
5101-1040-MSITS2a_R2	0.0	0.0	0.0	0.0	0.0	0.0	0.0	0.0	0.0	0.0	0.0	0.0	0.0	0.0	0.0	0.0	0.0	0.0	0.0	0.0	0.011975380845	0.0	0.0	0.0	0.0	0.0	0.0	0.0	0.0	0.0	0.0	0.0	0.0	0.0	0.0	0.0	0.0	0.0	0.0	0.0	0.0	0.0	0.0	0.0	0.0	0.0	0.0	0.0	0.0	0.0	0.0	0.0	0.0	0.000480145964373	0.0	0.0	0.0	0.0
5101-1138-MSITS2a_R1	0.0	0.0	0.0	0.0	0.0	0.0	0.0	0.0	0.00111009968695	0.0	0.00377433893564	0.00133211962434	0.00421837881042	0.000444039874781	0.00288625918607	0.00199817943651	0.000666059812171	0.00288625918607	0.000444039874781	0.0	0.0	0.0	0.0	0.0	0.0	0.0	0.0	0.0	0.0	0.0	0.0	0.0	0.0	0.0	0.0	0.0	0.0	0.0	0.000444039874781	0.0	0.0	0.0	0.0	0.0	0.0	0.0	0.0	0.0	0.0	0.0	0.0	0.0	0.0	0.0	0.0	0.0	0.0	0.0
5101-1138-MSITS2a_R2	0.0	0.0	0.0	0.0	0.0	0.0	0.0	0.0	0.0	0.0	0.0	0.0	0.0	0.0	0.0	0.0	0.0	0.0	0.0	0.0	0.0106569569947	0.0	0.0	0.0	0.0	0.0	0.0	0.0	0.0	0.0	0.0	0.0	0.0	0.0	0.0	0.0	0.0	0.0	0.0	0.0	0.0	0.0	0.0	0.0	0.0	0.0	0.0	0.0	0.0	0.0	0.0	0.0	0.0	0.0	0.0	0.0	0.0	0.0
5101-1139-MSITS2a_R1	0.0	0.0	0.0	0.0	0.0	0.0	0.0	0.0	0.0	0.0	0.00209907640638	0.0	0.00157430730479	0.0	0.000787153652393	0.0	0.0	0.000524811789372	0.0	0.0	0.0	0.0	0.0	0.0	0.0	0.0	0.0	0.0	0.0	0.0	0.0	0.0	0.0	0.0	0.0	0.0	0.0	0.0	0.000262408648989	0.0	0.0	0.0	0.0	0.0	0.0	0.0	0.0	0.0	0.0	0.0	0.0	0.0	0.0	0.0	0.0	0.0	0.0	0.0
5101-1139-MSITS2a_R2	0.00131192275399	0.0	0.0	0.0	0.0	0.0	0.0	0.0	0.0	0.0	0.0	0.0	0.0	0.0	0.0	0.0	0.0	0.0	0.0	0.0	0.010759036935	0.0	0.0	0.0	0.0	0.0	0.0	0.0	0.0	0.0	0.0	0.0	0.0	0.0	0.0	0.0	0.0	0.0	0.0	0.0	0.0	0.0	0.0	0.0	0.0	0.0	0.0	0.0	0.0	0.0	0.0	0.0	0.0	0.0	0.0	0.0	0.0	0.0
5101-1140-MSITS2a_R1	0.0	0.0	0.0	0.0	0.0	0.0	0.0	0.0	0.0	0.0	0.00330729895438	0.0010176304475	0.00407052179001	0.0	0.00228966850688	0.0010176304475	0.0010176304475	0.00228966850688	0.000508815223751	0.0	0.0	0.0	0.0	0.0	0.0	0.0	0.0	0.0	0.0	0.0	0.0	0.0	0.0	0.0	0.0	0.0	0.0	0.0	0.0	0.0	0.0	0.0	0.0	0.0	0.0	0.0	0.0	0.0	0.0	0.0	0.0	0.0	0.0	0.0	0.0	0.0	0.0	0.0
5101-1140-MSITS2a_R2	0.0	0.0	0.0	0.0	0.0	0.0	0.0	0.0	0.0	0.0	0.0	0.0	0.0	0.0	0.0	0.0	0.0	0.0	0.0	0.0	0.010176304475	0.0	0.0	0.0	0.0	0.0	0.0	0.0	0.0	0.0	0.0	0.0	0.0	0.0	0.0	0.0	0.0	0.0	0.0	0.0	0.0	0.0	0.0	0.0	0.0	0.0	0.0	0.0	0.0	0.0	0.0	0.0	0.0	0.0	0.0	0.0	0.0	0.0
5101-1141-MSITS2a_R1	0.0	0.0	0.0	0.0	0.0	0.0	0.0	0.0	0.0	0.0	0.00181768608561	0.0	0.000908843042807	0.0	0.000908843042807	0.000908843042807	0.0	0.0	0.0	0.0	0.0	0.0	0.0	0.0	0.0	0.0	0.0	0.0	0.0	0.0	0.0	0.0	0.0	0.0	0.0	0.0	0.0	0.0	0.000908843042807	0.0	0.0	0.0	0.0	0.0	0.0	0.0	0.0	0.0	0.0	0.0	0.0	0.0	0.0	0.0	0.0	0.0	0.0	0.0
5101-1141-MSITS2a_R2	0.0	0.0	0.0	0.0	0.0	0.0	0.0	0.0	0.0	0.0	0.0	0.0	0.0	0.0	0.0	0.0	0.0	0.0	0.0	0.0	0.00272652912842	0.0	0.0	0.0	0.0	0.0	0.0	0.0	0.0	0.0	0.0	0.0	0.0	0.0	0.0	0.0	0.0	0.0	0.0	0.0	0.0	0.0	0.0	0.0	0.0	0.0	0.0	0.0	0.0	0.0	0.0	0.0	0.0	0.0	0.0	0.0	0.0	0.0
5101-1142-MSITS2a_R1	0.0	0.0	0.0	0.0	0.0	0.0	0.0	0.0	0.00131980097401	0.0	0.00290356214283	0.000263960194803	0.00211168155842	0.0	0.00211168155842	0.000527920389605	0.0	0.00131980097401	0.000263960194803	0.0	0.0	0.0	0.0	0.0	0.0	0.0	0.0	0.0	0.0	0.0	0.0	0.0	0.0	0.0	0.0	0.0	0.0	0.0	0.0	0.0	0.0	0.0	0.0	0.0	0.0	0.0	0.0	0.0	0.0	0.0	0.0	0.0	0.0	0.0	0.0	0.0	0.0	0.0
5101-1142-MSITS2a_R2	0.0	0.0	0.0	0.0	0.0	0.0	0.0	0.0	0.0	0.0	0.0	0.0	0.0	0.0	0.0	0.0	0.0	0.0	0.0	0.0	0.00871080139373	0.0	0.0	0.0	0.0	0.0	0.0	0.0	0.0	0.0	0.0	0.0	0.0	0.0	0.0	0.0	0.0	0.0	0.0	0.0	0.0	0.0	0.0	0.0	0.0	0.0	0.0	0.0	0.0	0.0	0.0	0.0	0.0	0.0	0.0	0.0	0.0	0.0
5101-1145-MSITS2a_R1	0.0021614144296	0.0021614144296	0.0021614144296	0.0021614144296	0.0021614144296	0.0021614144296	0.0021614144296	0.0021614144296	0.00432282885921	0.0021614144296	0.00518739463105	0.00302598020144	0.00518739463105	0.00259369731552	0.00345832288632	0.00129687668864	0.000864868604837	0.00129901058694	0.0	0.0	0.0	0.0	0.0	0.0	0.0	0.0	0.0	0.0	0.0	0.0	0.0	0.0	0.0	0.0	0.0	0.0	0.0	0.0	0.0	0.0	0.0	0.0	0.0	0.0	0.0	0.0	0.0	0.0	0.0	0.0	0.0	0.0	0.0	0.0	0.0	0.0	0.0	0.0
5101-1145-MSITS2a_R2	0.0021614144296	0.0021614144296	0.0021614144296	0.0021614144296	0.0021614144296	0.0021614144296	0.0021614144296	0.0021614144296	0.0021614144296	0.0021614144296	0.0021614144296	0.0021614144296	0.0021614144296	0.0021614144296	0.00043229036079	0.0	0.0	0.0	0.0	0.0	0.00822724517191	0.0	0.0	0.0	0.0	0.0	0.0	0.0	0.0	0.0	0.0	0.0	0.0	0.0	0.0	0.0	0.0	0.0	0.0	0.0	0.0	0.0	0.0	0.0	0.0	0.0	0.0	0.0	0.0	0.0	0.0	0.0	0.0	0.0	0.0	0.0	0.0	0.0
5101-1153-MSITS2a_R1	0.0	0.0	0.0	0.0	0.0	0.0	0.0	0.0	0.0	0.0	0.00218023255814	0.00109011627907	0.00290697674419	0.000363372093023	0.00181686046512	0.000363372093023	0.000363372093023	0.000726744186047	0.000363372093023	0.0	0.0	0.0	0.0	0.0	0.0	0.0	0.0	0.0	0.0	0.0	0.0	0.0	0.0	0.0	0.0	0.0	0.0	0.0	0.0	0.0	0.0	0.0	0.0	0.0	0.0	0.0	0.0	0.0	0.0	0.0	0.0	0.0	0.0	0.0	0.0	0.0	0.0	0.0
5101-1153-MSITS2a_R2	0.0	0.0	0.0	0.0	0.0	0.0	0.0	0.0	0.0	0.0	0.0	0.0	0.0	0.0	0.0	0.0	0.0	0.0	0.0	0.0	0.0116279069767	0.0	0.0	0.0	0.0	0.0	0.0	0.0	0.0	0.0	0.0	0.0	0.0	0.0	0.0	0.0	0.0	0.0	0.0	0.0	0.0	0.0	0.0	0.0	0.0	0.0	0.0	0.0	0.0	0.0	0.0	0.0	0.0	0.000550524374467	0.0	0.0	0.0	0.0
5101-1154-MSITS2a_R1	0.0	0.0	0.0	0.0	0.0	0.0	0.0	0.0	0.0	0.0	0.00133025895708	0.000886839304718	0.00133025895708	0.0	0.000886839304718	0.0	0.0	0.0	0.0	0.0	0.0	0.0	0.0	0.0	0.0	0.0	0.0	0.0	0.0	0.0	0.0	0.0	0.0	0.0	0.0	0.0	0.0	0.0	0.0	0.0	0.0	0.0	0.0	0.0	0.0	0.0	0.0	0.0	0.0	0.0	0.0	0.0	0.0	0.0	0.0	0.0	0.0	0.0
5101-1154-MSITS2a_R2	0.0	0.0	0.0	0.0	0.0	0.0	0.0	0.0	0.0	0.0	0.0	0.0	0.0	0.0	0.0	0.0	0.0	0.0	0.0	0.0	0.00931181269954	0.0	0.0	0.0	0.0	0.0	0.0	0.0	0.0	0.0	0.0	0.0	0.0	0.0	0.0	0.0	0.0	0.0	0.0	0.0	0.0	0.0	0.0	0.0	0.0	0.0	0.0	0.0	0.0	0.0	0.0	0.0	0.0	0.0	0.0	0.0	0.0	0.0
5101-1155-MSITS2a_R1	0.0	0.0	0.0	0.0	0.0	0.0	0.0	0.0	0.0	0.0	0.00486699986897	0.00187192302653	0.00486699986897	0.0	0.00374384605305	0.00074876921061	0.000374384605305	0.00074876921061	0.0	0.0	0.0	0.0	0.0	0.0	0.0	0.0	0.0	0.0	0.0	0.0	0.0	0.0	0.0	0.0	0.0	0.0	0.0	0.0	0.0	0.0	0.0	0.0	0.0	0.0	0.0	0.0	0.0	0.0	0.0	0.0	0.0	0.0	0.0	0.0	0.0	0.0	0.0	0.0
5101-1155-MSITS2a_R2	0.0	0.0	0.0	0.0	0.0	0.0	0.0	0.0	0.0	0.0	0.0	0.0	0.0	0.0	0.0	0.0	0.0	0.0	0.0	0.0	0.00861084592202	0.0	0.0	0.0	0.0	0.0	0.0	0.0	0.0	0.0	0.0	0.0	0.0	0.0	0.0	0.0	0.0	0.0	0.0	0.0	0.0	0.0	0.0	0.0	0.0	0.0	0.0	0.0	0.0	0.0	0.0	0.0	0.0	0.0	0.0	0.0	0.0	0.0
5101-1156-MSITS2a_R1	0.0	0.0	0.0	0.0	0.0	0.0	0.0	0.0	0.0	0.0	0.00299574978	0.000748937445	0.003744687225	0.0	0.0026212810575	0.000748937445	0.000748937445	0.000748937445	0.0003744687225	0.0	0.0	0.0	0.0	0.0	0.0	0.0	0.0	0.0	0.0	0.0	0.0	0.0	0.0	0.0	0.0	0.0	0.0	0.0	0.0	0.0	0.0	0.0	0.0	0.0	0.0	0.0	0.0	0.0	0.0	0.0	0.0	0.0	0.0	0.0	0.0	0.0	0.0	0.0
5101-1156-MSITS2a_R2	0.0	0.0	0.0	0.0	0.0	0.0	0.0	0.0	0.0	0.0	0.0	0.0	0.0	0.0	0.0	0.0	0.0	0.0	0.0	0.0	0.01198299912	0.0	0.0	0.0	0.0	0.0	0.0	0.0	0.0	0.0	0.0	0.0	0.0	0.0	0.0	0.0	0.0	0.0	0.0	0.0	0.0	0.0	0.0	0.0	0.0	0.0	0.0	0.0	0.0	0.0	0.0	0.0	0.0	0.0	0.0	0.0	0.0	0.0
5101-1157-MSITS2a_R1	0.0	0.0	0.0	0.0	0.0	0.0	0.0	0.0	0.00105242109473	0.0	0.0023153264084	0.000841936875783	0.0023153264084	0.000210484218946	0.00252581062735	0.000210484218946	0.000210484218946	0.000631452656837	0.0	0.0	0.0	0.0	0.0	0.0	0.0	0.0	0.0	0.0	0.0	0.0	0.0	0.0	0.0	0.0	0.0	0.0	0.0	0.0	0.000210484218946	0.0	0.0	0.0	0.0	0.0	0.0	0.0	0.0	0.0	0.0	0.0	0.0	0.0	0.0	0.0	0.0	0.0	0.0	0.0
5101-1157-MSITS2a_R2	0.0	0.0	0.0	0.0	0.0	0.0	0.0	0.0	0.0	0.0	0.0	0.0	0.0	0.0	0.0	0.0	0.0	0.0	0.0	0.0	0.0126290531367	0.0	0.0	0.0	0.0	0.0	0.0	0.0	0.0	0.0	0.0	0.0	0.0	0.0	0.0	0.0	0.0	0.0	0.0	0.0	0.0	0.0	0.0	0.0	0.0	0.0	0.0	0.0	0.0	0.0	0.0	0.0	0.0	0.0	0.000277596568906	0.0	0.0	0.0
5101-1158-MSITS2a_R1	0.00730273487421	0.00730273487421	0.00730273487421	0.00730273487421	0.00730273487421	0.00730273487421	0.00730273487421	0.00730273487421	0.00730273487421	0.00730273487421	0.00876328184905	0.00730273487421	0.00876328184905	0.00730273487421	0.00365158076932	0.00146065364251	0.000730326821253	0.00146394665378	0.0	0.0	0.0	0.0	0.0	0.0	0.0	0.0	0.0	0.0	0.0	0.0	0.0	0.0	0.0	0.0	0.0	0.0	0.0	0.0	0.000733110956343	0.0	0.0	0.0	0.0	0.0	0.0	0.0	0.0	0.0	0.0	0.0	0.0	0.0	0.0	0.0	0.0	0.0	0.0	0.0
5101-1158-MSITS2a_R2	0.00730273487421	0.00730273487421	0.00730273487421	0.00730273487421	0.00730273487421	0.00730273487421	0.00730273487421	0.00730273487421	0.00730273487421	0.00730273487421	0.00730273487421	0.00730273487421	0.00730273487421	0.00730273487421	0.00146063230773	0.0	0.0	0.0	0.0	0.0	0.0109970674487	0.0	0.0	0.0	0.0	0.0	0.0	0.0	0.0	0.0	0.0	0.0	0.0	0.0	0.0	0.0	0.0	0.0	0.0	0.0	0.0	0.0	0.0	0.0	0.0	0.0	0.0	0.0	0.0	0.0	0.0	0.0	0.0	0.0	0.0	0.0	0.0	0.0
5101-1162-MSITS2a_R1	0.0	0.0	0.0	0.0	0.0	0.0	0.0	0.0	0.0	0.0	0.00305194408838	0.000610388817677	0.00427272172374	0.0	0.00244155527071	0.0	0.0	0.00183562582603	0.0	0.0	0.0	0.0	0.0	0.0	0.0	0.0	0.0	0.0	0.0	0.0	0.0	0.0	0.0	0.0	0.0	0.0	0.0	0.0	0.0	0.0	0.0	0.0	0.0	0.0	0.0	0.0	0.0	0.0	0.0	0.0	0.0	0.0	0.0	0.0	0.0	0.0	0.0	0.0
5101-1162-MSITS2a_R2	0.0	0.0	0.0	0.0	0.0	0.0	0.0	0.0	0.0	0.0	0.0	0.0	0.0	0.0	0.0	0.0	0.0	0.0	0.0	0.0	0.0165294315712	0.0	0.0	0.0	0.0	0.0	0.0	0.0	0.0	0.0	0.0	0.0	0.0	0.0	0.0	0.0	0.0	0.0	0.0	0.0	0.0	0.0	0.0	0.0	0.0	0.0	0.0	0.0	0.0	0.0	0.0	0.0	0.0	0.0	0.0	0.0	0.0	0.0
5101-447-MSITS2a_R1	0.0047332796895	0.0047332796895	0.0047332796895	0.0047332796895	0.0047332796895	0.0047332796895	0.0047332796895	0.0047332796895	0.0047332796895	0.0047332796895	0.00804657547214	0.0066265915653	0.0108865432858	0.0047332796895	0.00520680482055	0.00236675186973	0.00142007800962	0.00331376633213	0.000473395190305	0.0	0.0	0.0	0.0	0.0	0.0	0.0	0.0	0.0	0.0	0.0	0.0	0.0	0.0	0.0	0.0	0.0	0.0	0.0	0.000473395190305	0.0	0.0	0.0	0.0	0.0	0.0	0.0	0.0	0.0	0.0	0.0	0.0	0.0	0.0	0.0	0.0	0.0	0.0	0.0
5101-447-MSITS2a_R2	0.00236663984475	0.00236663984475	0.00236663984475	0.00236663984475	0.00236663984475	0.00236663984475	0.00236663984475	0.00236663984475	0.00236663984475	0.00236663984475	0.00236663984475	0.00236663984475	0.00236663984475	0.00236663984475	0.000473336930694	0.0	0.0	0.0	0.0	0.0	0.0104142011834	0.0	0.0	0.0	0.0	0.0	0.0	0.0	0.0	0.0	0.0	0.0	0.0	0.0	0.0	0.0	0.0	0.0	0.0	0.0	0.0	0.0	0.0	0.0	0.0	0.0	0.0	0.0	0.0	0.0	0.0	0.0	0.0	0.0	0.0	0.0	0.0	0.0
5101-449-MSITS2a_R1	0.0	0.0	0.0	0.0	0.0	0.0	0.0	0.0	0.0	0.0	0.00214454214025	0.00107227107013	0.00428908428051	0.0	0.00107227107013	0.0	0.0	0.00107362951193	0.0	0.0	0.0	0.0	0.0	0.0	0.0	0.0	0.0	0.0	0.0	0.0	0.0	0.0	0.0	0.0	0.0	0.0	0.0	0.0	0.0	0.0	0.0	0.0	0.0	0.0	0.0	0.0	0.0	0.0	0.0	0.0	0.0	0.0	0.0	0.0	0.0	0.0	0.0	0.0
5101-449-MSITS2a_R2	0.0	0.0	0.0	0.0	0.0	0.0	0.0	0.0	0.0	0.0	0.0	0.0	0.0	0.0	0.0	0.0	0.0	0.0	0.0	0.0	0.0139634801289	0.0	0.0	0.0	0.0	0.0	0.0	0.0	0.0	0.0	0.0	0.0	0.0	0.0	0.0	0.0	0.0	0.0	0.0	0.0	0.0	0.0	0.0	0.0	0.0	0.0	0.0	0.0	0.0	0.0	0.0	0.0	0.0	0.0	0.0	0.0	0.0	0.0
5101-450-MSITS2a_R1	0.0105224391014	0.0105224391014	0.0105224391014	0.0105224391014	0.0105224391014	0.0105224391014	0.0105224391014	0.0105224391014	0.0105224391014	0.0105224391014	0.0115746830115	0.0115746830115	0.0126269269217	0.0105224391014	0.00315699748493	0.0	0.0	0.0	0.0	0.0	0.0	0.0	0.0	0.0	0.0	0.0	0.0	0.0	0.0	0.0	0.0	0.0	0.0	0.0	0.0	0.0	0.0	0.0	0.0	0.0	0.0	0.0	0.0	0.0	0.0	0.0	0.0	0.0	0.0	0.0	0.0	0.0	0.0	0.0	0.0	0.0	0.0	0.0
5101-450-MSITS2a_R2	0.0157836586521	0.0157836586521	0.0157836586521	0.0157836586521	0.0157836586521	0.0157836586521	0.0157836586521	0.0157836586521	0.0157836586521	0.0157836586521	0.0157836586521	0.0157836586521	0.0157836586521	0.0157836586521	0.00315713037896	0.0	0.0	0.0	0.0	0.0	0.00633312222926	0.0	0.0	0.0	0.0	0.0	0.0	0.0	0.0	0.0	0.0	0.0	0.0	0.0	0.0	0.0	0.0	0.0	0.0	0.0	0.0	0.0	0.0	0.0	0.0	0.0	0.0	0.0	0.0	0.0	0.0	0.0	0.0	0.0	0.0	0.0	0.0	0.0
5101-451-MSITS2a_R1	0.00359492396736	0.00359492396736	0.00359492396736	0.00359492396736	0.00359492396736	0.00359492396736	0.00359492396736	0.00359492396736	0.00718984793472	0.00359492396736	0.00431390876083	0.00467340115757	0.00611137074451	0.00359492396736	0.00251651915071	0.000719010641357	0.0	0.000359518245551	0.0	0.0	0.0	0.0	0.0	0.0	0.0	0.0	0.0	0.0	0.0	0.0	0.0	0.0	0.0	0.0	0.0	0.0	0.0	0.0	0.000361480624639	0.0	0.0	0.0	0.0	0.0	0.0	0.0	0.0	0.0	0.0	0.0	0.0	0.0	0.0	0.0	0.0	0.0	0.0	0.0
5101-451-MSITS2a_R2	0.560808138908	0.560808138908	0.560808138908	0.560808138908	0.560808138908	0.560808138908	0.560808138908	0.560808138908	0.560808138908	0.560808138908	0.560808138908	0.560808138908	0.560808138908	0.560808138908	0.112667104817	0.0	0.0	0.0	0.0	0.0	0.00578536303153	0.0	0.0	0.0	0.0	0.0	0.0	0.0	0.0	0.0	0.0	0.0	0.0	0.0	0.0	0.0	0.0	0.0	0.0	0.0	0.0	0.0	0.0	0.0	0.0	0.0	0.0	0.0	0.0	0.0	0.0	0.0	0.0	0.0	0.0	0.0	0.0	0.0
5101-457-MSITS2a_R1	0.00373789855343	0.00373789855343	0.00373789855343	0.00373789855343	0.00373789855343	0.00373789855343	0.00373789855343	0.00373789855343	0.00373789855343	0.00373789855343	0.00598063768549	0.00598063768549	0.00822337681755	0.00373789855343	0.0052332144646	0.000747607655502	0.000747607655502	0.00149707322185	0.0	0.0	0.0	0.0	0.0	0.0	0.0	0.0	0.0	0.0	0.0	0.0	0.0	0.0	0.0	0.0	0.0	0.0	0.0	0.0	0.0	0.0	0.0	0.0	0.0	0.0	0.0	0.0	0.0	0.0	0.0	0.0	0.0	0.0	0.0	0.0	0.0	0.0	0.0	0.0
5101-457-MSITS2a_R2	0.00373789855343	0.00373789855343	0.00373789855343	0.00373789855343	0.00373789855343	0.00373789855343	0.00373789855343	0.00373789855343	0.00373789855343	0.00373789855343	0.00373789855343	0.00373789855343	0.00373789855343	0.00373789855343	0.000747602066372	0.0	0.0	0.0	0.0	0.0	0.017217501965	0.0	0.0	0.0	0.0	0.0	0.0	0.0	0.0	0.0	0.0	0.0	0.0	0.0	0.0	0.0	0.0	0.0	0.0	0.0	0.0	0.0	0.0	0.0	0.0	0.0	0.0	0.0	0.0	0.0	0.0	0.0	0.0	0.0	0.0	0.0	0.0	0.0
5101-458-MSITS2a_R1	0.0	0.0	0.0	0.0	0.0	0.0	0.0	0.0	0.0	0.0	0.00203231378925	0.0	0.00203231378925	0.0	0.0	0.0	0.0	0.0	0.0	0.0	0.0	0.0	0.0	0.0	0.0	0.0	0.0	0.0	0.0	0.0	0.0	0.0	0.0	0.0	0.0	0.0	0.0	0.0	0.0	0.0	0.0	0.0	0.0	0.0	0.0	0.0	0.0	0.0	0.0	0.0	0.0	0.0	0.0	0.0	0.0	0.0	0.0	0.0
5101-458-MSITS2a_R2	0.0101615689462	0.0101615689462	0.0101615689462	0.0101615689462	0.0101615689462	0.0101615689462	0.0101615689462	0.0101615689462	0.0101615689462	0.0101615689462	0.0101615689462	0.0101615689462	0.0101615689462	0.0101615689462	0.00203247901465	0.0	0.0	0.0	0.0	0.0	0.0122174709835	0.0	0.0	0.0	0.0	0.0	0.0	0.0	0.0	0.0	0.0	0.0	0.0	0.0	0.0	0.0	0.0	0.0	0.0	0.0	0.0	0.0	0.0	0.0	0.0	0.0	0.0	0.0	0.0	0.0	0.0	0.0	0.0	0.0	0.0	0.0	0.0	0.0
5101-757-MSITS2a_R1	0.0	0.0	0.0	0.0	0.0	0.0	0.0	0.0	0.0	0.0	0.00292764533668	0.000836470096194	0.00669176076955	0.0	0.00334588038478	0.00292764533668	0.00209118398655	0.00250946276585	0.0	0.0	0.0	0.0	0.0	0.0	0.0	0.0	0.0	0.0	0.0	0.0	0.0	0.0	0.0	0.0	0.0	0.0	0.0	0.0	0.0	0.0	0.0	0.0	0.0	0.0	0.0	0.0	0.0	0.0	0.0	0.0	0.0	0.0	0.0	0.0	0.0	0.0	0.0	0.0
5101-757-MSITS2a_R2	0.0	0.0	0.0	0.0	0.0	0.0	0.0	0.0	0.0	0.0	0.0	0.0	0.0	0.0	0.0	0.0	0.0	0.0	0.0	0.0	0.0112925824463	0.0	0.0	0.0	0.0	0.0	0.0	0.0	0.0	0.0	0.0	0.0	0.0	0.0	0.0	0.0	0.0	0.0	0.0	0.0	0.0	0.0	0.0	0.0	0.0	0.0	0.0	0.0	0.0	0.0	0.0	0.0	0.0	0.0	0.0	0.0	0.0	0.0
5101-758-MSITS2a_R1	0.0	0.0	0.0	0.0	0.0	0.0	0.0	0.0	0.0	0.0	0.00356963216563	0.000324512015057	0.0045431682108	0.0	0.00292060813552	0.000649024030115	0.000649392817715	0.00130160455301	0.0	0.0	0.0	0.0	0.0	0.0	0.0	0.0	0.0	0.0	0.0	0.0	0.0	0.0	0.0	0.0	0.0	0.0	0.0	0.0	0.000325414904003	0.0	0.0	0.0	0.0	0.0	0.0	0.0	0.0	0.0	0.0	0.0	0.0	0.0	0.0	0.0	0.0	0.0	0.0	0.0
5101-758-MSITS2a_R2	0.0	0.0	0.0	0.0	0.0	0.0	0.0	0.0	0.0	0.0	0.0	0.0	0.0	0.0	0.0	0.0	0.0	0.0	0.0	0.0	0.00748454279206	0.0	0.0	0.0	0.0	0.0	0.0	0.0	0.0	0.0	0.0	0.0	0.0	0.0	0.0	0.0	0.0	0.0	0.0	0.0	0.0	0.0	0.0	0.0	0.0	0.0	0.0	0.0	0.0	0.0	0.0	0.0	0.0	0.0	0.0	0.0	0.0	0.0
5101-759-MSITS2a_R1	0.0	0.0	0.0	0.0	0.0	0.0	0.0	0.0	0.00425142954318	0.0	0.00382628658887	0.00170057181727	0.0046765724975	0.0	0.00510171545182	0.00212571477159	0.00127543970784	0.0034013894676	0.000425179106699	0.0	0.0	0.0	0.0	0.0	0.0	0.0	0.0	0.0	0.0	0.0	0.0	0.0	0.0	0.0	0.0	0.0	0.0	0.0	0.000425179106699	0.0	0.0	0.0	0.0	0.0	0.0	0.0	0.0	0.0	0.0	0.0	0.0	0.0	0.0	0.0	0.0	0.0	0.0	0.0
5101-759-MSITS2a_R2	0.0	0.0	0.0	0.0	0.0	0.0	0.0	0.0	0.0	0.0	0.0	0.0	0.0	0.0	0.0	0.0	0.0	0.0	0.0	0.0	0.00850358213397	0.0	0.0	0.0	0.0	0.0	0.0	0.0	0.0	0.0	0.0	0.0	0.0	0.0	0.0	0.0	0.0	0.0	0.0	0.0	0.0	0.0	0.0	0.0	0.0	0.0	0.0	0.0	0.0	0.0	0.0	0.0	0.0	0.0	0.0	0.0	0.0	0.0
5101-760-MSITS2a_R1	0.0	0.0	0.0	0.0	0.0	0.0	0.0	0.0	0.0	0.0	0.00440856363486	0.000551070454358	0.00330642272615	0.0	0.00275535227179	0.0	0.0	0.000551082601771	0.0	0.0	0.0	0.0	0.0	0.0	0.0	0.0	0.0	0.0	0.0	0.0	0.0	0.0	0.0	0.0	0.0	0.0	0.0	0.0	0.0	0.0	0.0	0.0	0.0	0.0	0.0	0.0	0.0	0.0	0.0	0.0	0.0	0.0	0.0	0.0	0.0	0.0	0.0	0.0
5101-760-MSITS2a_R2	0.00275535227179	0.0	0.0	0.0	0.0	0.0	0.0	0.0	0.0	0.0	0.0	0.0	0.0	0.0	0.0	0.0	0.0	0.0	0.0	0.0	0.0104706271355	0.0	0.0	0.0	0.0	0.0	0.0	0.0	0.0	0.0	0.0	0.0	0.0	0.0	0.0	0.0	0.0	0.0	0.0	0.0	0.0	0.0	0.0	0.0	0.0	0.0	0.0	0.0	0.0	0.0	0.0	0.0	0.0	0.0	0.0	0.0	0.0	0.0
5101-761-MSITS2a_R1	0.0	0.0	0.0	0.0	0.0	0.0	0.0	0.0	0.0	0.0	0.00262700856697	0.00204322888542	0.00437834761161	0.000291889840774	0.00408645777084	0.00145944920387	0.00116756277109	0.00233517325526	0.000583796721981	0.0	0.0	0.0	0.0	0.0	0.0	0.0	0.0	0.0	0.0	0.0	0.0	0.0	0.0	0.0	0.0	0.0	0.0	0.0	0.000291898360991	0.0	0.0	0.0	0.0	0.0	0.0	0.0	0.0	0.0	0.0	0.0	0.0	0.0	0.0	0.0	0.0	0.0	0.0	0.0
5101-761-MSITS2a_R2	0.0	0.0	0.0	0.0	0.0	0.0	0.0	0.0	0.0	0.0	0.0	0.0	0.0	0.0	0.0	0.0	0.0	0.0	0.0	0.0	0.0145949180495	0.0	0.0	0.0	0.0	0.0	0.0	0.0	0.0	0.0	0.0	0.0	0.0	0.0	0.0	0.0	0.0	0.0	0.0	0.0	0.0	0.0	0.0	0.0	0.0	0.0	0.0	0.0	0.0	0.0	0.0	0.0	0.0	0.0	0.0	0.0	0.0	0.0
