	17.0	18.0	19.0	20.0	21.0	22.0	23.0	24.0	25.0	26.0	27.0	28.0	29.0	30.0	31.0	32.0	33.0	34.0	35.0	36.0	37.0
4924-424-MSITS2a_R1	3.0	9.0	32.0	83.0	163.0	327.0	519.0	620.0	652.0	803.0	865.0	1006.0	1087.0	1338.0	1791.0	2158.0	2942.0	3895.0	4984.0	5167.0	2036.0
	12.0	13.0	14.0	15.0	16.0	17.0	18.0	19.0	20.0	21.0	22.0	23.0	24.0	25.0	26.0	27.0	28.0	29.0	30.0	31.0	32.0	33.0	34.0	35.0	36.0	37.0
4924-424-MSITS2a_R2	7.0	36.0	69.0	33.0	32.0	33.0	47.0	76.0	170.0	311.0	422.0	508.0	564.0	664.0	794.0	912.0	1084.0	1433.0	1756.0	2307.0	3119.0	3932.0	4432.0	4417.0	2637.0	685.0
	15.0	16.0	17.0	18.0	19.0	20.0	21.0	22.0	23.0	24.0	25.0	26.0	27.0	28.0	29.0	30.0	31.0	32.0	33.0	34.0	35.0	36.0	37.0
4924-425-MSITS2a_R1	1.0	0.0	1.0	10.0	23.0	48.0	107.0	246.0	443.0	608.0	779.0	861.0	956.0	1193.0	1315.0	1474.0	1847.0	2357.0	3119.0	4603.0	6714.0	10721.0	8205.0
	12.0	13.0	14.0	15.0	16.0	17.0	18.0	19.0	20.0	21.0	22.0	23.0	24.0	25.0	26.0	27.0	28.0	29.0	30.0	31.0	32.0	33.0	34.0	35.0	36.0	37.0
4924-425-MSITS2a_R2	7.0	56.0	61.0	53.0	29.0	50.0	79.0	137.0	254.0	500.0	661.0	846.0	941.0	1114.0	1320.0	1502.0	1729.0	2042.0	2512.0	3337.0	4174.0	5456.0	6650.0	7024.0	4277.0	820.0
	17.0	18.0	19.0	20.0	21.0	22.0	23.0	24.0	25.0	26.0	27.0	28.0	29.0	30.0	31.0	32.0	33.0	34.0	35.0	36.0	37.0
4924-426-MSITS2a_R1	5.0	9.0	33.0	56.0	146.0	316.0	532.0	719.0	883.0	997.0	1140.0	1288.0	1426.0	1691.0	2024.0	2457.0	3277.0	4825.0	7503.0	12061.0	7152.0
	11.0	12.0	13.0	14.0	15.0	16.0	17.0	18.0	19.0	20.0	21.0	22.0	23.0	24.0	25.0	26.0	27.0	28.0	29.0	30.0	31.0	32.0	33.0	34.0	35.0	36.0	37.0
4924-426-MSITS2a_R2	1.0	10.0	57.0	81.0	59.0	48.0	54.0	79.0	134.0	260.0	543.0	748.0	847.0	1081.0	1215.0	1392.0	1561.0	1835.0	2230.0	2692.0	3571.0	4565.0	5966.0	7009.0	7395.0	4446.0	661.0
	16.0	17.0	18.0	19.0	20.0	21.0	22.0	23.0	24.0	25.0	26.0	27.0	28.0	29.0	30.0	31.0	32.0	33.0	34.0	35.0	36.0	37.0
4924-427-MSITS2a_R1	1.0	2.0	8.0	17.0	52.0	130.0	217.0	389.0	461.0	571.0	638.0	754.0	890.0	1047.0	1277.0	1443.0	1867.0	2492.0	3177.0	4002.0	4105.0	1430.0
	11.0	12.0	13.0	14.0	15.0	16.0	17.0	18.0	19.0	20.0	21.0	22.0	23.0	24.0	25.0	26.0	27.0	28.0	29.0	30.0	31.0	32.0	33.0	34.0	35.0	36.0	37.0
4924-427-MSITS2a_R2	1.0	3.0	30.0	33.0	33.0	16.0	16.0	32.0	37.0	83.0	186.0	275.0	315.0	392.0	500.0	642.0	716.0	863.0	1148.0	1436.0	1898.0	2524.0	3222.0	3973.0	3918.0	2232.0	446.0
	18.0	19.0	20.0	21.0	22.0	23.0	24.0	25.0	26.0	27.0	28.0	29.0	30.0	31.0	32.0	33.0	34.0	35.0	36.0	37.0
4924-429-MSITS2a_R1	4.0	8.0	12.0	48.0	123.0	239.0	339.0	426.0	563.0	663.0	741.0	892.0	1068.0	1181.0	1456.0	2019.0	2834.0	4431.0	7285.0	7886.0
	12.0	13.0	14.0	15.0	16.0	17.0	18.0	19.0	20.0	21.0	22.0	23.0	24.0	25.0	26.0	27.0	28.0	29.0	30.0	31.0	32.0	33.0	34.0	35.0	36.0	37.0
4924-429-MSITS2a_R2	3.0	20.0	44.0	34.0	25.0	29.0	36.0	64.0	129.0	281.0	419.0	515.0	633.0	676.0	860.0	914.0	1133.0	1364.0	1602.0	2089.0	2610.0	3219.0	3965.0	4673.0	5007.0	1874.0
	18.0	19.0	20.0	21.0	22.0	23.0	24.0	25.0	26.0	27.0	28.0	29.0	30.0	31.0	32.0	33.0	34.0	35.0	36.0	37.0
4924-430-MSITS2a_R1	4.0	8.0	18.0	51.0	109.0	215.0	323.0	399.0	481.0	567.0	626.0	715.0	776.0	968.0	1104.0	1430.0	1850.0	3004.0	6445.0	11439.0
	13.0	14.0	15.0	16.0	17.0	18.0	19.0	20.0	21.0	22.0	23.0	24.0	25.0	26.0	27.0	28.0	29.0	30.0	31.0	32.0	33.0	34.0	35.0	36.0	37.0
4924-430-MSITS2a_R2	13.0	39.0	23.0	27.0	31.0	20.0	27.0	60.0	121.0	225.0	325.0	411.0	441.0	514.0	639.0	747.0	857.0	998.0	1228.0	1552.0	1936.0	2781.0	4376.0	7664.0	5477.0
	17.0	18.0	19.0	20.0	21.0	22.0	23.0	24.0	25.0	26.0	27.0	28.0	29.0	30.0	31.0	32.0	33.0	34.0	35.0	36.0	37.0
4924-431-MSITS2a_R1	1.0	0.0	7.0	10.0	23.0	59.0	85.0	171.0	217.0	240.0	273.0	394.0	383.0	501.0	610.0	745.0	1033.0	1406.0	2230.0	3610.0	3355.0
	12.0	13.0	14.0	15.0	16.0	17.0	18.0	19.0	20.0	21.0	22.0	23.0	24.0	25.0	26.0	27.0	28.0	29.0	30.0	31.0	32.0	33.0	34.0	35.0	36.0	37.0
4924-431-MSITS2a_R2	1.0	13.0	18.0	14.0	9.0	9.0	24.0	31.0	49.0	122.0	167.0	196.0	265.0	318.0	404.0	468.0	555.0	732.0	846.0	1063.0	1355.0	1684.0	1921.0	2155.0	2136.0	798.0
	17.0	18.0	19.0	20.0	21.0	22.0	23.0	24.0	25.0	26.0	27.0	28.0	29.0	30.0	31.0	32.0	33.0	34.0	35.0	36.0	37.0
4924-432-MSITS2a_R1	1.0	1.0	1.0	12.0	28.0	76.0	125.0	212.0	274.0	289.0	361.0	470.0	509.0	608.0	719.0	929.0	1200.0	1669.0	2607.0	3967.0	3506.0
	12.0	13.0	14.0	15.0	16.0	17.0	18.0	19.0	20.0	21.0	22.0	23.0	24.0	25.0	26.0	27.0	28.0	29.0	30.0	31.0	32.0	33.0	34.0	35.0	36.0	37.0
4924-432-MSITS2a_R2	1.0	8.0	17.0	28.0	13.0	13.0	26.0	57.0	85.0	201.0	269.0	313.0	359.0	378.0	482.0	583.0	702.0	829.0	918.0	1197.0	1536.0	1811.0	2180.0	2412.0	2255.0	891.0
	16.0	17.0	18.0	19.0	20.0	21.0	22.0	23.0	24.0	25.0	26.0	27.0	28.0	29.0	30.0	31.0	32.0	33.0	34.0	35.0	36.0	37.0
4924-435-MSITS2a_R1	1.0	1.0	4.0	12.0	32.0	70.0	128.0	184.0	243.0	260.0	286.0	347.0	408.0	522.0	581.0	686.0	852.0	1117.0	1504.0	1909.0	2271.0	1183.0
	12.0	13.0	14.0	15.0	16.0	17.0	18.0	19.0	20.0	21.0	22.0	23.0	24.0	25.0	26.0	27.0	28.0	29.0	30.0	31.0	32.0	33.0	34.0	35.0	36.0	37.0
4924-435-MSITS2a_R2	1.0	12.0	35.0	16.0	15.0	18.0	18.0	34.0	47.0	114.0	166.0	175.0	228.0	256.0	287.0	353.0	414.0	549.0	653.0	909.0	1223.0	1546.0	1897.0	1896.0	1286.0	453.0
	17.0	18.0	19.0	20.0	21.0	22.0	23.0	24.0	25.0	26.0	27.0	28.0	29.0	30.0	31.0	32.0	33.0	34.0	35.0	36.0	37.0
4924-437-MSITS2a_R1	2.0	6.0	14.0	43.0	96.0	185.0	327.0	458.0	606.0	728.0	892.0	1003.0	1159.0	1350.0	1570.0	2066.0	2803.0	4158.0	6625.0	8971.0	6331.0
	10.0	11.0	12.0	13.0	14.0	15.0	16.0	17.0	18.0	19.0	20.0	21.0	22.0	23.0	24.0	25.0	26.0	27.0	28.0	29.0	30.0	31.0	32.0	33.0	34.0	35.0	36.0	37.0
4924-437-MSITS2a_R2	1.0	0.0	7.0	44.0	38.0	32.0	23.0	35.0	42.0	84.0	188.0	414.0	561.0	707.0	799.0	911.0	1042.0	1157.0	1371.0	1616.0	2033.0	2586.0	3280.0	4344.0	6044.0	6962.0	4658.0	414.0
	20.0	21.0	22.0	23.0	24.0	25.0	26.0	27.0	28.0	29.0	30.0	31.0	32.0	33.0	34.0	35.0	36.0	37.0
4924-439-MSITS2a_R1	1.0	1.0	1.0	1.0	8.0	10.0	11.0	18.0	12.0	12.0	10.0	30.0	22.0	22.0	34.0	66.0	124.0	138.0
	13.0	14.0	15.0	16.0	17.0	18.0	19.0	20.0	21.0	22.0	23.0	24.0	25.0	26.0	27.0	28.0	29.0	30.0	31.0	32.0	33.0	34.0	35.0	36.0	37.0
4924-439-MSITS2a_R2	2.0	6.0	2.0	3.0	0.0	3.0	1.0	0.0	9.0	8.0	8.0	9.0	15.0	11.0	16.0	9.0	26.0	23.0	32.0	42.0	44.0	70.0	93.0	50.0	39.0
	17.0	18.0	19.0	20.0	21.0	22.0	23.0	24.0	25.0	26.0	27.0	28.0	29.0	30.0	31.0	32.0	33.0	34.0	35.0	36.0	37.0
4924-440-MSITS2a_R1	1.0	1.0	2.0	9.0	19.0	75.0	119.0	140.0	201.0	218.0	250.0	285.0	361.0	422.0	501.0	603.0	792.0	1201.0	1823.0	3243.0	2904.0
	12.0	13.0	14.0	15.0	16.0	17.0	18.0	19.0	20.0	21.0	22.0	23.0	24.0	25.0	26.0	27.0	28.0	29.0	30.0	31.0	32.0	33.0	34.0	35.0	36.0	37.0
4924-440-MSITS2a_R2	3.0	10.0	16.0	12.0	8.0	13.0	11.0	22.0	54.0	95.0	174.0	215.0	245.0	285.0	328.0	377.0	438.0	533.0	689.0	834.0	1106.0	1416.0	1868.0	2454.0	1707.0	257.0
	18.0	19.0	20.0	21.0	22.0	23.0	24.0	25.0	26.0	27.0	28.0	29.0	30.0	31.0	32.0	33.0	34.0	35.0	36.0	37.0
4924-441-MSITS2a_R1	1.0	8.0	14.0	34.0	83.0	110.0	196.0	223.0	313.0	347.0	351.0	450.0	495.0	609.0	808.0	1065.0	1477.0	2348.0	3276.0	2096.0
	12.0	13.0	14.0	15.0	16.0	17.0	18.0	19.0	20.0	21.0	22.0	23.0	24.0	25.0	26.0	27.0	28.0	29.0	30.0	31.0	32.0	33.0	34.0	35.0	36.0	37.0
4924-441-MSITS2a_R2	3.0	7.0	16.0	12.0	11.0	11.0	14.0	32.0	35.0	89.0	149.0	191.0	239.0	288.0	357.0	406.0	521.0	689.0	829.0	1058.0	1328.0	1769.0	2260.0	2287.0	1191.0	512.0
	2.0	3.0	4.0	5.0	6.0	7.0	8.0	9.0	10.0	11.0	12.0	13.0	14.0	15.0	16.0	17.0	18.0	19.0	20.0	21.0	22.0	23.0	24.0	25.0	26.0	27.0	28.0	29.0	30.0	31.0	32.0	33.0	34.0	35.0	36.0	37.0
4924-831-MSITS2a_R1	1.0	0.0	0.0	0.0	0.0	0.0	0.0	0.0	0.0	0.0	0.0	0.0	0.0	0.0	1.0	2.0	1.0	8.0	13.0	50.0	111.0	265.0	356.0	476.0	602.0	689.0	813.0	989.0	1150.0	1378.0	1706.0	2254.0	3256.0	5416.0	9430.0	7283.0
	2.0	3.0	4.0	5.0	6.0	7.0	8.0	9.0	10.0	11.0	12.0	13.0	14.0	15.0	16.0	17.0	18.0	19.0	20.0	21.0	22.0	23.0	24.0	25.0	26.0	27.0	28.0	29.0	30.0	31.0	32.0	33.0	34.0	35.0	36.0	37.0
4924-831-MSITS2a_R2	1.0	0.0	0.0	0.0	0.0	0.0	0.0	0.0	0.0	0.0	3.0	24.0	30.0	23.0	22.0	32.0	29.0	44.0	90.0	219.0	337.0	481.0	569.0	676.0	825.0	1014.0	1221.0	1564.0	1988.0	2539.0	3487.0	4680.0	6035.0	6562.0	3341.0	414.0
	17.0	18.0	19.0	20.0	21.0	22.0	23.0	24.0	25.0	26.0	27.0	28.0	29.0	30.0	31.0	32.0	33.0	34.0	35.0	36.0	37.0
4924-832-MSITS2a_R1	1.0	1.0	7.0	20.0	40.0	99.0	163.0	270.0	341.0	357.0	408.0	523.0	582.0	687.0	887.0	1202.0	1544.0	2191.0	3415.0	4805.0	2422.0
	12.0	13.0	14.0	15.0	16.0	17.0	18.0	19.0	20.0	21.0	22.0	23.0	24.0	25.0	26.0	27.0	28.0	29.0	30.0	31.0	32.0	33.0	34.0	35.0	36.0	37.0
4924-832-MSITS2a_R2	2.0	12.0	13.0	20.0	10.0	5.0	28.0	32.0	79.0	144.0	240.0	264.0	359.0	391.0	512.0	604.0	756.0	959.0	1299.0	1770.0	2160.0	2744.0	3245.0	3027.0	1154.0	136.0
	15.0	16.0	17.0	18.0	19.0	20.0	21.0	22.0	23.0	24.0	25.0	26.0	27.0	28.0	29.0	30.0	31.0	32.0	33.0	34.0	35.0	36.0	37.0
4924-833-MSITS2a_R1	1.0	0.0	1.0	4.0	14.0	34.0	51.0	165.0	239.0	236.0	250.0	265.0	317.0	368.0	487.0	561.0	706.0	811.0	996.0	1142.0	1292.0	945.0	262.0
	12.0	13.0	14.0	15.0	16.0	17.0	18.0	19.0	20.0	21.0	22.0	23.0	24.0	25.0	26.0	27.0	28.0	29.0	30.0	31.0	32.0	33.0	34.0	35.0	36.0	37.0
4924-833-MSITS2a_R2	1.0	13.0	13.0	5.0	11.0	9.0	16.0	8.0	22.0	47.0	87.0	117.0	131.0	151.0	186.0	220.0	284.0	358.0	493.0	648.0	925.0	1170.0	1577.0	1614.0	885.0	156.0
	2.0	3.0	4.0	5.0	6.0	7.0	8.0	9.0	10.0	11.0	12.0	13.0	14.0	15.0	16.0	17.0	18.0	19.0	20.0	21.0	22.0	23.0	24.0	25.0	26.0	27.0	28.0	29.0	30.0	31.0	32.0	33.0	34.0	35.0	36.0	37.0
4924-834-MSITS2a_R1	1.0	0.0	0.0	0.0	0.0	0.0	0.0	0.0	0.0	0.0	0.0	0.0	0.0	0.0	0.0	2.0	4.0	7.0	14.0	32.0	85.0	163.0	246.0	340.0	379.0	466.0	531.0	602.0	770.0	823.0	1149.0	1537.0	2288.0	3586.0	5493.0	3255.0
	2.0	3.0	4.0	5.0	6.0	7.0	8.0	9.0	10.0	11.0	12.0	13.0	14.0	15.0	16.0	17.0	18.0	19.0	20.0	21.0	22.0	23.0	24.0	25.0	26.0	27.0	28.0	29.0	30.0	31.0	32.0	33.0	34.0	35.0	36.0	37.0
4924-834-MSITS2a_R2	1.0	0.0	0.0	0.0	0.0	0.0	0.0	0.0	0.0	0.0	1.0	21.0	18.0	13.0	14.0	13.0	11.0	19.0	48.0	111.0	183.0	226.0	292.0	371.0	456.0	590.0	762.0	895.0	1065.0	1589.0	2046.0	2825.0	3704.0	4138.0	2148.0	213.0
	14.0	15.0	16.0	17.0	18.0	19.0	20.0	21.0	22.0	23.0	24.0	25.0	26.0	27.0	28.0	29.0	30.0	31.0	32.0	33.0	34.0	35.0	36.0	37.0
4924-836-MSITS2a_R1	1.0	0.0	1.0	1.0	3.0	7.0	27.0	51.0	106.0	243.0	339.0	474.0	608.0	669.0	724.0	907.0	1055.0	1274.0	1616.0	2203.0	3366.0	5378.0	8872.0	6492.0
	12.0	13.0	14.0	15.0	16.0	17.0	18.0	19.0	20.0	21.0	22.0	23.0	24.0	25.0	26.0	27.0	28.0	29.0	30.0	31.0	32.0	33.0	34.0	35.0	36.0	37.0
4924-836-MSITS2a_R2	3.0	28.0	25.0	36.0	24.0	25.0	29.0	54.0	103.0	214.0	324.0	470.0	610.0	722.0	860.0	942.0	1188.0	1471.0	1777.0	2581.0	3316.0	4476.0	5886.0	6130.0	2953.0	170.0
	2.0	3.0	4.0	5.0	6.0	7.0	8.0	9.0	10.0	11.0	12.0	13.0	14.0	15.0	16.0	17.0	18.0	19.0	20.0	21.0	22.0	23.0	24.0	25.0	26.0	27.0	28.0	29.0	30.0	31.0	32.0	33.0	34.0	35.0	36.0	37.0
4924-837-MSITS2a_R1	1.0	0.0	0.0	0.0	0.0	0.0	0.0	0.0	0.0	0.0	0.0	0.0	1.0	0.0	0.0	0.0	6.0	11.0	17.0	63.0	136.0	239.0	364.0	446.0	507.0	629.0	669.0	734.0	924.0	1067.0	1415.0	1886.0	2687.0	4444.0	7265.0	4385.0
	2.0	3.0	4.0	5.0	6.0	7.0	8.0	9.0	10.0	11.0	12.0	13.0	14.0	15.0	16.0	17.0	18.0	19.0	20.0	21.0	22.0	23.0	24.0	25.0	26.0	27.0	28.0	29.0	30.0	31.0	32.0	33.0	34.0	35.0	36.0	37.0
4924-837-MSITS2a_R2	1.0	0.0	0.0	0.0	0.0	0.0	0.0	0.0	0.0	0.0	1.0	18.0	28.0	19.0	21.0	8.0	19.0	42.0	87.0	212.0	339.0	435.0	452.0	572.0	634.0	739.0	923.0	1151.0	1394.0	1889.0	2681.0	3528.0	4732.0	5037.0	2668.0	266.0
	13.0	14.0	15.0	16.0	17.0	18.0	19.0	20.0	21.0	22.0	23.0	24.0	25.0	26.0	27.0	28.0	29.0	30.0	31.0	32.0	33.0	34.0	35.0	36.0	37.0
4924-838-MSITS2a_R1	1.0	0.0	0.0	0.0	2.0	8.0	18.0	58.0	130.0	313.0	434.0	528.0	574.0	651.0	783.0	970.0	1123.0	1399.0	1800.0	2209.0	2502.0	3015.0	3381.0	2565.0	542.0
	12.0	13.0	14.0	15.0	16.0	17.0	18.0	19.0	20.0	21.0	22.0	23.0	24.0	25.0	26.0	27.0	28.0	29.0	30.0	31.0	32.0	33.0	34.0	35.0	36.0	37.0
4924-838-MSITS2a_R2	1.0	18.0	32.0	23.0	27.0	17.0	16.0	39.0	56.0	158.0	245.0	288.0	365.0	415.0	511.0	592.0	760.0	980.0	1368.0	1932.0	2543.0	3377.0	4131.0	3602.0	1432.0	78.0
	17.0	18.0	19.0	20.0	21.0	22.0	23.0	24.0	25.0	26.0	27.0	28.0	29.0	30.0	31.0	32.0	33.0	34.0	35.0	36.0	37.0
4924-839-MSITS2a_R1	1.0	1.0	5.0	12.0	24.0	104.0	184.0	239.0	338.0	409.0	448.0	550.0	668.0	763.0	941.0	1147.0	1544.0	2345.0	3768.0	6533.0	5633.0
	12.0	13.0	14.0	15.0	16.0	17.0	18.0	19.0	20.0	21.0	22.0	23.0	24.0	25.0	26.0	27.0	28.0	29.0	30.0	31.0	32.0	33.0	34.0	35.0	36.0	37.0
4924-839-MSITS2a_R2	2.0	13.0	25.0	17.0	18.0	18.0	28.0	39.0	92.0	182.0	294.0	385.0	439.0	521.0	618.0	711.0	936.0	1084.0	1415.0	1901.0	2401.0	3280.0	3976.0	4339.0	2295.0	628.0
	15.0	16.0	17.0	18.0	19.0	20.0	21.0	22.0	23.0	24.0	25.0	26.0	27.0	28.0	29.0	30.0	31.0	32.0	33.0	34.0	35.0	36.0	37.0
4924-841-MSITS2a_R1	1.0	1.0	0.0	3.0	10.0	20.0	33.0	96.0	151.0	225.0	310.0	376.0	365.0	457.0	489.0	626.0	700.0	917.0	1185.0	1748.0	2853.0	4663.0	3134.0
	12.0	13.0	14.0	15.0	16.0	17.0	18.0	19.0	20.0	21.0	22.0	23.0	24.0	25.0	26.0	27.0	28.0	29.0	30.0	31.0	32.0	33.0	34.0	35.0	36.0	37.0
4924-841-MSITS2a_R2	3.0	6.0	18.0	13.0	8.0	12.0	24.0	29.0	103.0	148.0	255.0	292.0	361.0	435.0	456.0	612.0	649.0	734.0	1042.0	1378.0	1818.0	2291.0	2981.0	3069.0	1399.0	227.0
	18.0	19.0	20.0	21.0	22.0	23.0	24.0	25.0	26.0	27.0	28.0	29.0	30.0	31.0	32.0	33.0	34.0	35.0	36.0	37.0
4924-842-MSITS2a_R1	4.0	4.0	22.0	52.0	160.0	278.0	335.0	420.0	488.0	540.0	648.0	734.0	902.0	1105.0	1429.0	1919.0	2726.0	3852.0	4821.0	2716.0
	12.0	13.0	14.0	15.0	16.0	17.0	18.0	19.0	20.0	21.0	22.0	23.0	24.0	25.0	26.0	27.0	28.0	29.0	30.0	31.0	32.0	33.0	34.0	35.0	36.0	37.0
4924-842-MSITS2a_R2	1.0	10.0	19.0	18.0	16.0	21.0	17.0	49.0	98.0	206.0	299.0	364.0	386.0	468.0	593.0	696.0	858.0	1153.0	1450.0	1919.0	2358.0	2941.0	3333.0	2967.0	1558.0	1357.0
	17.0	18.0	19.0	20.0	21.0	22.0	23.0	24.0	25.0	26.0	27.0	28.0	29.0	30.0	31.0	32.0	33.0	34.0	35.0	36.0	37.0
4924-843-MSITS2a_R1	1.0	9.0	15.0	49.0	139.0	288.0	413.0	431.0	482.0	576.0	574.0	722.0	893.0	1078.0	1308.0	1614.0	1908.0	2350.0	2630.0	1951.0	527.0
	12.0	13.0	14.0	15.0	16.0	17.0	18.0	19.0	20.0	21.0	22.0	23.0	24.0	25.0	26.0	27.0	28.0	29.0	30.0	31.0	32.0	33.0	34.0	35.0	36.0	37.0
4924-843-MSITS2a_R2	3.0	22.0	22.0	21.0	8.0	6.0	21.0	26.0	57.0	142.0	200.0	208.0	265.0	287.0	338.0	395.0	478.0	652.0	879.0	1215.0	1756.0	2383.0	3247.0	3259.0	1729.0	339.0
	2.0	3.0	4.0	5.0	6.0	7.0	8.0	9.0	10.0	11.0	12.0	13.0	14.0	15.0	16.0	17.0	18.0	19.0	20.0	21.0	22.0	23.0	24.0	25.0	26.0	27.0	28.0	29.0	30.0	31.0	32.0	33.0	34.0	35.0	36.0	37.0
4924-844-MSITS2a_R1	1.0	0.0	0.0	0.0	0.0	0.0	0.0	0.0	0.0	0.0	0.0	0.0	0.0	0.0	0.0	1.0	0.0	9.0	30.0	61.0	157.0	275.0	406.0	530.0	665.0	772.0	876.0	949.0	1253.0	1474.0	1952.0	2546.0	3656.0	5740.0	10052.0	6274.0
	2.0	3.0	4.0	5.0	6.0	7.0	8.0	9.0	10.0	11.0	12.0	13.0	14.0	15.0	16.0	17.0	18.0	19.0	20.0	21.0	22.0	23.0	24.0	25.0	26.0	27.0	28.0	29.0	30.0	31.0	32.0	33.0	34.0	35.0	36.0	37.0
4924-844-MSITS2a_R2	1.0	0.0	0.0	0.0	0.0	0.0	0.0	0.0	0.0	0.0	6.0	20.0	42.0	35.0	20.0	21.0	46.0	53.0	117.0	232.0	424.0	514.0	643.0	773.0	904.0	1093.0	1388.0	1602.0	2165.0	2868.0	3676.0	4895.0	6400.0	6568.0	3041.0	132.0
	18.0	19.0	20.0	21.0	22.0	23.0	24.0	25.0	26.0	27.0	28.0	29.0	30.0	31.0	32.0	33.0	34.0	35.0	36.0	37.0
5101-1016-MSITS2a_R1	1.0	1.0	5.0	10.0	27.0	23.0	80.0	104.0	142.0	194.0	288.0	360.0	509.0	660.0	863.0	1120.0	1672.0	2544.0	4769.0	51046.0
	10.0	11.0	12.0	13.0	14.0	15.0	16.0	17.0	18.0	19.0	20.0	21.0	22.0	23.0	24.0	25.0	26.0	27.0	28.0	29.0	30.0	31.0	32.0	33.0	34.0	35.0	36.0	37.0
5101-1016-MSITS2a_R2	1.0	0.0	2.0	13.0	42.0	87.0	68.0	58.0	62.0	34.0	63.0	95.0	145.0	215.0	246.0	331.0	395.0	469.0	582.0	677.0	823.0	987.0	1298.0	1720.0	2417.0	3962.0	8094.0	41532.0
	16.0	17.0	18.0	19.0	20.0	21.0	22.0	23.0	24.0	25.0	26.0	27.0	28.0	29.0	30.0	31.0	32.0	33.0	34.0	35.0	36.0	37.0
5101-1017-MSITS2a_R1	1.0	0.0	0.0	4.0	8.0	15.0	26.0	51.0	88.0	113.0	151.0	179.0	250.0	340.0	467.0	640.0	810.0	1142.0	1678.0	2571.0	4992.0	54875.0
	12.0	13.0	14.0	15.0	16.0	17.0	18.0	19.0	20.0	21.0	22.0	23.0	24.0	25.0	26.0	27.0	28.0	29.0	30.0	31.0	32.0	33.0	34.0	35.0	36.0	37.0
5101-1017-MSITS2a_R2	2.0	14.0	71.0	93.0	87.0	60.0	67.0	54.0	67.0	79.0	135.0	174.0	222.0	295.0	379.0	413.0	528.0	617.0	758.0	923.0	1223.0	1664.0	2359.0	3854.0	8420.0	45843.0
	19.0	20.0	21.0	22.0	23.0	24.0	25.0	26.0	27.0	28.0	29.0	30.0	31.0	32.0	33.0	34.0	35.0	36.0	37.0
5101-1018-MSITS2a_R1	3.0	12.0	14.0	27.0	58.0	91.0	142.0	202.0	273.0	346.0	484.0	636.0	820.0	1049.0	1327.0	1871.0	2917.0	5470.0	54289.0
	2.0	3.0	4.0	5.0	6.0	7.0	8.0	9.0	10.0	11.0	12.0	13.0	14.0	15.0	16.0	17.0	18.0	19.0	20.0	21.0	22.0	23.0	24.0	25.0	26.0	27.0	28.0	29.0	30.0	31.0	32.0	33.0	34.0	35.0	36.0	37.0
5101-1018-MSITS2a_R2	23.0	0.0	0.0	0.0	0.0	0.0	0.0	0.0	0.0	0.0	3.0	17.0	76.0	115.0	93.0	79.0	80.0	67.0	80.0	115.0	172.0	221.0	277.0	330.0	422.0	539.0	657.0	703.0	871.0	1089.0	1423.0	1869.0	2625.0	4304.0	8871.0	44910.0
	18.0	19.0	20.0	21.0	22.0	23.0	24.0	25.0	26.0	27.0	28.0	29.0	30.0	31.0	32.0	33.0	34.0	35.0	36.0	37.0
5101-1019-MSITS2a_R1	5.0	5.0	16.0	13.0	30.0	61.0	111.0	169.0	227.0	281.0	358.0	437.0	591.0	756.0	1007.0	1382.0	1844.0	2674.0	5251.0	52380.0
	12.0	13.0	14.0	15.0	16.0	17.0	18.0	19.0	20.0	21.0	22.0	23.0	24.0	25.0	26.0	27.0	28.0	29.0	30.0	31.0	32.0	33.0	34.0	35.0	36.0	37.0
5101-1019-MSITS2a_R2	1.0	14.0	87.0	114.0	116.0	106.0	72.0	114.0	106.0	137.0	256.0	358.0	398.0	468.0	587.0	671.0	760.0	871.0	1061.0	1288.0	1711.0	2088.0	3061.0	4898.0	10824.0	37431.0
	16.0	17.0	18.0	19.0	20.0	21.0	22.0	23.0	24.0	25.0	26.0	27.0	28.0	29.0	30.0	31.0	32.0	33.0	34.0	35.0	36.0	37.0
5101-1020-MSITS2a_R1	1.0	0.0	2.0	1.0	10.0	15.0	25.0	42.0	97.0	145.0	188.0	269.0	317.0	396.0	534.0	711.0	932.0	1171.0	1625.0	2400.0	4964.0	42354.0
	12.0	13.0	14.0	15.0	16.0	17.0	18.0	19.0	20.0	21.0	22.0	23.0	24.0	25.0	26.0	27.0	28.0	29.0	30.0	31.0	32.0	33.0	34.0	35.0	36.0	37.0
5101-1020-MSITS2a_R2	2.0	14.0	46.0	75.0	83.0	71.0	72.0	55.0	77.0	73.0	159.0	204.0	251.0	340.0	426.0	413.0	497.0	621.0	694.0	848.0	1165.0	1571.0	2167.0	3778.0	7933.0	34564.0
	19.0	20.0	21.0	22.0	23.0	24.0	25.0	26.0	27.0	28.0	29.0	30.0	31.0	32.0	33.0	34.0	35.0	36.0	37.0
5101-1024-MSITS2a_R1	4.0	5.0	12.0	31.0	75.0	121.0	157.0	213.0	244.0	265.0	345.0	389.0	523.0	597.0	849.0	1113.0	1762.0	3609.0	10933.0
	12.0	13.0	14.0	15.0	16.0	17.0	18.0	19.0	20.0	21.0	22.0	23.0	24.0	25.0	26.0	27.0	28.0	29.0	30.0	31.0	32.0	33.0	34.0	35.0	36.0	37.0
5101-1024-MSITS2a_R2	1.0	7.0	21.0	45.0	42.0	34.0	24.0	27.0	38.0	57.0	100.0	130.0	161.0	204.0	227.0	283.0	335.0	386.0	430.0	581.0	787.0	1054.0	1659.0	2674.0	5295.0	6645.0
	15.0	16.0	17.0	18.0	19.0	20.0	21.0	22.0	23.0	24.0	25.0	26.0	27.0	28.0	29.0	30.0	31.0	32.0	33.0	34.0	35.0	36.0	37.0
5101-1031-MSITS2a_R1	1.0	0.0	0.0	1.0	1.0	14.0	27.0	39.0	86.0	147.0	246.0	290.0	339.0	423.0	522.0	707.0	903.0	1093.0	1437.0	1847.0	2978.0	5575.0	45214.0
	13.0	14.0	15.0	16.0	17.0	18.0	19.0	20.0	21.0	22.0	23.0	24.0	25.0	26.0	27.0	28.0	29.0	30.0	31.0	32.0	33.0	34.0	35.0	36.0	37.0
5101-1031-MSITS2a_R2	4.0	38.0	91.0	134.0	102.0	95.0	83.0	112.0	138.0	247.0	313.0	363.0	443.0	507.0	555.0	615.0	737.0	950.0	1108.0	1443.0	1833.0	2604.0	4094.0	9102.0	36179.0
	16.0	17.0	18.0	19.0	20.0	21.0	22.0	23.0	24.0	25.0	26.0	27.0	28.0	29.0	30.0	31.0	32.0	33.0	34.0	35.0	36.0	37.0
5101-1032-MSITS2a_R1	2.0	2.0	2.0	5.0	13.0	20.0	50.0	115.0	169.0	274.0	327.0	344.0	455.0	591.0	751.0	1001.0	1234.0	1551.0	2239.0	3553.0	7197.0	37813.0
	12.0	13.0	14.0	15.0	16.0	17.0	18.0	19.0	20.0	21.0	22.0	23.0	24.0	25.0	26.0	27.0	28.0	29.0	30.0	31.0	32.0	33.0	34.0	35.0	36.0	37.0
5101-1032-MSITS2a_R2	2.0	6.0	50.0	131.0	163.0	125.0	106.0	95.0	96.0	150.0	223.0	303.0	368.0	393.0	468.0	518.0	619.0	682.0	881.0	1098.0	1471.0	1949.0	2924.0	4731.0	10348.0	29808.0
	18.0	19.0	20.0	21.0	22.0	23.0	24.0	25.0	26.0	27.0	28.0	29.0	30.0	31.0	32.0	33.0	34.0	35.0	36.0	37.0
5101-1033-MSITS2a_R1	3.0	3.0	8.0	24.0	45.0	95.0	182.0	248.0	333.0	393.0	520.0	608.0	845.0	1037.0	1284.0	1639.0	2299.0	3464.0	6534.0	52013.0
	13.0	14.0	15.0	16.0	17.0	18.0	19.0	20.0	21.0	22.0	23.0	24.0	25.0	26.0	27.0	28.0	29.0	30.0	31.0	32.0	33.0	34.0	35.0	36.0	37.0
5101-1033-MSITS2a_R2	5.0	68.0	168.0	215.0	169.0	154.0	131.0	122.0	160.0	250.0	320.0	423.0	523.0	588.0	676.0	800.0	855.0	1080.0	1324.0	1625.0	2198.0	3024.0	4975.0	10347.0	41377.0
	14.0	15.0	16.0	17.0	18.0	19.0	20.0	21.0	22.0	23.0	24.0	25.0	26.0	27.0	28.0	29.0	30.0	31.0	32.0	33.0	34.0	35.0	36.0	37.0
5101-1034-MSITS2a_R1	1.0	0.0	1.0	1.0	0.0	2.0	9.0	11.0	26.0	45.0	95.0	152.0	202.0	247.0	311.0	410.0	593.0	752.0	1058.0	1360.0	1903.0	2863.0	5448.0	52908.0
	12.0	13.0	14.0	15.0	16.0	17.0	18.0	19.0	20.0	21.0	22.0	23.0	24.0	25.0	26.0	27.0	28.0	29.0	30.0	31.0	32.0	33.0	34.0	35.0	36.0	37.0
5101-1034-MSITS2a_R2	1.0	4.0	54.0	118.0	165.0	129.0	97.0	100.0	100.0	137.0	237.0	342.0	378.0	404.0	527.0	625.0	708.0	908.0	1047.0	1248.0	1571.0	2050.0	2893.0	4662.0	9657.0	40236.0
	17.0	18.0	19.0	20.0	21.0	22.0	23.0	24.0	25.0	26.0	27.0	28.0	29.0	30.0	31.0	32.0	33.0	34.0	35.0	36.0	37.0
5101-1035-MSITS2a_R1	3.0	1.0	7.0	6.0	16.0	32.0	55.0	113.0	193.0	228.0	292.0	358.0	433.0	600.0	750.0	1035.0	1404.0	1926.0	3058.0	5800.0	56428.0
	13.0	14.0	15.0	16.0	17.0	18.0	19.0	20.0	21.0	22.0	23.0	24.0	25.0	26.0	27.0	28.0	29.0	30.0	31.0	32.0	33.0	34.0	35.0	36.0	37.0
5101-1035-MSITS2a_R2	11.0	79.0	220.0	231.0	165.0	137.0	112.0	138.0	173.0	255.0	341.0	396.0	521.0	544.0	628.0	716.0	852.0	989.0	1227.0	1704.0	2151.0	3029.0	4978.0	10480.0	42661.0
	19.0	20.0	21.0	22.0	23.0	24.0	25.0	26.0	27.0	28.0	29.0	30.0	31.0	32.0	33.0	34.0	35.0	36.0	37.0
5101-1040-MSITS2a_R1	3.0	4.0	17.0	36.0	77.0	141.0	234.0	284.0	381.0	490.0	623.0	879.0	1053.0	1280.0	1678.0	2378.0	3465.0	6640.0	52151.0
	13.0	14.0	15.0	16.0	17.0	18.0	19.0	20.0	21.0	22.0	23.0	24.0	25.0	26.0	27.0	28.0	29.0	30.0	31.0	32.0	33.0	34.0	35.0	36.0	37.0
5101-1040-MSITS2a_R2	1.0	31.0	138.0	179.0	155.0	117.0	92.0	96.0	150.0	215.0	351.0	411.0	503.0	604.0	689.0	860.0	911.0	1169.0	1461.0	1816.0	2418.0	3435.0	5180.0	11046.0	39786.0
	17.0	18.0	19.0	20.0	21.0	22.0	23.0	24.0	25.0	26.0	27.0	28.0	29.0	30.0	31.0	32.0	33.0	34.0	35.0	36.0	37.0
5101-1138-MSITS2a_R1	2.0	0.0	3.0	11.0	20.0	40.0	100.0	173.0	282.0	399.0	508.0	658.0	792.0	1032.0	1277.0	1547.0	2140.0	2826.0	4232.0	8018.0	66022.0
	13.0	14.0	15.0	16.0	17.0	18.0	19.0	20.0	21.0	22.0	23.0	24.0	25.0	26.0	27.0	28.0	29.0	30.0	31.0	32.0	33.0	34.0	35.0	36.0	37.0
5101-1138-MSITS2a_R2	4.0	73.0	218.0	265.0	185.0	166.0	146.0	157.0	212.0	351.0	498.0	546.0	665.0	765.0	902.0	1094.0	1225.0	1370.0	1767.0	2128.0	2803.0	4057.0	6427.0	13613.0	50445.0
	14.0	15.0	16.0	17.0	18.0	19.0	20.0	21.0	22.0	23.0	24.0	25.0	26.0	27.0	28.0	29.0	30.0	31.0	32.0	33.0	34.0	35.0	36.0	37.0
5101-1139-MSITS2a_R1	1.0	0.0	0.0	0.0	2.0	9.0	14.0	21.0	40.0	107.0	164.0	213.0	304.0	378.0	489.0	582.0	831.0	1071.0	1272.0	1723.0	2472.0	3802.0	7431.0	55298.0
	12.0	13.0	14.0	15.0	16.0	17.0	18.0	19.0	20.0	21.0	22.0	23.0	24.0	25.0	26.0	27.0	28.0	29.0	30.0	31.0	32.0	33.0	34.0	35.0	36.0	37.0
5101-1139-MSITS2a_R2	2.0	6.0	71.0	135.0	179.0	135.0	114.0	120.0	127.0	149.0	306.0	348.0	425.0	426.0	566.0	628.0	744.0	845.0	1027.0	1312.0	1627.0	2179.0	3094.0	5077.0	11136.0	45446.0
	17.0	18.0	19.0	20.0	21.0	22.0	23.0	24.0	25.0	26.0	27.0	28.0	29.0	30.0	31.0	32.0	33.0	34.0	35.0	36.0	37.0
5101-1140-MSITS2a_R1	1.0	3.0	4.0	11.0	26.0	77.0	143.0	218.0	333.0	394.0	497.0	607.0	718.0	917.0	1129.0	1413.0	1721.0	2378.0	3648.0	6902.0	57474.0
	12.0	13.0	14.0	15.0	16.0	17.0	18.0	19.0	20.0	21.0	22.0	23.0	24.0	25.0	26.0	27.0	28.0	29.0	30.0	31.0	32.0	33.0	34.0	35.0	36.0	37.0
5101-1140-MSITS2a_R2	5.0	25.0	109.0	185.0	151.0	135.0	103.0	114.0	135.0	208.0	346.0	440.0	462.0	537.0	594.0	710.0	781.0	867.0	1096.0	1259.0	1659.0	2159.0	2952.0	4693.0	9896.0	48993.0
	18.0	19.0	20.0	21.0	22.0	23.0	24.0	25.0	26.0	27.0	28.0	29.0	30.0	31.0	32.0	33.0	34.0	35.0	36.0	37.0
5101-1141-MSITS2a_R1	7.0	10.0	22.0	58.0	122.0	223.0	316.0	348.0	382.0	412.0	473.0	627.0	763.0	988.0	1263.0	1702.0	2104.0	3031.0	4226.0	4929.0
	12.0	13.0	14.0	15.0	16.0	17.0	18.0	19.0	20.0	21.0	22.0	23.0	24.0	25.0	26.0	27.0	28.0	29.0	30.0	31.0	32.0	33.0	34.0	35.0	36.0	37.0
5101-1141-MSITS2a_R2	8.0	38.0	124.0	150.0	139.0	134.0	105.0	103.0	73.0	57.0	98.0	115.0	109.0	119.0	158.0	192.0	207.0	239.0	286.0	361.0	516.0	674.0	985.0	1705.0	4062.0	11249.0
	18.0	19.0	20.0	21.0	22.0	23.0	24.0	25.0	26.0	27.0	28.0	29.0	30.0	31.0	32.0	33.0	34.0	35.0	36.0	37.0
5101-1142-MSITS2a_R1	1.0	6.0	10.0	31.0	57.0	130.0	245.0	358.0	426.0	537.0	646.0	752.0	979.0	1134.0	1465.0	1829.0	2553.0	3623.0	6726.0	54261.0
	11.0	12.0	13.0	14.0	15.0	16.0	17.0	18.0	19.0	20.0	21.0	22.0	23.0	24.0	25.0	26.0	27.0	28.0	29.0	30.0	31.0	32.0	33.0	34.0	35.0	36.0	37.0
5101-1142-MSITS2a_R2	2.0	6.0	26.0	136.0	226.0	190.0	138.0	143.0	142.0	143.0	233.0	368.0	481.0	544.0	629.0	719.0	810.0	981.0	1122.0	1264.0	1466.0	1874.0	2420.0	3331.0	5270.0	10829.0	42276.0
	2.0	3.0	4.0	5.0	6.0	7.0	8.0	9.0	10.0	11.0	12.0	13.0	14.0	15.0	16.0	17.0	18.0	19.0	20.0	21.0	22.0	23.0	24.0	25.0	26.0	27.0	28.0	29.0	30.0	31.0	32.0	33.0	34.0	35.0	36.0	37.0
5101-1145-MSITS2a_R1	1.0	0.0	0.0	0.0	0.0	0.0	0.0	0.0	0.0	0.0	0.0	0.0	0.0	0.0	0.0	0.0	0.0	2.0	6.0	14.0	27.0	36.0	74.0	134.0	168.0	216.0	242.0	324.0	414.0	540.0	676.0	904.0	1304.0	2036.0	3708.0	35440.0
	2.0	3.0	4.0	5.0	6.0	7.0	8.0	9.0	10.0	11.0	12.0	13.0	14.0	15.0	16.0	17.0	18.0	19.0	20.0	21.0	22.0	23.0	24.0	25.0	26.0	27.0	28.0	29.0	30.0	31.0	32.0	33.0	34.0	35.0	36.0	37.0
5101-1145-MSITS2a_R2	1.0	0.0	0.0	0.0	0.0	0.0	0.0	0.0	0.0	0.0	2.0	11.0	55.0	76.0	68.0	65.0	77.0	56.0	81.0	81.0	174.0	227.0	244.0	307.0	354.0	409.0	458.0	583.0	669.0	770.0	1013.0	1372.0	1881.0	3007.0	6244.0	27981.0
	17.0	18.0	19.0	20.0	21.0	22.0	23.0	24.0	25.0	26.0	27.0	28.0	29.0	30.0	31.0	32.0	33.0	34.0	35.0	36.0	37.0
5101-1153-MSITS2a_R1	1.0	0.0	5.0	15.0	26.0	54.0	117.0	191.0	320.0	437.0	506.0	602.0	727.0	892.0	1045.0	1260.0	1592.0	2246.0	3279.0	6296.0	35429.0
	12.0	13.0	14.0	15.0	16.0	17.0	18.0	19.0	20.0	21.0	22.0	23.0	24.0	25.0	26.0	27.0	28.0	29.0	30.0	31.0	32.0	33.0	34.0	35.0	36.0	37.0
5101-1153-MSITS2a_R2	9.0	42.0	102.0	154.0	125.0	103.0	95.0	86.0	90.0	140.0	211.0	300.0	322.0	401.0	488.0	581.0	706.0	789.0	911.0	1114.0	1314.0	1779.0	2474.0	4068.0	8429.0	30207.0
	19.0	20.0	21.0	22.0	23.0	24.0	25.0	26.0	27.0	28.0	29.0	30.0	31.0	32.0	33.0	34.0	35.0	36.0	37.0
5101-1154-MSITS2a_R1	1.0	9.0	33.0	47.0	167.0	306.0	380.0	442.0	446.0	567.0	705.0	804.0	1080.0	1328.0	1682.0	2413.0	3648.0	7059.0	23987.0
	13.0	14.0	15.0	16.0	17.0	18.0	19.0	20.0	21.0	22.0	23.0	24.0	25.0	26.0	27.0	28.0	29.0	30.0	31.0	32.0	33.0	34.0	35.0	36.0	37.0
5101-1154-MSITS2a_R2	3.0	40.0	105.0	118.0	68.0	63.0	62.0	61.0	76.0	112.0	158.0	191.0	257.0	325.0	349.0	425.0	491.0	665.0	794.0	1047.0	1351.0	1955.0	3331.0	6920.0	26137.0
	18.0	19.0	20.0	21.0	22.0	23.0	24.0	25.0	26.0	27.0	28.0	29.0	30.0	31.0	32.0	33.0	34.0	35.0	36.0	37.0
5101-1155-MSITS2a_R1	2.0	2.0	14.0	26.0	51.0	103.0	201.0	288.0	375.0	416.0	512.0	609.0	765.0	968.0	1170.0	1479.0	1876.0	2772.0	5184.0	36608.0
	12.0	13.0	14.0	15.0	16.0	17.0	18.0	19.0	20.0	21.0	22.0	23.0	24.0	25.0	26.0	27.0	28.0	29.0	30.0	31.0	32.0	33.0	34.0	35.0	36.0	37.0
5101-1155-MSITS2a_R2	16.0	34.0	120.0	152.0	96.0	98.0	86.0	99.0	93.0	117.0	184.0	251.0	348.0	388.0	461.0	523.0	644.0	797.0	852.0	1129.0	1378.0	1751.0	2436.0	3892.0	8043.0	29433.0
	16.0	17.0	18.0	19.0	20.0	21.0	22.0	23.0	24.0	25.0	26.0	27.0	28.0	29.0	30.0	31.0	32.0	33.0	34.0	35.0	36.0	37.0
5101-1156-MSITS2a_R1	1.0	0.0	2.0	5.0	13.0	30.0	54.0	129.0	222.0	317.0	435.0	506.0	661.0	748.0	861.0	1126.0	1348.0	1840.0	2417.0	3740.0	7240.0	31714.0
	12.0	13.0	14.0	15.0	16.0	17.0	18.0	19.0	20.0	21.0	22.0	23.0	24.0	25.0	26.0	27.0	28.0	29.0	30.0	31.0	32.0	33.0	34.0	35.0	36.0	37.0
5101-1156-MSITS2a_R2	1.0	35.0	91.0	119.0	107.0	95.0	72.0	62.0	54.0	101.0	166.0	200.0	274.0	359.0	401.0	494.0	581.0	712.0	857.0	1069.0	1312.0	1741.0	2458.0	4128.0	8804.0	29116.0
	15.0	16.0	17.0	18.0	19.0	20.0	21.0	22.0	23.0	24.0	25.0	26.0	27.0	28.0	29.0	30.0	31.0	32.0	33.0	34.0	35.0	36.0	37.0
5101-1157-MSITS2a_R1	1.0	0.0	0.0	0.0	6.0	11.0	26.0	71.0	140.0	317.0	426.0	596.0	710.0	942.0	1027.0	1329.0	1629.0	1877.0	2613.0	3289.0	4862.0	9318.0	65829.0
	11.0	12.0	13.0	14.0	15.0	16.0	17.0	18.0	19.0	20.0	21.0	22.0	23.0	24.0	25.0	26.0	27.0	28.0	29.0	30.0	31.0	32.0	33.0	34.0	35.0	36.0	37.0
5101-1157-MSITS2a_R2	1.0	9.0	66.0	158.0	163.0	150.0	140.0	118.0	134.0	156.0	165.0	302.0	432.0	549.0	637.0	807.0	928.0	1089.0	1282.0	1591.0	1905.0	2329.0	3134.0	4421.0	6773.0	14417.0	53163.0
	2.0	3.0	4.0	5.0	6.0	7.0	8.0	9.0	10.0	11.0	12.0	13.0	14.0	15.0	16.0	17.0	18.0	19.0	20.0	21.0	22.0	23.0	24.0	25.0	26.0	27.0	28.0	29.0	30.0	31.0	32.0	33.0	34.0	35.0	36.0	37.0
5101-1158-MSITS2a_R1	2.0	0.0	0.0	0.0	0.0	0.0	0.0	0.0	0.0	0.0	0.0	0.0	0.0	0.0	0.0	0.0	0.0	2.0	5.0	7.0	17.0	35.0	68.0	107.0	154.0	191.0	221.0	303.0	419.0	459.0	548.0	675.0	988.0	1342.0	2619.0	19225.0
	2.0	3.0	4.0	5.0	6.0	7.0	8.0	9.0	10.0	11.0	12.0	13.0	14.0	15.0	16.0	17.0	18.0	19.0	20.0	21.0	22.0	23.0	24.0	25.0	26.0	27.0	28.0	29.0	30.0	31.0	32.0	33.0	34.0	35.0	36.0	37.0
5101-1158-MSITS2a_R2	2.0	0.0	0.0	0.0	0.0	0.0	0.0	0.0	0.0	0.0	5.0	24.0	40.0	45.0	34.0	29.0	30.0	35.0	45.0	56.0	112.0	141.0	197.0	213.0	276.0	342.0	362.0	391.0	474.0	574.0	764.0	990.0	1335.0	2128.0	4424.0	14319.0
	20.0	21.0	22.0	23.0	24.0	25.0	26.0	27.0	28.0	29.0	30.0	31.0	32.0	33.0	34.0	35.0	36.0	37.0
5101-1162-MSITS2a_R1	1.0	15.0	17.0	50.0	93.0	164.0	204.0	252.0	301.0	360.0	466.0	583.0	721.0	926.0	1235.0	1811.0	3358.0	22209.0
	11.0	12.0	13.0	14.0	15.0	16.0	17.0	18.0	19.0	20.0	21.0	22.0	23.0	24.0	25.0	26.0	27.0	28.0	29.0	30.0	31.0	32.0	33.0	34.0	35.0	36.0	37.0
5101-1162-MSITS2a_R2	1.0	2.0	19.0	43.0	44.0	49.0	48.0	45.0	41.0	70.0	69.0	123.0	182.0	218.0	290.0	341.0	391.0	440.0	500.0	597.0	830.0	952.0	1268.0	1684.0	2640.0	5067.0	16812.0
	2.0	3.0	4.0	5.0	6.0	7.0	8.0	9.0	10.0	11.0	12.0	13.0	14.0	15.0	16.0	17.0	18.0	19.0	20.0	21.0	22.0	23.0	24.0	25.0	26.0	27.0	28.0	29.0	30.0	31.0	32.0	33.0	34.0	35.0	36.0	37.0
5101-447-MSITS2a_R1	2.0	0.0	0.0	0.0	0.0	0.0	0.0	0.0	0.0	0.0	0.0	0.0	0.0	0.0	0.0	0.0	0.0	2.0	13.0	12.0	21.0	54.0	85.0	127.0	146.0	202.0	262.0	331.0	448.0	552.0	673.0	946.0	1280.0	1901.0	3592.0	31605.0
	2.0	3.0	4.0	5.0	6.0	7.0	8.0	9.0	10.0	11.0	12.0	13.0	14.0	15.0	16.0	17.0	18.0	19.0	20.0	21.0	22.0	23.0	24.0	25.0	26.0	27.0	28.0	29.0	30.0	31.0	32.0	33.0	34.0	35.0	36.0	37.0
5101-447-MSITS2a_R2	1.0	0.0	0.0	0.0	0.0	0.0	0.0	0.0	0.0	0.0	4.0	5.0	36.0	85.0	72.0	66.0	41.0	72.0	59.0	114.0	172.0	208.0	265.0	287.0	317.0	382.0	459.0	543.0	653.0	750.0	1008.0	1286.0	1762.0	2716.0	5773.0	25118.0
	16.0	17.0	18.0	19.0	20.0	21.0	22.0	23.0	24.0	25.0	26.0	27.0	28.0	29.0	30.0	31.0	32.0	33.0	34.0	35.0	36.0	37.0
5101-449-MSITS2a_R1	1.0	0.0	0.0	2.0	2.0	10.0	12.0	53.0	64.0	74.0	106.0	152.0	150.0	195.0	247.0	307.0	407.0	533.0	679.0	1069.0	2149.0	12440.0
	12.0	13.0	14.0	15.0	16.0	17.0	18.0	19.0	20.0	21.0	22.0	23.0	24.0	25.0	26.0	27.0	28.0	29.0	30.0	31.0	32.0	33.0	34.0	35.0	36.0	37.0
5101-449-MSITS2a_R2	1.0	1.0	29.0	36.0	33.0	23.0	27.0	33.0	38.0	70.0	174.0	176.0	198.0	220.0	286.0	274.0	351.0	379.0	445.0	561.0	683.0	897.0	1325.0	2026.0	3837.0	6529.0
	2.0	3.0	4.0	5.0	6.0	7.0	8.0	9.0	10.0	11.0	12.0	13.0	14.0	15.0	16.0	17.0	18.0	19.0	20.0	21.0	22.0	23.0	24.0	25.0	26.0	27.0	28.0	29.0	30.0	31.0	32.0	33.0	34.0	35.0	36.0	37.0
5101-450-MSITS2a_R1	2.0	0.0	0.0	0.0	0.0	0.0	0.0	0.0	0.0	0.0	0.0	0.0	0.0	0.0	0.0	0.0	0.0	1.0	0.0	7.0	14.0	39.0	41.0	62.0	76.0	106.0	149.0	179.0	239.0	299.0	416.0	535.0	766.0	1197.0	2535.0	12344.0
	2.0	3.0	4.0	5.0	6.0	7.0	8.0	9.0	10.0	11.0	12.0	13.0	14.0	15.0	16.0	17.0	18.0	19.0	20.0	21.0	22.0	23.0	24.0	25.0	26.0	27.0	28.0	29.0	30.0	31.0	32.0	33.0	34.0	35.0	36.0	37.0
5101-450-MSITS2a_R2	3.0	0.0	0.0	0.0	0.0	0.0	0.0	0.0	0.0	0.0	0.0	2.0	15.0	33.0	34.0	37.0	30.0	26.0	40.0	73.0	131.0	157.0	190.0	212.0	231.0	263.0	350.0	363.0	453.0	521.0	688.0	882.0	1254.0	1983.0	3604.0	7432.0
	2.0	3.0	4.0	5.0	6.0	7.0	8.0	9.0	10.0	11.0	12.0	13.0	14.0	15.0	16.0	17.0	18.0	19.0	20.0	21.0	22.0	23.0	24.0	25.0	26.0	27.0	28.0	29.0	30.0	31.0	32.0	33.0	34.0	35.0	36.0	37.0
5101-451-MSITS2a_R1	2.0	0.0	0.0	0.0	0.0	0.0	0.0	0.0	0.0	0.0	0.0	0.0	0.0	0.0	0.0	0.0	0.0	6.0	4.0	25.0	56.0	129.0	247.0	336.0	404.0	429.0	642.0	711.0	905.0	1101.0	1263.0	1710.0	2329.0	3723.0	7311.0	34301.0
	2.0	3.0	4.0	5.0	6.0	7.0	8.0	9.0	10.0	11.0	12.0	13.0	14.0	15.0	16.0	17.0	18.0	19.0	20.0	21.0	22.0	23.0	24.0	25.0	26.0	27.0	28.0	29.0	30.0	31.0	32.0	33.0	34.0	35.0	36.0	37.0
5101-451-MSITS2a_R2	312.0	0.0	0.0	0.0	0.0	0.0	0.0	0.0	0.0	0.0	0.0	8.0	51.0	106.0	137.0	85.0	101.0	92.0	99.0	182.0	285.0	366.0	445.0	542.0	593.0	687.0	760.0	918.0	1065.0	1325.0	1691.0	2166.0	3031.0	5040.0	10421.0	25126.0
	2.0	3.0	4.0	5.0	6.0	7.0	8.0	9.0	10.0	11.0	12.0	13.0	14.0	15.0	16.0	17.0	18.0	19.0	20.0	21.0	22.0	23.0	24.0	25.0	26.0	27.0	28.0	29.0	30.0	31.0	32.0	33.0	34.0	35.0	36.0	37.0
5101-457-MSITS2a_R1	1.0	0.0	0.0	0.0	0.0	0.0	0.0	0.0	0.0	0.0	0.0	0.0	0.0	0.0	0.0	0.0	0.0	5.0	6.0	14.0	28.0	64.0	113.0	138.0	188.0	233.0	287.0	356.0	425.0	580.0	639.0	694.0	1051.0	1529.0	2893.0	17509.0
	2.0	3.0	4.0	5.0	6.0	7.0	8.0	9.0	10.0	11.0	12.0	13.0	14.0	15.0	16.0	17.0	18.0	19.0	20.0	21.0	22.0	23.0	24.0	25.0	26.0	27.0	28.0	29.0	30.0	31.0	32.0	33.0	34.0	35.0	36.0	37.0
5101-457-MSITS2a_R2	1.0	0.0	0.0	0.0	0.0	0.0	0.0	0.0	0.0	0.0	0.0	11.0	39.0	42.0	64.0	38.0	37.0	44.0	62.0	121.0	230.0	239.0	306.0	330.0	349.0	464.0	524.0	582.0	704.0	870.0	1073.0	1499.0	2220.0	3383.0	6662.0	6859.0
	19.0	20.0	21.0	22.0	23.0	24.0	25.0	26.0	27.0	28.0	29.0	30.0	31.0	32.0	33.0	34.0	35.0	36.0	37.0
5101-458-MSITS2a_R1	2.0	9.0	23.0	63.0	102.0	150.0	157.0	180.0	193.0	221.0	285.0	378.0	390.0	496.0	671.0	864.0	1260.0	1931.0	2466.0
	2.0	3.0	4.0	5.0	6.0	7.0	8.0	9.0	10.0	11.0	12.0	13.0	14.0	15.0	16.0	17.0	18.0	19.0	20.0	21.0	22.0	23.0	24.0	25.0	26.0	27.0	28.0	29.0	30.0	31.0	32.0	33.0	34.0	35.0	36.0	37.0
5101-458-MSITS2a_R2	1.0	0.0	0.0	0.0	0.0	0.0	0.0	0.0	0.0	0.0	1.0	6.0	24.0	35.0	38.0	27.0	27.0	21.0	33.0	53.0	57.0	96.0	96.0	124.0	138.0	153.0	188.0	203.0	298.0	356.0	423.0	676.0	905.0	1426.0	2254.0	2182.0
	18.0	19.0	20.0	21.0	22.0	23.0	24.0	25.0	26.0	27.0	28.0	29.0	30.0	31.0	32.0	33.0	34.0	35.0	36.0	37.0
5101-757-MSITS2a_R1	1.0	0.0	6.0	18.0	24.0	90.0	137.0	211.0	253.0	359.0	375.0	526.0	616.0	803.0	998.0	1298.0	1786.0	2762.0	5322.0	32235.0
	12.0	13.0	14.0	15.0	16.0	17.0	18.0	19.0	20.0	21.0	22.0	23.0	24.0	25.0	26.0	27.0	28.0	29.0	30.0	31.0	32.0	33.0	34.0	35.0	36.0	37.0
5101-757-MSITS2a_R2	1.0	7.0	46.0	78.0	84.0	82.0	60.0	63.0	72.0	114.0	156.0	221.0	276.0	318.0	388.0	487.0	530.0	658.0	725.0	815.0	1125.0	1547.0	2177.0	3569.0	7699.0	26522.0
	18.0	19.0	20.0	21.0	22.0	23.0	24.0	25.0	26.0	27.0	28.0	29.0	30.0	31.0	32.0	33.0	34.0	35.0	36.0	37.0
5101-758-MSITS2a_R1	1.0	4.0	8.0	19.0	40.0	75.0	130.0	192.0	232.0	301.0	383.0	485.0	599.0	802.0	944.0	1313.0	1860.0	2658.0	4980.0	46605.0
	12.0	13.0	14.0	15.0	16.0	17.0	18.0	19.0	20.0	21.0	22.0	23.0	24.0	25.0	26.0	27.0	28.0	29.0	30.0	31.0	32.0	33.0	34.0	35.0	36.0	37.0
5101-758-MSITS2a_R2	1.0	11.0	54.0	80.0	66.0	55.0	55.0	50.0	52.0	100.0	164.0	202.0	278.0	319.0	401.0	465.0	532.0	625.0	775.0	953.0	1227.0	1626.0	2333.0	3669.0	7694.0	39844.0
	19.0	20.0	21.0	22.0	23.0	24.0	25.0	26.0	27.0	28.0	29.0	30.0	31.0	32.0	33.0	34.0	35.0	36.0	37.0
5101-759-MSITS2a_R1	2.0	4.0	14.0	36.0	85.0	148.0	257.0	286.0	373.0	480.0	597.0	691.0	892.0	1046.0	1463.0	1985.0	3142.0	6364.0	29178.0
	12.0	13.0	14.0	15.0	16.0	17.0	18.0	19.0	20.0	21.0	22.0	23.0	24.0	25.0	26.0	27.0	28.0	29.0	30.0	31.0	32.0	33.0	34.0	35.0	36.0	37.0
5101-759-MSITS2a_R2	1.0	4.0	34.0	76.0	95.0	76.0	67.0	60.0	65.0	109.0	151.0	233.0	248.0	352.0	402.0	438.0	587.0	648.0	785.0	985.0	1302.0	1587.0	2463.0	3908.0	8508.0	23859.0
	19.0	20.0	21.0	22.0	23.0	24.0	25.0	26.0	27.0	28.0	29.0	30.0	31.0	32.0	33.0	34.0	35.0	36.0	37.0
5101-760-MSITS2a_R1	3.0	5.0	9.0	21.0	41.0	75.0	117.0	154.0	185.0	240.0	297.0	421.0	478.0	613.0	798.0	1144.0	1619.0	3142.0	26931.0
	12.0	13.0	14.0	15.0	16.0	17.0	18.0	19.0	20.0	21.0	22.0	23.0	24.0	25.0	26.0	27.0	28.0	29.0	30.0	31.0	32.0	33.0	34.0	35.0	36.0	37.0
5101-760-MSITS2a_R2	1.0	2.0	19.0	45.0	48.0	43.0	33.0	37.0	41.0	57.0	108.0	149.0	168.0	210.0	263.0	318.0	361.0	406.0	440.0	622.0	781.0	1041.0	1431.0	2236.0	4829.0	22604.0
	17.0	18.0	19.0	20.0	21.0	22.0	23.0	24.0	25.0	26.0	27.0	28.0	29.0	30.0	31.0	32.0	33.0	34.0	35.0	36.0	37.0
5101-761-MSITS2a_R1	1.0	0.0	3.0	7.0	20.0	42.0	94.0	184.0	238.0	367.0	416.0	582.0	674.0	835.0	1120.0	1462.0	1757.0	2366.0	3548.0	6852.0	47951.0
	12.0	13.0	14.0	15.0	16.0	17.0	18.0	19.0	20.0	21.0	22.0	23.0	24.0	25.0	26.0	27.0	28.0	29.0	30.0	31.0	32.0	33.0	34.0	35.0	36.0	37.0
5101-761-MSITS2a_R2	1.0	10.0	54.0	96.0	101.0	76.0	71.0	67.0	78.0	108.0	196.0	248.0	361.0	415.0	486.0	633.0	767.0	890.0	1122.0	1307.0	1708.0	2267.0	3213.0	5261.0	10759.0	38224.0

