0	229854	294612	300695	222095	225636	4377103	3256066	4463866	202302	288404	346735	213358	266521	114015	4343117	4409929	4332975	699249	4340384	1941303	202459	3269889	4423550	2679839	180127	1718272	4417185	203220	268769	573196	150700	202449	4371218	203529	4336154
1	3761685	539547	3390949	4323100	114724
2	3192744	4022282	708774
3	3825327
4	2909029	1129716
5	150571
6	4322265	1133369	1133483	1142178	4446882	3726184	2984017
7	202294
8	729293	3871866	836195
9	4349225	730039	3064426	104534
10	2730777	3366304
11	3014179
12	4455990
13	1138804
14	2361381
15	4091454	4427993	172946	123662
16	4015030	4308961	1824285
17	734152
18	426860
19	4363563	1837676	4479774
20	759363
21	4323734	1931714
22	823009
23	717487
24	4423155
25	4438491	4386156
26	3106714
27	4336814
28	2286116
29	801940
30	4459468
31	3779572
32	4042859
33	1128285	202758
34	2107103
35	2014493
36	3770699
37	4391683	4460175
38	576962	202949	82092	201206
39	4452949
40	219508
41	4363260
42	2170497
43	951205
44	3190878
45	815912	4344033	823117
46	696036
47	4251079
48	182569	4409453
49	4363259
50	1928988
51	4298210	4097115	4271527
52	1145804
