0	229854	261254	582249	773956	4387722	4294568	314835	140938	364760	55384	833694	201683	3176741	885214	812726	150676	1883799	837964	815460	4443191	816573	4422379	816512	356942	1141209	4304270	545609	590181	4413077	661785	561112
1	367523	114798	245058	4447637	4426469	150191	993578	4420443	264348	4395397	155396	171242	4369623	149981	1049189	4315232	270609	1105185	130348	4443318	4004103	4312690	673678	590165	224797	537078
2	4474226
3	4349619	4340420	4426208
4	547795
5	4460931
6	1116472	4459985	639895	4377428
7	1799396
8	3899192
9	4386152	590343	293873	641796	829035	4391715	187838
10	579266
11	136414	585286	258996	4248763	243636	3181267
12	199828
13	4437124
14	352709
15	4349618
16	200605	735032	624542	515151
17	267027
18	149095	260667	292680	721128
19	4267879	333111
20	296752	4335321	399903	4384911
21	1963518	4371215
22	201026	1134862	4199935
23	4308961
24	4466628
25	1837676
26	297086
27	4417074	2059268	265995	4442935
28	817295	1129750	4335289	4348297	4371273
29	834065	4307082
30	759363
31	4432907
32	250188
33	823009	119396
34	4304655
35	3106714
36	1146308
37	4437452
38	847080	144777	161507	593577
39	808695	585499	818161
40	539765
41	2679838
42	594168
43	4310799
44	620479
45	788933
46	4376730	4394688
47	3787592
48	817470
49	281828
50	348942	522549
51	152946	1147406	3040339	4319519	4146	2361088
52	290285
53	578646
54	4391683
55	3589625
56	3640585	564496	2101989	516775	2245426
57	169933
58	219508
59	291356	303114
60	3254766	269089	804773
61	3411374
62	1147645	4324993
63	4389652
64	3892
65	2223778	148318	588983	4299901
66	207524	545079	767148	2574113
67	4418110	202783
68	4083687	155335
69	4344112	583348	2219321	643828
70	2680998
71	4444251
72	4423721
73	202279	203027
74	547738	244729
75	4470394	1724083
76	114015
77	4425448	1118788
78	4460179	332182
79	2627106
80	162211
81	100328
82	119231	810721
83	206066
84	202110
85	1718973
86	1133483
87	4446818	956155
88	951205	4314929
89	4004098	3232988
90	4389302	202010	273071	33606
91	4350673
92	312296
93	12481
94	4021998
95	575820	794817
96	199983	754657
97	593705	4151820
98	289589
99	3597424
100	343668
101	108124
102	4297587	88159
103	88848	159357
104	251082
105	658040
106	809436	200948
107	104010
108	293434
109	699249
110	4438491
111	195743	185940
112	4296608
113	159805
114	1130364
115	4457249	833480
116	804911	339005
117	104067
118	238890	153647
119	390897	159252	560685	95836	4309498
120	2335039
121	242352	2344568	526723
122	4343117
123	694268
124	564864	274961
125	326629
126	4232137	4480099
127	818177
128	1113653
129	4336348
130	318282	352328	278739
131	700579	747602
132	4455886
133	4446882
134	4386156	2170973
135	3192744
136	4369839
137	535510
138	811806	258158	542103	829433
139	555238	305957	2784823	1697000	4479426
140	161220	509525
141	800075
142	100316
143	202949
144	4398983
145	2679839
146	4447353	4451743	968354	334122	17507	4445669
147	4385066
148	4401305	99204	1137076
149	1967331
150	511200	207920	516024
151	202294
152	82092
153	243283
154	4147840	2714705	4412282	4397915
155	4475735
156	2088685
157	836717	2717581	552271
158	2103326	4414707
159	340397	355868
160	529442	355162
161	4222439
162	321979
163	1122413
164	3322007	4428261
165	4294447	86730	4424871
166	4366456
167	319706	268693	71930
168	261768
169	227130
170	299638	1963126	2162306
171	4374051	4389227	2040860	213210	672701	273599
172	547183	511139
173	223226
174	257898
175	140201
176	452424	259375
177	111614	544697
178	229982	4336809	4375861
179	268769
180	722791	4476741	4406765	4469750	3916519
181	566078	558040	1106722
182	3431067	4395750
183	4342359	252998	4373746
184	279044	4331689	340778
185	795901	1143913	4360761	4376695	697148
186	835532
187	798326	1123283
188	836195
189	335452	638063
190	523761	213829	724101	586600
191	577032	251068	2205961	3601578	72055	45967	3562948	3807100	809675	836204
192	266495
193	98560
194	690782	645717	4470595
195	4366536
196	809807
197	4009970	4427916
198	164913
199	201728
200	176242
201	3990168	4398945
202	201138
203	203137
204	4392815
205	515655
206	552808	207228	4361297	78435	4424614	1109993	809923	806148	29714	4321379	825873
207	1129716
208	327358
209	3548163	1113737	3738841
210	3091986	785554	4355108
211	539222
212	2984017
213	136950	574529	334992
214	4479984
215	584476	223835	4447290
216	686593	4409088	583967	563930	2910382	4358278	742320	582185	246006	4375477	183580	158641	150550	1564759	709355	545632	881975	238585	4475437	151203
217	30366	279033	4172519	230258	268598	819316
218	3294224	206961	541887
219	4379200
220	52397
221	150671	203214
222	4336154	1873000
223	740477
224	4391686
225	4298210
226	663899	235547
227	270225	259928
228	141395
229	289174	3728119	986431
230	4470884
231	200762
232	829918
233	226314	225484
234	530061	2157225	293824	4467331	4390479
235	294612
236	203220	203513
237	4377536	206088	3516209
238	284592
239	619364	592682	2463674	810586
240	4261547	4178757
241	1604187
242	4399547
243	18084	41999	1799073
244	614539	808369	112892	4428088	2917	4447857	151616
245	4464328	294316	134265	520632
246	541205	1528	796975	253483	4468757	2215035	160813
247	576072
248	2541514	4346663	4439488	4468374	290002
249	113993	701453	4341067	569216	300223
250	1513052	3145540	293471
251	4390728
252	200370
253	1104783
254	539547
255	60610
256	4323100	4431351
257	670909	1109948
258	2984011	4476585	1113453
259	2683209
260	1878663
261	287366
262	632092	534049
263	4479774	1742076
264	74066
265	749636
266	260063
267	1131787
268	3256066	4421234
269	4379251	536557	254183
270	266484
271	760005	313427	107789	277676	154242
272	250567	813052
273	288420
274	4464638
275	3950214	4461435	957126	4479394	2294756	574219	101480	4299277	317368
276	584502
277	2843097
278	835619
279	28429	1142161
280	3726475
281	4363259
282	304382
283	118018	151535	258828	18783	262657	4345876
284	301880
285	173306
286	277298
287	239255
288	732106
289	203261
290	2170497	3383796
291	3064426
292	317471	4365640	4333552	302470
293	687345
294	233513
295	141782	323496
296	1129723
297	224198	2051943
298	3092716
299	536947	2273342
300	4108286
301	111582	822106
302	4399807	144458
303	808267	104057	134564	331776
304	1522124	2495073	114082	2936686
305	301528	150483
306	247376	2371893
307	949904	349441
308	559753
309	827585	851865	90624
310	726047	275591	558411	576731	246308	161571	2772147
311	1109328	701912	4469652	3586851	4436468	4354934	40597	256687	4368285
312	4474675
313	2553816	4377507	539016	164420	2860880
314	146921	224604
315	552862
316	220164	341933
317	199436
318	339598
319	4312504
320	549759
321	1146677	800453
322	2714175
323	806814
324	109057
325	568498
326	2020093	693124
327	268585	592303	4443068
328	2030888
329	200020
330	240030	254993
331	726110
332	1141056	4450457	320983	1130548	1141151	1134440	1138501
333	734152
334	103287
335	770657
336	93929	1147339
337	580377
338	2849206
339	4281508
340	3849894
341	4404362	238649
342	4423155
343	4363563
344	161506
345	2000330	4398283
346	4196442	4266055
347	4392534
348	4415436
349	308020	145549
350	269517
351	322383
352	774303
353	420318
354	940651	505549	932989
355	209952
356	150700
357	832147
358	843811	224817	764805	307395	4441358	569101	558742	4386673
359	3749715	229624	1848175	3312228	2468659
360	258655	313733	4390140
361	698544
362	4405409	4453725	4352392
363	3688719	807421	1112619
364	4354637
365	4379602
366	101800	633005	335361	241217	4334346
367	266521	265102
368	4415094
369	806700	235421	4374956
370	141349	4470426
371	191213	274913
372	322376
373	1786825
374	3174795	1948669	561845	573648	4456410	1544503
375	203454
376	2838848
377	4340429
378	548425	260503
379	534672	1093740
380	288835
381	3836963
382	173296	773586
383	813376
384	324136	333210
385	1129115	2307934
386	4439913
387	4368205
388	2745509
389	4461517
390	149399
391	4344031	805474
392	1928988
393	4445042
394	236403	1112542	4389692
395	650505	278949	540167
396	812753	1125779
397	528758	2855860	300457	181986	290018	4470457
398	875406	4429092	545331	613161	2334438
399	729293
400	256432	552696	244224	236485
401	4403441
402	4341949
403	4365208	164185	245523	4388133	301994
404	2318997	704236
405	740167	583837	550349
406	691759	94710
407	4337602
408	4482284
409	730039
410	660890
411	4447237
412	222095
413	15609
414	2012005
415	300331
416	1843326
417	1118873
418	1115206	1108045
419	1143648	1127097
420	1142181	2720667
421	284008
422	4363260
423	114305	151846	563907
424	559924
425	298655	299527
426	3629722
427	202518
428	4343334
429	98091
430	301717
431	4358107	87318
432	594063	717955
433	831195	4467510
434	141197	666023
435	1122145
436	1125822
437	800428	774738	661964
438	164784
439	4477989
440	741546	722908	4308577
441	1118984	1143228
442	237361
443	4447856
444	4303796
445	2207590
446	3829182	204914
447	1106961	823988	4397176
448	746370	689324	821385	1675298	585888	808569
449	4376591
450	139265
451	129486
452	4431138
453	535512
454	200455
455	4345443
456	39737
457	3203493
458	161018
459	4015030
460	150571
461	127534
462	252873
463	3025741	105480
464	717487
465	292079	109663	298327
466	426860
467	3218678
468	663562	2835958	4440511	566061	590314	148047
469	1070446
470	658364
471	104534
472	16272	4375017	4123679	4430839	542251
473	775673
474	2116283
475	639310
476	4368777
477	125020
478	93487	109624
479	249538
480	4413327
481	583622
482	15791
483	4374484
484	584663
485	696942	866043	214270	737249	588720
486	4452949
487	2224376
488	1140189	786063	111406	605304	145658	811403
489	1117319	518033
490	553849
491	4342143
492	658952
493	159367
494	573196
495	242471
496	823117
497	771
498	823226	108673
499	3792137
500	101908
501	4326474	279209
502	806676	537316
503	200436	4129994
504	259799
505	3470777
506	4344033	4344032
507	3337473
508	3014179
509	4336479	305384
510	2909029
511	512263
512	4286230	3086237
513	8194	285160
514	2449279
515	2541517
516	1139503
517	4442688
518	4453908
519	1135847
520	4446626	1636907	2495377
521	290981	27500	2310825
522	154833
523	225636
524	4458112
525	255056
526	1140419
527	2003850
528	1127836
529	3390949
530	4399236	726557
531	1953696
532	1824285
533	2421042
534	346007
535	268923
536	634007	144922	1696745	3569526
537	18466
538	3464844	4165170	2426770
539	54146	833217
540	259321
541	336306	2745645
542	825314	199890
543	4459468
544	4427102	1140492	102710
545	825815	4471048
546	561717
547	4375676
548	2414618
549	613703
550	252759
551	1961476	141281	719649	1122791	792730
552	1128285	615581	1141035
553	4343435	620617	4434179
554	2014493	211821
555	3770699
556	242647
557	537598	754800	3359884	558128
558	347595	247584	618926
559	815435	4354038
560	534059
561	622212	4428958
562	202196
563	4483176	4348122	3856406
564	770090
565	1222	1220	51926	79590
566	3594973
567	434992	16195	534922
568	208896	95370	745583
569	229118	838203	827328	839203	563037
570	328323	4392535	509139
571	2389720	4450244	328282	266452	357058	4427000	546541	4468332	579500	547156	4331274	48617
572	2107103
573	501876	4390920	212889	3843946	4403574	519428	4410187
574	1251
575	49231
576	4385854
577	349253
578	4482291
579	228584
580	136727
581	4419304	200153
582	793380
583	193092	3191925	176559	2107974	79653	10934	3608952	733426	1908795	4173596	4298715	577358	186268	207690	258466	539552	4396729	3302674	3726191	224506	106876	176838
584	4371796	1940940	4346740	811277	4374783
585	336499	356395	197393	337834
586	561378
587	562730
588	4454164
589	102556
590	254542	4325391
591	564220
592	246601	203503	575225	1785734
593	3676485
594	1972501	3699549	4392932	1960156	217920	300026	4474030	4398699	543249	2007623	4415409	2336905	4426912
595	305530
596	543286	4464974	2725873	4352346	1573550	620957
597	298151	163300	287678
598	135186	33564	538905
599	3058155	4477112	4351776
600	820775
601	4428100	4477466
602	104936	142674	151811	292511	144490	589892	211110	100020
603	2630939
604	2601820
605	1123168
606	3689413
607	168397
608	203413
609	543548
610	2851831	2959934	3802007	4313874	4300670	833140	4316226
611	290085	343009	2479930	613393
612	4329986
613	1818574	1979817	571592
614	3979167	3079301
615	152225	630008
616	3785576	274779
617	1133015
618	715430
619	2545405	255915	4254948
620	543245	569329
621	3664333	276662	160498
622	72653	140910	4405407	817095	201801	4444582	749583	269139	4463320
623	615282	230687
624	2581885	544827	259071	816425	370274	824619	1142745	265009	564619
625	233988
626	4387054
627	540377
628	3802004	742444
629	288404
630	779373
631	3190878
632	815912
633	4426962	333360	583328	627043	4141532	4434657	1118969	93438	4335262	512962	567229	3061927	145409	418131	4384438
634	769256	3363383	1112478	208164
635	58314	264686	673631	526150
636	1123337	310817	4483957	1105862
637	4332942	4377101	4303893	809836
638	4441040	2060314	208145	159293
639	269486
640	780514	57451
641	2672862	4415327	227522	210951	199882	4419974	1147428	60161	555433	4418665	360203
642	3631907	4404098
643	4475689
644	17532
645	2663929	564341
646	610967	571373	309917	1632436
647	4378235	4360218	4361335	264374	4348866	4428294	4472833	2529078	4479369	1129202
648	206404	156907
649	200173
650	4460175
651	236945	4426263	165300	4412217	4465581	4421402	4440395	836850	733942	1829647	2409046	4343906	786127	2658745
652	266820	689754	4428113	2057833
653	520886
654	844106
655	79191	344514
656	319260	180208	2750805	79318	4314510	812244	580168	315708	215040	289730	4348606
657	4468833
658	3020522	10485	200695
659	593456
660	213358
661	111100	217717	4414734	572975	217558	217784	240160
662	2858609
663	4215053	3759992	4381899	670970	732033
664	4401868
665	4401294	310215	4374337	340990	292709
666	72480	200061	4413098
667	549010
668	255981	201747	4329302	817079
669	179000	353073	305251	182893
670	3105644
671	1130023	1137641
672	6010
673	1142178	1124560
674	184401	330118
675	1125422	86589	89297
676	2724974	4403061	21	247740
677	625188	150741
678	548702	663310
679	553290
680	837672	4345774	809056	198375	161615	279589	1032509
681	996510	4466873	342821
682	767184	1110421	100774	4482707	4447545	135579	651369
683	4340384
684	575997	4303514	2518895	4195023
685	263869
686	715138
687	153120	187160	4426773	255410	50	4368778
688	3202061
689	657848	4423343	565403	907731	1711	558399	4388864	764659
690	801940
691	4426459
692	1941303
693	567189
694	182594	4294643	334436	822469	33001	99461	324488	166400
695	2811009
696	747039
697	314485	337382	324257	2753167	128551	138007
698	52036
699	158692	148516	590445
700	4395069	1130989	4347193
701	278587	575910	4304962	702448	810154	4405880
702	4271527	4457987
703	287316
704	4042859
705	4352370	58310	4327572	750110	4447207	4443936	940486	4372040	4325812
706	1146005
707	4425146	1806493
708	114724
709	3116298
710	2437270
711	535618	4390198	697876
712	2301651
713	272134	261187
714	3761685
715	1136265
716	48952	34546	4350649
717	2370178
718	611320	837564
719	1130065	4459555
720	1127610
721	3843950	4355810
722	4334584	210216	323359	821305	241957	151011	741521	757211	707992	587902	536761
723	1668820	292203	583414
724	899137
725	1965557	2659543	510625
726	153593	107134
727	4399328
728	198417	258203
729	181532	514547	303371	308972	367377	313945	293596	198592	4431212	175283	178045	1124080	521926	290275	336509	4368802	150102	297655	290015	180430	719033	325226	528832
730	1109493
731	816797
732	4472725
733	301537
734	3647779	4327117
735	530323
736	315115
737	285739
738	4375601
739	4417185
740	104691
741	4359916
742	166429	221562	81956
743	4282977
744	4213092
745	80101	4424926
746	589799	4458421	546240
747	211601
748	247171	4370240
749	1846254
750	1147263	729816
751	2182540	4342056
752	851138	4339175
753	3092940	4166425	4422131
754	3882796	3584697
755	4353811
756	4442864
757	4418129
758	541263	553035
759	3779572
760	4386447	207662
761	4395236	211848	2508	852416
762	521724	4315275
763	670696	677834
764	817699
765	4021961
766	4479541
767	810216	135862
768	155181
769	4470867
770	203529
771	4022282
772	216451	609168	762594	3432758
773	1967
774	250886	587681	1106779	4368981	203525	200188	4443106	1008038
775	43314	244423	280463
776	1127017
777	544773	1134236	1148064
778	278436
779	1931714	2768112
780	139347	113409
781	3270001
782	1523543	4465473
783	201206	4483530	568329	2269127
784	2474588
785	708774
786	3283943
787	37498
788	1133974	790498
789	4431899
790	202528
791	202507
792	2404302	301157	142268
793	4444173
794	841246
795	182569
796	815762
797	354006
798	200629	88193	161623	210607	4326101	1105901
799	294105	301630	292167
800	4097804
801	4468519	205343	350484
802	243172	728271
803	219691	4460034
804	136285	547431	866081	710805	578456	203339	813870	131205	1974170	4436898
805	1663
806	534023	623538
807	203276
808	633082
809	146428
810	737520
811	707472
812	2828460
813	519270	532985	4372784	542678	562045	4383920
814	4304452	63956	201979	106627	201503
815	112239	316765
816	102747
817	4434334	4354577
818	570616	4044597	716887	4319046	247490	254279	638942	207386
819	945028
820	299904	32823
821	245254	4457991	251368
822	4312480	108724	189603	132390	837712
823	696948
824	4377103
825	72205	1870404	4314697	4436799	533116	303571
826	220360	538398	553125
827	1116083	4423139
828	264140
829	298198
830	211527
831	564591
832	4463866
833	271544	270418
834	4372395
835	285041
836	4352520	540689
837	292083	4391685
838	751618	246298
839	180127
840	3392685	1651257	4411344
841	2716598	341179	4367239
842	4369138	4418211	110393	231994	4185344
843	4462692
844	4390249	150441	4328672
845	674402
846	14306
847	4327059	217293	4358761
848	202302
849	1115574
850	821823	1112186	4294883
851	1110170	835097	90508
852	4097115
853	266984	1064392
854	236830
855	518048	556736	246403	716196	736226	353707	251777	305127	822483	4456187	4332263	1111648
856	291922	287898	194106
857	4298922
858	824445	1130295
859	243779	4358080
860	202318
861	556165	4351085
862	4332975
863	4387049
864	250592
865	50206
866	4353106	4350433
867	513052
868	4323476	150680	1127469
869	185977	822562	20571	4421368
870	337888
871	526963	289116	294709	512191	810847	174974	304187	157054	183107
872	4409929	819173
873	1030652	326921
874	2033050
875	2957822
876	309766
877	225042	1625457
878	297438
879	4328851	591320	628734
880	2175863	248909	808786
881	881637
882	802223
883	4474268	4316910
884	111520
885	4367238	2375998
886	112651
887	44257
888	3518314	688513
889	3744356	545499
890	202758	4329576
891	807929
892	4436944	796532	4459359
893	513826
894	4439657
895	4328888
896	4323734	241543
897	1767472
898	201959
899	4219827	4424610	3087197	203282
900	160113
901	259652
902	4295908
903	1138804
904	4343596
905	2286116
906	2372909
907	4334586
908	811993
909	268871
910	562348
911	200466	671478
912	3407358	237144
913	2423264	101465
914	130062	547582	41280	277534	753117
915	4419449	4423358
916	1129860	4457583
917	245228	4407313	245621	1121421	4371072	4389611
918	178438
919	787483	4440118	741410	561007
920	1133369	1136128
921	346388	354795	307675	518244	322544	333280
922	3936461	4419243
923	4044058	91130	143099	1147951
924	551282	4411891
925	346735
926	1777944	622992	349931	269615	771689	3018722
927	264416
928	106474	4405135
929	4401161	343620	4316632	343816	97342	812687
930	806767	101021
931	2996647	1131325
932	4339110	195055
933	647539
934	786223	37803
935	295986
936	308163	1735981	304089	1106476	820732	88638	4341659	323706	720604
937	218058	4032246	346930
938	578414	159945
939	3409375	1078830	1061071
940	660248	654054
941	3793
942	180402	177228
943	202951	170145
944	697063
945	3258903
946	795216
947	1146596
948	209483	4384144
949	2954930
950	202746
951	202797
952	576989	1121968	4431779
953	269674	329608
954	515322	4367902
955	226359
956	4427993
957	619141
958	818401
959	271332	228795	142715	13725	4466526	354897
960	812800
961	144924
962	3927137
963	819696
964	3721617
965	629139	144865	22294
966	1124893
967	804563
968	202504
969	4428632
970	4354931
971	509688
972	3623262	2887205	4432822	4434579	1065387	2783638	340817
973	4460178
974	555844	545371
975	1121803
976	238870	202139
977	302639
978	2012210
979	809180
980	344325	327502	519272	332418	663153	524130
981	300727
982	523033
983	3784054
984	145173	241535
985	566726
986	4437874
987	4474638	247164
988	4255849	4332401
989	71213
990	4448789
991	104684
992	4407748
993	579790
994	2717583	622298	166367
995	576962
996	587612	4419123
997	193598	177176	333453
998	202459	201732
999	4466524
1000	113368	518730	2879956
1001	132414
1002	3726184
1003	232590
1004	2361381
1005	167253	574510	867408	111958
1006	3618038
1007	4393618
1008	3871866
1009	3431066
1010	773201	247432
1011	3269889
1012	4322265
1013	4423550
1014	653625
1015	272303
1016	558772
1017	3825327
1018	406361
1019	2941516
1020	231591
1021	727248
1022	4383289	1972691
1023	202341
1024	824161	259209	1530118	99699	512639	553928	318860	536562	551573	220884	4447854	6321
1025	107637
1026	2730777
1027	936914
1028	4437875
1029	43095	1127128	20204	203013
1030	300695	840905
1031	2587360	159742
1032	3366304	774740
1033	593154	972165
1034	4409453
1035	1718272
1036	277968	4423706
1037	3291002
1038	724147	366392	4423779	304308	291627	297503
1039	1143371
1040	256207
1041	164112
1042	4344030	7
1043	4336814	116221	4453636
1044	4345542
1045	2261036
1046	202080
1047	275300	4479724	103462
1048	107282	1112175	747147
1049	553287
1050	639466	656881	4481079
1051	141010
1052	143944	91523
1053	752144	279214
1054	4455990
1055	552169	261355	4468516
1056	807337
1057	244739	159862	4445426	290037	227273	1142556
1058	710049
1059	268559
1060	4251079
1061	1932084	543799
1062	346062	3171078	260834	209886	667312
1063	4403865	2586700	4469057	4319168
1064	4172205	4367891
1065	225404	4316495
1066	2984014
1067	266622
1068	516290	514137
1069	203472
1070	1111696	4150879	227867	1598493
1071	52
1072	330398	3133367
1073	250288
1074	278072	1070519
1075	4463685
1076	191032	294289
1077	141088
1078	2185597	2915091	3137030	1108453	3931706	3671911	2652241
1079	349318
1080	819537	17862	4432429	3329938
1081	549322	3596176
1082	123662
1083	4351771
1084	4299768
1085	1599709
1086	4332943	27485
1087	180467
1088	4451714
1089	4381178
1090	1140535	4370766	4307141	2610087
1091	227321
1092	4325496
1093	4481901
1094	239967	589987
1095	3397195	4422968	4336881	260039
1096	651366
1097	4380675
1098	90217	184252
1099	201696
1100	3462709
1101	1003894	561874	811954
1102	290541
1103	4424862
1104	4387052	201562
1105	4349225
1106	833346	351445	157064	7260	216234	28592	4307887	216235	354943	756593	335787	4460177	510608	509792	4298209	755585	624232	594355
1107	1629627
1108	1108220
1109	202449
1110	722309	93838
1111	220728
1112	4220777	287384
1113	677077
1114	202229
1115	4406270
1116	723019	213849	163550	4483258	181782	509413	807523	1707175	4361225	309846	1127611
1117	4091454
1118	250269
1119	883	143380
1120	172946	2059049
1121	696036	727807
1122	571566
1123	534156
1124	280092	587519	2843088	691008	241096	217227
1125	1137245
1126	2720387	4383214	4436878	548737	830922
1127	530315
1128	4453818	4354363	591597
1129	679616
1130	551892
1131	110455	278064	268832
1132	203151
1133	339685	265524	112809	630896
1134	664150
1135	4476738	4434148	4296286
1136	4371218	831066	2139206	4362197
1137	4328130	241282
1138	732105
1139	1134608
1140	562925
1141	4406763
1142	140806
1143	2694193
1144	4414872	79553	4352286
1145	214943
1146	200279
1147	2521448
1148	249835
1149	1124068	4373415
1150	18867	651100
1151	4406577	2076900
1152	395893	468417	331502
1153	2539596
1154	4397177
1155	267007
1156	2963552
1157	227846	515742	290840
1158	566513
1159	1147044	1135173	58627	19806	967832	674613	544631
1160	201382	824190	200237
1161	3223797
1162	209766	802083
1163	4471194
1164	1145804
