0	229854	511554	203101	201122	55626	544555	575033	223370	201834	813266
1	367523	4450541	546278	100443	142736	103940	279602	527288	214670	279578	4459893	107797	223349	106431	2405358	4453356	4463838	322807	26642	4365016	585674	834924	1118571	3494920
2	4437124	4391891	4378232	296297
3	148318
4	1718973
5	199828
6	6321	4325551	567317	4357361
7	4457583	148107
8	4434148	4430360	4307982	940592	4362437	4295019	4299233
9	555433	1127344	565010	4433934	588400
10	114798	147476
11	296752
12	1963518	368586
13	201026	4424226	263866	338228
14	4475735
15	1109948
16	4385854	143399
17	3770699
18	701453	4449409
19	818177
20	79590
21	4304655
22	3106714
23	3825327
24	4437452
25	348942
26	4391683	1127464	4437183
27	154242
28	833480
29	219508
30	4389692	2793782
31	200061
32	2059049	4109984
33	1141151
34	2101989
35	17507	2916964
36	727807
37	1133483
38	184252
39	312296
40	638942	150587	592622	217022
41	255056
42	2783638
43	305251	328866	241627	32849	344178	306695
44	673678	209792	344789	4347731	4405151	522819	2439148	4396047	4353661	583705	973307	239185	361111	1131186	1938160	1818901	103802	1099001	2517378	546304	181596	4407763	819699	165732
45	4398945
46	523761	246040	123055
47	3516209
48	770657
49	265009	1040796	4439658	793074	2784824	669210	1106515	340909	206870	833240	217030	2887365
50	323496
51	4426773	4426774
52	663153
53	505549	808882	793646	3237254
54	255410
55	4343117
56	4327117	4374591	1575356	4314576
57	755585	4415180	202544	238646	1148138
58	1127469	144625	177531	1129464	351458	4308613	1110088	768672
59	4391685	155766
60	2301651	4466135
61	1636907	4340636	2510497
62	792730	298377	52466	278097	723969	1720561	4332496	187147	100246	564111	4426779	295516
63	333111	4456250	4355556	3369943
64	4389611	4337970	4446973	191378	690065	3579907	186877	4328786	592832
65	203513
66	2753167	161126
67	203282
68	1125779	214695	328826	201784	969778	4405486	534439	259774	4479442
69	4351771	883610	1146405	820524	1126307
70	829918
71	224604
72	881975
73	4316910	4447730
74	574529
75	237144
76	817079	4323164	1120568
77	4459555	1145916	60582	4348038	3802889
78	4325812	579743	78064	3593364	250302	4441200	717584	188243	57455	1115911	541514	592971
79	309766
80	510625	692945	247128	4381536
81	986431	4423236	4374639
82	513826
83	2449279
84	4367902	4399294	4387088	3452788
85	661964	309422	1111421
86	4460178
87	57451	278037
88	4329576	4448437
89	4445042	4307629	811968	1117562	3414987
90	258203
91	217227	150264
92	1134608
93	813052	541079	641927	4464557	634455
94	201562	4425766	1131672	220160	4403
95	227130	4248177
96	223226
97	620957
98	290285	4405613
99	200948	4397069
100	261254
101	3431067
102	795901	757135	340123
103	835532	241183
104	836195
105	335452	105025
106	114305	558862
107	577032	563811	582660	47632
108	202449
109	677077
110	323359	22171
111	164913	3873009
112	201728
113	514547	512076
114	72653
115	203137
116	4392815
117	3759992	151438	4391681	199875
118	3548163	4400179
119	3091986
120	584476	63784	4187164	573391	2005678
121	686593	212151	4313085	824826	4450215	892717
122	3640585
123	351445	4462642
124	334436	4154833
125	150671	813180
126	141395	3685328
127	200762
128	1663
129	530061	1503693	4374780
130	203220
131	619364
132	4261547
133	1604187
134	58310
135	4399547	4417138
136	18084
137	4464328
138	541205
139	113993	703270	649393
140	545499
141	200370
142	571592	609990
143	293873
144	563930	570090	4427763	563781
145	594063
146	4390920	4321924
147	670909
148	632092	234011
149	99699	4483675	818184	201464	42311
150	74066
151	260063
152	512639	561781
153	3749715
154	3688719
155	519270
156	4431351
157	4339175
158	277298
159	4423779	276120	1110349	4425443
160	4461435	1109263	4390351
161	750110	1937709	252374
162	2910382	158266	157130	645781	1080380	327104	834174	733815	136482	336945	4412264	1920869
163	4453908	2275544
164	1908795	234397
165	336306	4303094	817308
166	808267	166591
167	4298715	4467031	239330	4314293	95584	4457067	4361921	229076	4388127	819753
168	726557
169	4316632
170	552862
171	339598	832503
172	1146677
173	806814
174	2858609
175	4360761	1133502
176	4395069
177	4348866	260483	4479416	4334796	4305902	4416466	4408050	4426850	4377602	4457672	1129768	4350679
178	726110
179	318860	525692
180	535618	647718
181	734152
182	399903	4459671
183	545079
184	4314697	4296291	4364418	4322537	236283	4379140
185	4282977
186	3849894	2555060
187	2057833
188	4404362	840765
189	833140
190	161506
191	4392534
192	4428632
193	308020
194	786063
195	109624
196	1799073	823240
197	1134236
198	4343596	4088122
199	3407358	4477135
200	4450457	4450458
201	551282	551065
202	1848175	4315889
203	211527
204	106627
205	1093740	222456
206	146921	215025
207	155396
208	322376	328816	290899
209	3174795	524093
210	3232988
211	2838848
212	332182	318416
213	548425
214	201732
215	813376	771867
216	2745509
217	1061071
218	1124080
219	155335
220	812753
221	4403441
222	4332975
223	250188
224	3664333
225	313733
226	305127	3734843	4430730
227	4482284
228	150483	352165	271799	326374	190084	3769033	175358	640998	273784
229	3392685
230	4386156	2542324	2313300	2426772	2318918
231	319706
232	317471
233	4335262
234	1675298	2426251	2007845	4465583	2419645	4086932	2938373	809666
235	136950
236	301717
237	208145
238	353073	185012
239	4436468	1117522	536121
240	4358107
241	2917
242	796975	817032
243	573648
244	4477989
245	4436799
246	145549	15850	4377373
247	105480
248	3145540	4377603
249	899137
250	129486
251	1112542
252	1711
253	4456410	563149
254	127534
255	252873
256	4368802
257	590445	1141105	4478716	3426090	577510	4465363
258	756593
259	310215
260	3087197
261	4413327
262	3728119
263	181986
264	4352346
265	754657
266	4328672
267	710805
268	258828
269	771
270	558399
271	4326474
272	4468757
273	4482707
274	3761685
275	241535	4447414
276	542251
277	2772147	2016294
278	252998	645337
279	1135847
280	3916519
281	512962
282	1105185
283	222095
284	225636
285	811954	4366958	974905
286	956155	4098422
287	2003850
288	307395
289	4466628
290	320983
291	4375861	232927	230384
292	515742
293	561717
294	562925
295	1130548
296	125020
297	2014493
298	3192744
299	562045
300	347595
301	4347193
302	4480099
303	214270
304	4419974	4410867	536243
305	762594
306	4479984
307	823226
308	4482291
309	3312228	2264311	2205785
310	267027
311	130348	690590
312	176242
313	816512
314	4443318
315	1147951
316	3689413
317	168397
318	203413	1107783	1030543	534189
319	4453636
320	346930
321	335787
322	4460177
323	4348122
324	18783
325	150102	254517
326	349253
327	3802004
328	1873000
329	288404
330	2007623
331	203454
332	807337
333	780514
334	153647
335	248909
336	4434179
337	241543
338	13725
339	1806493
340	322544
341	593456
342	549010
343	3105644	988630	4395819	4341548	4387751	563842
344	881637
345	811993
346	4431138
347	553290
348	4166425
349	342821
350	801940
351	511139
352	2437270
353	4374337
354	200436
355	515322
356	324488
357	297655
358	4004103
359	1837676
360	2370178
361	1668820	306391	1096652
362	1965557
363	17862
364	301537
365	3647779
366	547156	97301	986513	529491	259220
367	623538
368	40597
369	164112
370	1127836
371	211601
372	8194
373	3882796	4373802
374	4355810
375	622298
376	541263
377	260503
378	249835
379	509525
380	203529	4409089
381	578456
382	788933
383	4404098
384	277534
385	2474588
386	3283943
387	1133974
388	1118788
389	2679838
390	340990	547441
391	182569
392	356942	317765	1086672	4460596
393	805474
394	4441358
395	243172
396	514137	4438147	304263	528451	571185
397	4377536
398	671478
399	4415409
400	220884
401	819316
402	4472833	3479426
403	4434334	207099
404	519428	1031733
405	49231	1892547	586288	4397452
406	4423706
407	4312690	324804	4335291	4451788	1133422	4295363	1749853	91285	4462975	4409658	4464688
408	202949
409	4383920
410	107134
411	4331274
412	4398983
413	298327
414	553035
415	4456187
416	3383796
417	547795
418	4316226
419	50206
420	331502	811571	809967
421	4447545
422	4342056
423	225042
424	256687
425	297438
426	150550
427	588983
428	829433
429	837564
430	4439657
431	4328888
432	4447854
433	4391715
434	633005
435	102747
436	166367	538442	800426	801573	4405744
437	4326101	4351087
438	569101	2214214	4323142	4393378	150615
439	824619	592425	4415339	4341587	249844	3909532
440	4468374	303326	165063	259771	292866	297202
441	110393	988534	153802	3043754
442	94710
443	1129860	4313000
444	818161	836794	593730	4477309	807275
445	552696
446	265995
447	4267879	2337723	788568
448	201959	201355	2684914	734928
449	292709	209806	353530
450	346735
451	567229	4313876	239138	266421	581085	35786	4367232	3692061	2626509	135452	1130573	307352	575681	311764	289407	3302038	51677	4429500	330451	178457	176582	302431	132657	339531	186578
452	206088
453	833217
454	810586	587572
455	2529078	287907	532248
456	2215035	3867306
457	4431779	2669164	1130714	770526	4349833	4480618	221219	2910745	817108	101764	2424064
458	3589625
459	809675
460	4341659	4260136
461	613393	4307670	4321845	1124836
462	1127097	734689
463	537316	518530	805969	3189290	4404063
464	4325496	67842	72076	244553
465	967832	3934741	4397694
466	605304	551772	2642683	247616
467	244729	254199	814384	1140127	267474	4358136	2055108	1140764	805416	247550
468	516024	212202
469	269139	35350
470	4447237
471	819696
472	244423	625603	822604	888	143239	1136152	1006	336346	112265
473	1142745	592376	753112	1141396
474	510608	535799
475	804563	3519751
476	810721	2743706
477	807929	821651
478	4459359
479	326921	260053	336383	323899	4340111
480	2294756	251541	1863664	4278327	1852674
481	290018	525280
482	333453	198577	277299	185258	261016	516054	270890	840795	271590	184661	289689	189190	297491	517154	288364	192701	4432284
483	574219	3127101	3610066	304839
484	620479	73760	1612853
485	211848	242902	313367
486	2012210
487	809180	160555	143790	563464
488	202139
489	231994
490	132390
491	4466526	3685837	513094
492	340817	234668	139337	158709	158624	4308038	4349379	606560	747057
493	742444	34948
494	4354577	352871	4297375
495	316765
496	185940	354920	521191	174018	185670	290908	196844	195496	2135972	185306	193432
497	355868	539472
498	1564759	312824
499	1143228	2435847	4446673	4404086	4367622	258882	4479782	247727	1125228
500	4423358
501	4351085	2538454
502	576962
503	709355
504	182893	261623
505	349441	242771	4304095	241391	324532	1927234
506	7
507	4432429	1945811
508	4424926	1961382	4461883	4309574	201423	4304198	1038765
509	232590	4411852	2815577	2021302
510	1128285
511	536761	706478
512	141010
513	4445669	4418809
514	103462	784476
515	3040339	4299455	519672	2528188	1115611	4483158	3170664
516	4464638	4357274	4464639	4317419
517	160813	4415819	2342680	142207
518	4319519	753182
519	279214
520	164784
521	247584	759440	815543	4253641	833519	1003093	4296811	560478	589869
522	579790	243815	509613	320356	661024
523	406361
524	4470595	828183	4434377
525	509792	589504	4456735	716416	25562	201795
526	207690	342319
527	2336905
528	4437875
529	613161
530	4376695
531	591597
532	1718272
533	148047	6047	1136479	152987	631036	536819
534	262657	703594
535	426860
536	4345542
537	1141209	4452487	254722	1130034	4397600	538458	4423711
538	545371	541581
539	243636	787383
540	615581
541	273071	4432468
542	4443068	1132130	559954	509522	708925
543	524130
544	1122791
545	244224
546	290015	292811
547	4298209
548	563037	611733	729384	3081904	835118	630496
549	2107103
550	335361	317554
551	225404
552	180430	196984	552779
553	4415436
554	2954930	4466474	160720	95957
555	52
556	278072
557	4463685
558	4334586
559	4332263	243566	3355011	4372598	46382	1124104	4410207	4443078	929005	770082
560	4304270	114291	348590	313925
561	4424871	4421302	4438565	4296878	4314518
562	719033	814542	194286	258032
563	4447857	1108322	995340
564	211821
565	305384	4069290
566	774738
567	1599709	158725
568	292203	110020	4373635
569	50	236234	1814815	3468115	258563	714	782932	729679	290329	540516	286035	139526
570	545632
571	4461517
572	545609	288159	4331964	4014251
573	4178757
574	315115	746138	406908
575	4362197	1787840	354644	1892277	3690899	204874	527532
576	135862	206757	4477563
577	4426459
578	290002	325539	291925	341023
579	4374783
580	1148064
581	4146
582	4477112	3161337	259309	1117498	4351778
583	245254	805706
584	230687	4381531	1119629
585	4371072	4333921	582009
586	93838	3808211	4355671	4354640	85142
587	4406270	4320935	202471	4479102
588	3061927	578447	109600	4411374	89604	4340746
589	266984
590	203214
591	2659543	4396537	4394040
592	571566
593	810154	331944
594	4359916
595	354897	617715	217797	261725	4331120
596	3181267	4461438
597	656881
598	4421368	4383469
599	207386	4466255	824639	4389688
600	590181	153746	268518	151764	1111561	1123818
601	339685	1130818	313701	306089
602	664150	667665
603	203339
604	258466	628096	4333507	2448089	236113	2228102
605	4479369	724550	246370	156778	624434	82633	254103	151965	4459099	4374888	4471847
606	533116	869796	4303992	854765	2840201	4457931	240970	4229175	992686	4432516	3407058	259604	555076	503372	543902
607	583414
608	101021	328298	347357	287884	571320
609	194106
610	87318
611	1724083	348097	2269609	1146733	2534467	807070	43374	209870
612	541887	300911	161403
613	824190
614	825314	66908
615	836204	228671	847804	45082
616	278064	777039
617	804773
618	238649	2519547	810525
619	539552
620	268832	1113857
621	2714705
622	145409	616022	583571	235800	744700	844103	218453	1066404	1698511
623	209886	218894
624	2860880
625	4457991
626	29714	573411	143037
627	593577	369386	722695
628	329608
629	651100	516809	727781	4320405	884604	770503	1047401	93199	3382949
630	2495377	4382002	4319633	1109370	4364960
631	4351776
632	4296608
633	4426912	2472107	105940
634	300223	605477
635	4368285	797953	159203	1119297	354746	3180820	513082	185950	4461640	3478701
636	658040	203188	578639	235668
637	509139	4372755
638	4324993	209786	257814	4434769	4332330	104326	2275320
639	823988	3618039
640	145658	1112570
641	4412282	4374514	210997	138301
642	4414707	261009
643	3596176	945	145326	111775
644	297086
645	1544503
646	4388133	4377556
647	2508	327512	1106267
648	268693	303574
649	590165
650	4129994	772
651	33606
652	807421	141239	230061	1108173	773965
653	304382
654	3787592
655	281828	782416
656	4419123	4351624	625141
657	4108286
658	1786825
659	521724	2986651
660	169933	4428386
661	159357
662	4421234	4363459
663	774303
664	4389652
665	187838
666	4467510
667	1118873	1576799
668	288835	320888
669	4439913
670	624232	208090	207320
671	4396729	2604754	902443
672	3856406
673	722908	794307
674	4406763	1139850
675	674613
676	4165170	2426771
677	162211	195985
678	1147428	95215
679	151846	3699308
680	564619
681	418131	3268451	3027156	3249874	159007	538302
682	4428958	153403	2119808	1707471	1107877	1105985	15704
683	4443106	4421533	2080449	200644	4477116
684	202229
685	4195023	807851
686	546240
687	293471
688	3792137
689	278739	353716
690	1008038
691	343668
692	4352286	836968
693	4366536	4342059
694	520632	4472482	355082	517181
695	4447290	4439248
696	4398283	296529	241299
697	4361225	112707	121711
698	323706	170060	556694	4313354
699	558742	1106142	4396860	1140062	841337	89662	208265	114856
700	2495073	1677513	138829	2594571	4392463	148676
701	1134440	1126086	4409593	4	343874	408468	324269	1126466	394351
702	247432
703	101480
704	1141035
705	522549
706	563907	1107031	91225	3612083	255255
707	303571	295853	312237	578707	350681	176499	294169	300282
708	27485
709	236485	261165
710	536557
711	166400	153017
712	200020
713	4413077
714	4371215	1047956	818108
715	135579	217004	687956
716	315708	2353139	742309
717	151616
718	1105901	828361
719	1129202	152353	4456478	808017	4420490	251852
720	4354038
721	4343906
722	4295908
723	4388864
724	786127	2275881	238704	592812	273275	561256	1105229	2401732
725	224797
726	2307934	63781
727	1967331	164402
728	302470	298410	340128	780193	141806
729	202294
730	558128	566475	559231	815026	671913	652961	587227	203466	170175
731	728271	1006554	136119	4419266	3017521	4339479	325833	1063088	3445546
732	269517
733	812687
734	667312
735	3322007
736	71930
737	1573550	4342702	254787
738	2335039
739	811403	546459	4441020	4413716	221463	575079	4443384
740	60161
741	618926	245951
742	200237
743	268769	851822
744	321979
745	798326
746	266495
747	215040	181121	135632	4436496	292725	334562
748	809807	4409499
749	4303893	4303896
750	241096
751	568329	199942
752	241282
753	4372040	164293	2172699	547767	276398	2819049	565408	351350	584005	1108926	755235	545488	581410	1115266
754	552271
755	279209	2563	140122
756	265102
757	1146308	4475573
758	265524
759	2941516
760	90624	754843	360032	19343
761	52397
762	334992	268685	550111	591833
763	1138804
764	740477	201939
765	289730	297390
766	4391686	828393	614253	220200	671400	605142
767	4428261	4221693
768	4415094	4340854	822577
769	753117
770	4405880	277716	4403358	3802887
771	3594973
772	4316495	4342055	709012	2269128	208492
773	4397915	28705	2780685
774	1064392	2355748	754146	509759	3059360	1107824	149907
775	4368778
776	4373746	556832	4426240	221823	221738	1144194	733181
777	661785	2440221	1148027	137055	323290	4337177
778	3584697	4232046
779	1146596
780	538905
781	1625457
782	280463
783	4321379	815917	3458181
784	4380675
785	2269127	2047363
786	260039	3206474
787	287366
788	2468659
789	660890
790	749636
791	624542	264795	300507	4476462	264499	849723	225897	4382457
792	170145	569857	4064689	150669	586584	4437560	32511
793	553287	2384822	661986
794	825873
795	4352392	65687	113767	210740
796	103287	1136151
797	747602
798	285160	4377085	2804995
799	4331689	4433285	251769	241659	818302	521345	4349061	4337896	3704845	2462433	628962	776715	38917	4478995
800	199890
801	835619
802	4370240	257626
803	211110
804	4363259
805	238585	3888455	1105560	1014707	141017	211314	212688	4408741	550826	162509	4401777	180398
806	4390140	755474
807	732106
808	203261
809	4368777
810	4394688	92321
811	4374956	4431609	325351	4375874
812	737249	355098
813	4342143	511724	301109	1127021	3943376	688883	4474173
814	301994	346914	294998	1106671	344146	241089
815	809836	566326	156520	591063
816	516775
817	3569526	4350357
818	346007
819	100020
820	1070519
821	2361088	1757437	89329	320773	83737	557572	1147028	3929437	554339	3566752
822	688513	4348041	4454832
823	1632436	514182	829715	1110814	218850	202626	590604	38854	202319	263393	4430037	267553	271314	548836
824	202797
825	4471048
826	813870	838996	816759
827	199436
828	540377	4446470
829	561112	220057	594442	815321	577599
830	808786	1123579	4299686
831	2539596
832	515151	2135976	294333	4453550	180869	516873	4483095
833	4344032
834	852416
835	3738841	1846702
836	213829	4481596
837	4422131	4357538	4187674
838	4390728
839	48617
840	4419243	4393926	80284	4372043	4342494
841	764659	241339	260957	1897766
842	333280	328982
843	114082
844	580377	4463767	4363681
845	4299277	704403	200141
846	584502	814343
847	4463320	3576145	4372072	500203	3533825
848	1142556	248393	1546879	1093166	1127856	254133	4414289	264412	88820
849	300331
850	729816	1142103
851	202080	4196058	4302012	37026	328931	4433789
852	561007	2139754
853	3302674
854	2375998	4468051
855	1111648	220148
856	4386673
857	3793
858	131205	270631
859	112809	110470	92430	4406302	51807	353812	189279	144333
860	298655
861	832147
862	697148	839026	250032
863	4413098	240892	4341066	4386133	1125988	828017	221719
864	3726191
865	4354637
866	4390479	2517611
867	4410187	529501
868	693124	114578	21860
869	819173	218522	79153
870	4308577
871	279589	2787672	4332928	214585
872	4299901
873	540167
874	932989
875	589987
876	3836963
877	2936686	4398342
878	588720
879	4368205	66915
880	4475437	141661	4470073	3920492
881	113409
882	299527	1112779	292871	298149
883	333210	1669710
884	2426770
885	203027
886	325226	291994	319908	557980	1596745	324275	340937
887	208164
888	4384911	651475	225584	4301112	4315167	547630
889	209952
890	317368	209956
891	151203
892	241217
893	790498
894	1972691	160664	1136054
895	108673
896	2334438	161115	3934736
897	254183
898	2012005	815790	585493	4463477	159029	537908
899	339005	343387
900	630896	4357725	272239	1051041
901	201503
902	3086237
903	4266055	3586530	271545
904	128551	532403	561038
905	287384	179095	294390	312619	337359
906	284008	1138049
907	99204	7735	4311426	126133
908	808569	274344	18516
909	4367891	811916
910	98091	279306	157382
911	2245426
912	720604	158414
913	4384438
914	81956	539253	157557	4443888
915	1106722	541485	535826	577504	225040
916	159742
917	340778
918	224506	137033	1124670	557452	243532
919	274961	712579
920	237361
921	4345876	555817	813334	200529
922	4296286	4327922	4450538
923	4418665	1124575
924	4371273	551866	1088815
925	1137076	27457
926	1974170	161484
927	3432758	1429	1125812
928	594355	6817	201771
929	4348606	4457689	4433022
930	535512	163997	345464
931	4185344	236789
932	4397176
933	4345443	142046	365299
934	309846	136293
935	1108045
936	1697000
937	1112619	3401148
938	3203493
939	2116283
940	1070446
941	88159	592087	352389	4377099	1143619	3329857	4374093	123788
942	553849
943	724101	1071670	520644	810495	266913	714087	557031	609301	320985	4380628
944	4481079	271352
945	360203	4270416	763875
946	4470426
947	537078	278157	576960	2014200	3160827	4469487
948	2310825	4426532
949	820775
950	4452949
951	203013	807476
952	138007
953	1785734
954	809436
955	4436898
956	2207590	4461287
957	1138501
958	267007
959	4470457	3589845
960	4315275	3954474	4374847	3420280	4351962	4478993
961	747147	513510
962	273599
963	586600	213436	4352153	4306749
964	106876
965	3337473	644336	1130982	820981
966	528832	351478
967	2909029
968	89297
969	183107	522863	191183	259578	197460	193666	526745	186510	176053	182857
970	52036
971	553125	574028	2783974
972	228584
973	837712	4460176	322340	140760	33696	368639
974	176838
975	1140419	263200	221240	4406624	1866	1120398	4360029
976	251368	897404
977	4479426	3343463	242162
978	1953696	922912
979	2658745	3017868	4417712
980	290840
981	1127611	1140740
982	18466
983	2879956	3015026	4408885	4389685	4397838	811367	278616
984	259321
985	101465
986	4442935
987	4405135	4315255
988	2601820
989	1032509	4413062	210280	4319889	761300	1114050	4298545
990	544631	4453762	3040675
991	303114	336760
992	613703
993	651369	571020	741310
994	3329938	2340734	4472928	4445159	4364952
995	1598493	833281
996	242647	1215
997	274779	586373
998	1123283
999	4334346
1000	815435	283629	202428
1001	4251079
1002	202196
1003	434992	4406781
1004	208896	210217	238445	237330
1005	229118
1006	328323	4302425
1007	2389720	109616	747825
1008	346062	4415092	941639	580440	130408	827864	1116547	1140163	651284
1009	501876	936750	919014
1010	1251
1011	4403865	143387
1012	949904	265736
1013	4450244	191849	885978	4308184	693613	4425943
1014	193092	22645	4323376	4380419
1015	4371796	4373917
1016	336499	267411
1017	561378	251145	248747	806709
1018	102556
1019	246601	737498	200608	3156587
1020	827585	1802722
1021	1972501	2240358
1022	305530
1023	543286	4380648	3123102
1024	298151	224379
1025	4464974
1026	4428100
1027	1109328	2025161
1028	2553816	3528230	136895	546188
1029	2851831	818994	546834	547418	220131	3553390
1030	290085	4471301	560677	1852712	1095264
1031	4329986
1032	1818574
1033	3979167	709318
1034	152225
1035	3785576
1036	2545405
1037	543245
1038	701912	113210	3934283
1039	2581885
1040	544827	272647
1041	3191925	330159
1042	95370	567976	4303318	228955
1043	4426962	158373	275925	805185	4357144	552456	4376327	4336488	262007
1044	769256	1813094	203449	708220	793706
1045	1123337	1129553	259795	4413467
1046	4441040
1047	2672862	807071
1048	3631907	2079819
1049	3699549
1050	17532	717459
1051	2663929	278093	834863	3934742	1108864
1052	4378235	1567686
1053	200173	200519
1054	4460175
1055	236945	269591
1056	266820	267337	201556
1057	319260	324328	327927	335759
1058	3020522	4383910
1059	111100	4306484
1060	4215053
1061	4401868	2694703
1062	255981	757482
1063	176559	545876	272461
1064	328282
1065	2185597	4406161	2842308
1066	2107974	4346108	935123
1067	1142178
1068	1125422	248813	223031
1069	2724974	4354130	606667
1070	625188
1071	548702
1072	996510	170481	263309
1073	3171078	12562	1111090
1074	767184	220050	312923
1075	251068	4436426
1076	575997
1077	153120	755973
1078	657848	162418
1079	1941303
1080	582249	347473	1106599	4326449
1081	567189
1082	4427102
1083	4299768
1084	278587	508877	4350647
1085	4271527
1086	260834	639502	214718	540196	574287
1087	4352370
1088	4425146
1089	114724	4292437
1090	180208	177898	273494
1091	182594
1092	1136265
1093	48952
1094	79653
1095	4334584	4334217	215867	679121
1096	210216
1097	4399328
1098	786223
1099	181532	4340587	278566	174109	310505	190026	558458	572010
1100	4472725	140674
1101	10934	2064399	549858	248725
1102	217717
1103	575910	373848
1104	760005	294399	573135
1105	4213092
1106	2205961	4340753	3490
1107	247171
1108	34546	771894
1109	851138	3022550	109549	792747	563669
1110	3092940	4357153	2104713
1111	4442864
1112	1979817	4456437	2843	4460768
1113	4386152	4423599	2115593
1114	4470867
1115	86589	836371
1116	4022282	2347454	224519
1117	216451
1118	259071
1119	250886
1120	663310	4340959
1121	1127017	559629
1122	587681	201519
1123	4304962	4310797	4361068	645317
1124	1931714
1125	1523543
1126	37498
1127	4431899
1128	4392932	3720150
1129	833346	576010	1146188	4454854	733309	657046	93530	512542	258188
1130	4444173	2431916
1131	841246	256706
1132	821305	1130314	556603
1133	200629	206038
1134	294105
1135	4097804
1136	4468519	1043715
1137	2959934
1138	633082
1139	146428
1140	737520	4461437
1141	2828460
1142	4304452	749805
1143	112239	4484491
1144	135186
1145	570616	4385637
1146	4377507	567620	2716666
1147	299904	43971
1148	4312480	237889	13031
1149	4044597	568859	4335623	4483151	4468811	535261	2105437	2775219	778385
1150	72205
1151	220360
1152	1116083	4434944	4369590
1153	4463866
1154	271544
1155	292083	214891	204223
1156	751618	244559
1157	1222
1158	2716598
1159	4369138
1160	838203	50807	330298
1161	4390249
1162	4392535
1163	4327059	44156
1164	4335321	275514	300306	47692
1165	821823	3336801	218559
1166	1110170
1167	723019	122032	823	252920	838	144807	122879	520629	4396909	529235
1168	518048	733847	137398
1169	835097	761132	547176	4402525
1170	824445
1171	4294643	1143742	722815	4374455	315081	4383216	2599	19323	4437717
1172	716887
1173	4395750
1174	1130295	157331	279527
1175	4323476
1176	185977
1177	337888
1178	526963	529506	331425
1179	4409929
1180	1030652	309693	3559874	196131
1181	2033050
1182	4328851
1183	356395
1184	802223
1185	534156	4467085	201574
1186	289116	181717
1187	112651
1188	3518314	184873
1189	3744356	4404755
1190	202758	201405
1191	4436944	3265975
1192	4323734
1193	4219827
1194	843811	4332266	748865
1195	2372909	2903258	4354266
1196	1140492	4313979	424619	4367474	3002429
1197	2423264	586123
1198	130062	246357	248397
1199	245228	3994833
1200	140910	4410469	4308610
1201	787483
1202	539016	262307	685213
1203	346388	345452
1204	4044058	2373126
1205	1777944
1206	264416
1207	4401161	785787	274760	538114	824816	32172	225697	4387158	4344660	639764	583889
1208	806767
1209	2996647	4416995
1210	647539
1211	198417
1212	295986	524633
1213	308163	102448
1214	354795	339941	4409591
1215	218058
1216	3409375
1217	180402
1218	816425	156255	1147974	681503	215574	4479575	217097
1219	3411374
1220	1109493
1221	201747
1222	209483	2131342	3362404	2146897
1223	1113737
1224	4427993
1225	271332	134262	153923
1226	150741	4431350	107881	1119197
1227	144924	264464
1228	556736	544942
1229	246298
1230	241957
1231	1124893	4473186
1232	1078830
1233	3623262	333372
1234	4426263	131207
1235	205343
1236	344325
1237	806700
1238	145173
1239	566726
1240	4255849
1241	191213
1242	745583
1243	822469	35371	716473	3203182	4347727	2534	790438
1244	193598
1245	202459
1246	333360	158611
1247	4466524
1248	132414	614663	219354	2436606
1249	773956
1250	167253	103210	4334475
1251	4393618
1252	3871866
1253	272303
1254	2915091	4389793	4329132
1255	4409088
1256	231591
1257	727248
1258	4383289
1259	824161	3116655
1260	259209	433991
1261	936914	2537230	253352
1262	43095
1263	2587360
1264	3366304
1265	1106779
1266	301630	309099	522602	179663
1267	4409453
1268	724147	547754	4335376	589920
1269	294709	195674	297872
1270	4344030
1271	107282
1272	143944
1273	552169
1274	244739	537177
1275	710049
1276	268559
1277	622212	95032
1278	827328
1279	108724	4331590	269248	4323733
1280	1735981	713656	3166208
1281	630008	510135
1282	516290
1283	1111696
1284	141088
1285	1130023	4390024
1286	4381178
1287	1140535	3577612
1288	2887205	568082
1289	774740	4419982
1290	3397195	827998	847757	3621297	1124856	542252	270495	112150	158404	4337255	239133
1291	313427	215649	4377104	796717	583617	2679706	4454756	549805	200681	546315
1292	3462709
1293	1108220
1294	250269
1295	187160	4251239
1296	280092
1297	1137245
1298	851865	111024	4437524	110660	586980	111066
1299	839203
1300	2586700
1301	530315
1302	4387722	574274
1303	203151
1304	732105	4470921
1305	3802007	690835
1306	4423343	4475751
1307	4414872
1308	214943
1309	202528
1310	366392
1311	4406577
1312	395893
1313	4440118
1314	528758
1315	292167	293289	183051
1316	1147044	245429	275100
1317	246403	928249	242610	306516	253322	220089	267381	615544	2977445	178547	2206339	4478717	4470190	4340580
1318	209766
1319	245058
1320	4349619
1321	165300
1322	4460931
1323	1116472	278812
1324	4447637	4334870
1325	810216	1144456
1326	3608952
1327	136414
1328	159862
1329	63956
1330	583967	829927
1331	2855860	4429635	314853	142583	174924	4416557	34789	333195	341823	299599	2263797	298728	2945415	190251	329240	346141	362948	338374	4036272	272428	183186
1332	91130
1333	4417074
1334	817295	246446
1335	834065	212126
1336	88193
1337	163300
1338	1530118	2853112	817345	3181260	805436	245245
1339	4432907
1340	823009
1341	303371
1342	590343	561755
1343	808695
1344	817470
1345	4407313	4338827
1346	150680	627001
1347	4415327	2710393
1348	578646
1349	1799396
1350	43314
1351	4340420	4377851
1352	2223778	4339795
1353	207524	215748
1354	4403061
1355	4444251
1356	544773	4356455
1357	114015
1358	161623	208292
1359	4425448	234376
1360	1112186	512330	4481625	4362511	1930261	223309
1361	2627106	4470892	785095	333120	205771
1362	3601578
1363	716196	295898	593516	762827
1364	951205
1365	4389302
1366	4445426	1125136	58375	586971
1367	4021998
1368	575820
1369	199983
1370	88848
1371	251082
1372	201206
1373	200605
1374	104010
1375	4294568	791021	833898
1376	785554	4415988	4318044	4426628
1377	1130364
1378	314835	234971	612198	2776987
1379	804911
1380	390897
1381	164420
1382	564864
1383	217293	1148170	217989
1384	149095	303937
1385	318282	4448814
1386	700579
1387	201979	4371216
1388	4327572	810284
1389	4414734	217684	676966	583035
1390	1843326
1391	4426469	307052
1392	535510
1393	811806
1394	4360218
1395	161220
1396	2404302
1397	2750805	2901960	267536	594422	549053
1398	2679839
1399	4447353
1400	4385066
1401	82092	4459594
1402	1127128	9131	4352887	839212
1403	4308961
1404	836717
1405	4294447	4301106	4428279	4300655
1406	1141056	317164	343305
1407	4366456	1106363
1408	299638
1409	4374051	1147399
1410	308972	527437	528234	298161	179806	272220	593787	192222	309939	292343	324302	344506
1411	257898
1412	722791
1413	330398
1414	98560	823663
1415	690782
1416	4361335	98761
1417	572975	236149	4314635	221999	236445	1124020
1418	4371218
1419	228795
1420	32823
1421	4314929	235447
1422	736226	569402
1423	552808
1424	3629722
1425	151011	545782
1426	539222
1427	2984017
1428	30366	4320407	254323	3842051
1429	210607	246387
1430	4298210
1431	733426
1432	289174
1433	226314	656928
1434	261768
1435	4329302	831548
1436	1134862	510276
1437	1143913	4463675	509776	4024554
1438	203276	115256
1439	614539	2881190
1440	730039
1441	2541514
1442	4459985
1443	1513052	4384293
1444	287678	4456252	164960
1445	266452
1446	350484
1447	4323100	144268	4431349	169822	4481623
1448	2984011	547305	3541724
1449	2683209
1450	140938
1451	357058	111274	311952	196295	1122917	432444	307152	340276	246898
1452	1131787
1453	3256066
1454	10485	830447	4394002	4413256	661270	3101247	344093	175290
1455	250567	274948
1456	3950214
1457	150191
1458	213849	277799
1459	310817	520017	152668
1460	300457	301984	356075	182420	263546
1461	173306
1462	741410	238418	659453
1463	2170497
1464	287316
1465	233513
1466	3092716
1467	536947	4392443
1468	111582
1469	247376	556372	4460075
1470	802083	2626212	3730098	202660	4468758
1471	4419304
1472	367377	183870
1473	4389227	1616897	207151	329074	814433
1474	726047
1475	313945
1476	4303514	252552
1477	220164	4424443
1478	1960156
1479	239967
1480	587519
1481	568498
1482	2020093
1483	364760	160220	583308	553810	584518
1484	268585
1485	4412217
1486	2030888
1487	240030
1488	4313874
1489	55384	238388
1490	1220
1491	217920
1492	93929	1147618
1493	4281508
1494	4476741	4371472	738462	4413721	239002
1495	534049	621056
1496	2000330	666256
1497	269486
1498	258158	814892
1499	21
1500	940651
1501	327502
1502	150700
1503	157064
1504	290037	4413176
1505	102710
1506	698544
1507	4405409	225943	1114572	186763
1508	4379602
1509	197393	189035	270349	193107	332770	356061	192234
1510	2273342	661453	461480
1511	141349
1512	822106	4368524
1513	4340429
1514	2059268	1844217	2105424
1515	4418110
1516	245621	4396051
1517	4358761
1518	1129115
1519	4344112
1520	149399
1521	2040860
1522	227846	248473
1523	875406	580822	60618
1524	256432	797337
1525	591320
1526	4341949
1527	4365208	243614	4337276
1528	86730	1115456	107665	207114
1529	2318997
1530	740167
1531	3137030	1594231	1922098	2816607	568309	1624460
1532	4352520
1533	4337602
1534	164185	144582	298963
1535	1124068
1536	15609
1537	275300
1538	689754
1539	542103	25719
1540	1142181
1541	4363260
1542	822562
1543	4405407	110224	4461740	4333248
1544	247740
1545	1129716
1546	4343334	4394492
1547	2843088
1548	159252	2095262	4395818
1549	4477466
1550	585286	4282479
1551	141197
1552	1122145
1553	800428
1554	301157
1555	4447856
1556	100328
1557	1106961	281379
1558	4428113	202836	259478
1559	746370	307036
1560	4465473	4364176	4336744	353691	345686	784950
1561	139265
1562	2157225	628982
1563	200455
1564	260667
1565	39737	581599
1566	4429092	1110528
1567	565403
1568	161018
1569	150571
1570	3218678	150620	107161
1571	663562	289963
1572	702448	4386728
1573	993578	4391205	145762	588112
1574	104534
1575	16272	4338161
1576	202110
1577	4370766
1578	93487	4483633
1579	583622
1580	15791
1581	584663
1582	200695	242584
1583	696942
1584	2224376
1585	1140189	1143087	111871
1586	207228
1587	1117319	4482886
1588	658952
1589	159367
1590	573196
1591	553928
1592	242471	671325
1593	823117
1594	583328	2475156
1595	101908
1596	4361297
1597	4418211
1598	3470777
1599	304089	625508	1135999	128358	1143630
1600	72055
1601	12481
1602	4336479
1603	33001
1604	4307141	134409
1605	4286230
1606	51926
1607	1139503
1608	4442688	1123989
1609	37803
1610	4446626
1611	107789	56503
1612	154833
1613	289589
1614	4399236
1615	45967
1616	2421042
1617	634007	2465968	278503
1618	4476585
1619	560685
1620	532985	172015
1621	825815
1622	78435
1623	4375676
1624	4032246
1625	866043
1626	1961476	2528838	554129	1142481
1627	4375017	4296777
1628	4343435
1629	270418
1630	537598
1631	264374	693877	554177	319870
1632	534059
1633	770090
1634	110455	773120	4396699
1635	293596
1636	41999	142364
1637	585499	1130256
1638	847080
1639	562730
1640	4454164
1641	4372784
1642	254542
1643	564220
1644	3676485
1645	1870404	4420082	241589	14283	4190106	2685963	4475335	531428
1646	4474675
1647	3058155	1106858
1648	4465581
1649	104936	64372
1650	1123168
1651	699249	611562
1652	543548	150632
1653	4438491
1654	833694	4436545
1655	201683	91649
1656	4173596	554049
1657	715430
1658	28429
1659	300026
1660	224198
1661	144922
1662	779373
1663	3190878
1664	815912
1665	4021961
1666	4451743	4341816
1667	58314
1668	1147339
1669	4332942
1670	1928988
1671	16195
1672	1125822	4275825	4362988
1673	206404
1674	119396	517082
1675	520886
1676	844106
1677	518033
1678	238890
1679	651366	575794
1680	3363383
1681	3562948	4044215
1682	4401294
1683	72480	1106540	240136
1684	808369
1685	223835
1686	242352	260036
1687	184401
1688	343620	1096846
1689	837672
1690	263869
1691	4406765
1692	4346663
1693	2344568
1694	235421
1695	2811009	3834751
1696	547582
1697	104057
1698	158692	817250
1699	4353811
1700	670696	1113461	211918	209414
1701	4232137	249646
1702	258655
1703	275591
1704	818401
1705	293824	297638	309030
1706	163550
1707	4427000
1708	4420443
1709	4300670	541699
1710	1963126	326916
1711	694268	1123749
1712	54146	2751331
1713	530323
1714	4417185
1715	104691
1716	166429
1717	80101
1718	589799	348433
1719	4421402	3510823	769319	144770
1720	4358278	3754496	584918	278760
1721	2182540	4345165
1722	201696
1723	4377101	1147432
1724	2835958
1725	4386447
1726	4483258
1727	526723	524459	832442
1728	142674
1729	4479541
1730	155181
1731	1767472
1732	3176741	267624	111025
1733	139347
1734	203503
1735	708774
1736	534922
1737	583348	4456055
1738	79318	4299875	318391	2122726	3779420	515767	568677	246998	266935	350341	4289859	2795124	314638
1739	4369839
1740	4401305
1741	33564
1742	622992	2954253	2453155	4371882	1939935
1743	177228
1744	354006
1745	300695
1746	200153	347529	4369352
1747	689324
1748	198592
1749	620617	274879	3223925
1750	136285
1751	800453	4439267	609400	700721	536025	278539	161669	2679841
1752	349318	3415181
1753	592682	4421369
1754	2076900	2778627
1755	2219321
1756	840905
1757	4431212
1758	627043	589358	358336
1759	4363563
1760	564591
1761	352328
1762	227522
1763	558411	3804102	2594574
1764	677834	807143
1765	4458421	822929	158117	248156	149351
1766	4440511	4319882
1767	4440395
1768	674402	542961
1769	562348
1770	202302
1771	210951	647760
1772	4447207	4365249
1773	574510	591061
1774	291922
1775	4298922	4452901
1776	2518895
1777	243779
1778	556165	896381
1779	250592
1780	641796
1781	118018	127240
1782	272134
1783	2957822
1784	4345774
1785	60610
1786	4422968
1787	4474268	104933
1788	111520
1789	349931
1790	181782	195050	142358
1791	735032	4421622
1792	609168
1793	511200
1794	175283	311788	812122	171617	355798	517210	309363
1795	2286116	3792581
1796	200466
1797	4419449
1798	1108453	113924	275216	216888	13932	311050	347740	195325
1799	1133369	4248037	4475282	1134828
1800	4466873	4327602	255053
1801	4373415
1802	2088685
1803	885214	179300
1804	817095
1805	112892	538535
1806	4150879	509956
1807	144777
1808	4339110
1809	3927137
1810	302639	4325733
1811	201801	769637	832304
1812	113368	82334
1813	4469652	3749801
1814	578414
1815	611320
1816	660248	4106713
1817	340397
1818	353707
1819	3258903
1820	7260	4319691	4471344	158415
1821	269674
1822	4424610
1823	529442
1824	742320	2818167	150619	3037672	4341612	1005125	1118172
1825	575225
1826	3931706	817183	569584	760848	1839271	274392
1827	3721617
1828	4397177
1829	831066	224790	1662279
1830	202504	265551
1831	4354931
1832	509688
1833	1110421	4362191
1834	245523	1038074	151841	270082
1835	1122413
1836	555844
1837	1121803
1838	4424614
1839	153593	33161
1840	536562
1841	2680998
1842	279033	192697	159170	805194	1141500	272991	1110893
1843	3784054	1742312
1844	546541
1845	4474638
1846	542678
1847	20204	1750495	222706
1848	104684	171334	815952
1849	4407748
1850	1940940
1851	587612	926588
1852	3294224	565526	969518	236255
1853	3726184
1854	261187
1855	3618038
1856	519272
1857	4483530	203321
1858	773201
1859	341179
1860	101800
1861	558772
1862	4199935	890463
1863	2730777
1864	151535
1865	593154
1866	277968
1867	111614	1813602
1868	256207	4361215	2341558
1869	4141532
1870	264348	4393711
1871	4336814
1872	2261036
1873	172946
1874	752144
1875	307675
1876	1932084
1877	4172205
1878	261355	257843	4041854
1879	91523	139282	230995	4016383	778682	641794	2229902
1880	4332401
1881	754800	829438	620585	274691	4473559
1882	266622
1883	775673
1884	217558	247060
1885	1135173	2629	4439368
1886	191032
1887	549322
1888	582185
1889	180467
1890	4341067
1891	4444582
1892	151811	4344999
1893	292680
1894	226359	272815
1895	4374484
1896	1003894
1897	1109993
1898	559753	557504
1899	4349225
1900	264686	99346
1901	722309	2601842
1902	220728
1903	4220777
1904	343816
1905	195055	4405505
1906	809056	101847
1907	216234
1908	513052
1909	883
1910	3807100
1911	2720387	831289	328275	828151	1136729
1912	4453818	552576	4469976	557488	201322
1913	679616
1914	159945	161407
1915	255915
1916	4476738	4477561
1917	258996
1918	569329	4464789
1919	2694193
1920	341933
1921	4428294
1922	629139
1923	4390198
1924	4469057	170463	1127577	177545
1925	509413
1926	3223797
1927	18867
1928	4474226
1929	543799
1930	99461
1931	577358	3116297	151902
1932	551573
1933	1130989	3967445	4310915	1132537	169965	51154
1934	4349618
1935	327358
1936	95836
1937	4443936
1938	3899192
1939	809923
1940	4314510	4295827	159172
1941	229982
1942	759363
1943	3990168
1944	812244
1945	2060314
1946	518730	560237
1947	576731	349490
1948	229624
1949	227273
1950	539765
1951	594168
1952	4310799
1953	212889
1954	1106476
1955	812726	2222094
1956	291356
1957	3254766
1958	3892
1959	4083687
1960	4423721
1961	202279
1962	547738
1963	1124560	1107910
1964	4460179
1965	119231	234298
1966	4483957
1967	343009	314510	333042	340665	330831	341624	292052
1968	206066
1969	806148	224521
1970	3431066
1971	767148	328483
1972	729293
1973	4004098	736051
1974	3014179
1975	213358
1976	4395397
1977	593705
1978	741521
1979	108124
1980	4297587
1981	534672
1982	2414618	2317382
1983	104067
1984	293434	4440541
1985	246006
1986	195743
1987	666023
1988	4457249	209664
1989	207662	88715	206533	638574
1990	715138
1991	821385
1992	4042859
1993	4455886
1994	4446882
1995	202507
1996	290541	527630
1997	555238	2441816
1998	2725873
1999	254993
2000	583837
2001	20571	4481801	4295771
2002	4358080	4310040
2003	100774
2004	2720667
2005	2717583
2006	243283
2007	4147840	3985283
2008	4468516	584392
2009	2103326	273316
2010	202951
2011	639895
2012	4383214
2013	2139206	516978	278452	4393495	4442732
2014	4222439
2015	4446818
2016	90508	591166	748290
2017	4448789
2018	547431	4389194
2019	3843946
2020	540689
2021	2361381	2148768
2022	547183
2023	4434657
2024	4457987
2025	1121421	95345
2026	269089
2027	566078
2028	4375477
2029	717487
2030	3671911
2031	1129750
2032	4432822
2033	4467331	4336516
2034	4009970
2035	836850	541627
2036	201138	4324232
2037	4468332
2038	140201
2039	515655
2040	1105862
2041	4411891	218700
2042	4453725	45149
2043	152946
2044	79191	4393546
2045	4325391
2046	97342
2047	337834	264398	163874	182630
2048	4336154	4353624
2049	274913
2050	1528	4305631
2051	1118969	4378109
2052	663899
2053	270225
2054	4470884
2055	344514
2056	58627	58625	1122930
2057	136727
2058	294612
2059	3359884	674285	3538
2060	284592
2061	4350673	165553
2062	4350649	159051
2063	576072
2064	794817
2065	539547
2066	4336881	540056
2067	1878663	49
2068	1133015
2069	269615
2070	28592
2071	654054
2072	14306	4472101	4374887
2073	4151820	259792
2074	643828
2075	288420
2076	650505	4344792
2077	1104783
2078	1143648
2079	3829182
2080	292511
2081	171242
2082	4354363
2083	239255	844510
2084	4369623
2085	213210	4474227	3397080
2086	420318
2087	150676	968165
2088	538398	3674810	4313071
2089	355162
2090	301528
2091	733942	1126413
2092	202318
2093	512191
2094	4436878
2095	2745645
2096	4312504
2097	549759
2098	4475689
2099	2714175
2100	4248763
2101	109057
2102	6010
2103	4384144	235527	130720	1787797
2104	576989
2105	304308
2106	111406
2107	1143371
2108	1142161
2109	2849206
2110	810847	289157	265986
2111	178045
2112	4423155
2113	4335289
2114	143380
2115	696948
2116	322383
2117	174974
2118	330118
2119	266521
2120	2479930	144799
2121	3133367
2122	266484
2123	4426208
2124	1883799	584597	540502
2125	224817
2126	173296
2127	144490
2128	717955	945326
2129	579266	722817
2130	198375
2131	4346740
2132	19806
2133	4344031
2134	741546	226411
2135	236403	1148230
2136	4307082	614695
2137	2521448
2138	4471194
2139	3586851	675672	4454339
2140	4458112
2141	691759
2142	116221
2143	305957
2144	592303
2145	820732
2146	2843097
2147	4474030
2148	837964	231758	519104	237826	4437189	369664	242050	4306292	538433	516285	561824	2969785	3252272	252454	812678	556993	346694	1711236	244086	1660169	818146	215053	218639	74136	103004	303217	2888513
2149	150441
2150	1115206	4394175
2151	4309498	795874	633310
2152	279044	321262	580756	257854
2153	1131325
2154	807523
2155	1829647
2156	1112175	2431885
2157	831195
2158	4307887
2159	141281
2160	2371893
2161	1522124
2162	1118984
2163	4479774
2164	4303796
2165	771689
2166	673631	643285	269494
2167	2051943	455130
2168	301880
2169	1113453	549100	4351772
2170	4423139	562206
2171	202518
2172	3025741
2173	1742076
2174	217784
2175	292079
2176	4319046	4403977	249911	4198891
2177	4428088
2178	658364
2179	4367239	2030745
2180	639310
2181	183580	1883794	1116881	206331	831971	853083
2182	968354
2183	235547
2184	867408	4472239
2185	757211
2186	687345
2187	3018722
2188	468417	418158	450243
2189	143099
2190	704236
2191	806676	2135701	1546526
2192	149981
2193	259799
2194	566061	142489
2195	4344033
2196	544697
2197	93438
2198	290981	2707164
2199	4455990
2200	3390949
2201	200279
2202	4172519	4481414
2203	526150	4372979	151318	237086	1106345
2204	268923
2205	3464844
2206	811277	4372908
2207	815460
2208	957126
2209	2610087	227067
2210	550349	4385821	2729130
2211	252759
2212	645717	4456283	760505	155693	4409498
2213	294289
2214	696036	661903	253044
2215	653625
2216	4483176	3148447	2150069
2217	227321
2218	569216	4326567	141893	145732
2219	1145804
2220	545331	590783	244554
2221	1147645	810148
2222	4368981	2990833	4335619	207211	4330488
2223	1113653
2224	3597424
2225	291627	143031
2226	159805
2227	590314
2228	251777
2229	2630939
2230	2463674
2231	259928	190750
2232	304187	267071	355100
2233	4479724
2234	177176	523471
2235	158641	146556	37165
2236	4379200
2237	4379251
2238	278949
2239	134564	4354131
2240	4294883
2241	815762
2242	615282
2243	233988
2244	4387054
2245	579500	668513	199568	289569
2246	697876	262886
2247	189603
2248	225484	587162	278365
2249	4387049
2250	203525	202775
2251	202010
2252	610967
2253	4328130
2254	4367238
2255	4376591
2256	571373	4300654	4295378
2257	749583
2258	4015030
2259	331776
2260	4468833
2261	148516	253183
2262	4355108	3802888	4024143	2268709	254086	3583350	2162401	2608395	2313484
2263	580168
2264	773586	4344832
2265	521926
2266	1137641
2267	179000
2268	161507	4407066	4466931	4259732
2269	109663
2270	793380
2271	452424
2272	1136128
2273	2984014
2274	4340384
2275	548737
2276	216235
2277	3202061
2278	294316	322943
2279	334122
2280	559924
2281	747039	311982
2282	314485	26708
2283	309917	278050
2284	3726475
2285	111958
2286	161615
2287	697063
2288	206961	142856
2289	3064426
2290	638063
2291	972165
2292	1146005
2293	1824285
2294	4479394
2295	4254948
2296	156907
2297	180127
2298	1130065
2299	1127610
2300	3843950
2301	247490
2302	144865	3064451	766478	4343814
2303	795216
2304	816797
2305	672701	278588
2306	285739
2307	4375601
2308	79553
2309	822483
2310	254279
2311	337382
2312	157054	352906
2313	1147263
2314	561874	749727	850935	841993	144239	40435	4381723	191464
2315	4123679
2316	324257
2317	4418129
2318	817699
2319	1651257
2320	238870
2321	88638	55020
2322	1967
2323	4365640	3820	4453084	149144	131162	1146161
2324	564496
2325	278436
2326	202783	830
2327	3270001
2328	564341
2329	830922
2330	800075
2331	518244
2332	219691
2333	276662	2412762
2334	512263
2335	4434579	364903	158207	158718	551008
2336	719649
2337	707472
2338	22294	2729207
2339	1121968
2340	4470394
2341	2409046	1991868
2342	2768112
2343	4333552
2344	4377103
2345	134265	4331006	527203
2346	829035	990307	592283
2347	264140
2348	298198	514926
2349	585888	4396361	202566
2350	945028
2351	819537	299259	4225237
2352	332418
2353	287898	4400480	321924	4432837	295070	337993	294913
2354	285041
2355	4411344
2356	3116298
2357	4462692
2358	628734
2359	297503	182617
2360	1115574
2361	4097115
2362	2574113
2363	2541517
2364	4319168
2365	4399807
2366	204914	137541
2367	186268
2368	4353106
2369	246308	495086
2370	4398699
2371	4322265
2372	940486
2373	4469750	105573
2374	707992
2375	2652241
2376	2175863
2377	1696745
2378	44257
2379	4381899
2380	764805
2381	161571	233435
2382	1049189
2383	160498
2384	290275
2385	160113	287209
2386	259652
2387	4443191
2388	268871
2389	236830
2390	543249
2391	4439488	148219
2392	178438
2393	27500	593215	577179
2394	106474
2395	523033
2396	4427916
2397	207920
2398	3079301	250044	251280	232888	273970
2399	41280
2400	3291002
2401	199882
2402	202746
2403	4451714	4381093
2404	1948669
2405	812800
2406	670970
2407	354943
2408	352709
2409	4354934
2410	142268
2411	816573
2412	721128
2413	240160
2414	300727	300853
2415	4315232
2416	249538
2417	4437874
2418	4430839
2419	71213
2420	4336348
2421	1147406	635682
2422	1065387
2423	561845
2424	277676
2425	558040
2426	587902
2427	691008
2428	3269889	4455875
2429	4423550
2430	1112478
2431	4342359	543414	4470256	4350132	4369491	4405293
2432	796532	569938
2433	4372395
2434	326629
2435	4196442
2436	202341
2437	2162306
2438	107637
2439	2717581
2440	4422379
2441	2170973
2442	159293
2443	1129723
2444	4460034
2445	639466
2446	866081	131533
2447	141782	142373
2448	1707175	780205	3420260	609266
2449	907731	276155
2450	4459468
2451	4348297
2452	270609	109181
2453	253483	111842	255172
2454	203472
2455	324136
2456	250288
2457	4376730
2458	100316
2459	123662
2460	4332943
2461	4350433
2462	370274
2463	4481901
2464	1846254
2465	90217	66919
2466	4424862
2467	4387052
2468	1629627
2469	534023
2470	259375	231344
2471	227867
2472	2784823
2473	336509
2474	732033
2475	247164
2476	4091454
2477	200188
2478	3936461
2479	4377428
2480	551892
2481	4403574	904322
2482	201382
2483	142715
2484	4336809	4316316
2485	221562
2486	3779572
2487	140806
2488	144458	135798
2489	230258
2490	4395236
2491	589892
2492	2963552
2493	268598	568347
2494	566513
2495	619141
