# Constructed from biom file
#OTU ID	145	146	147	148	150	151	152	153	155	156	157	158	160	161	162	163	165	166	167	168	170	171
Unassigned;Other;Other;Other;Other	0.00828220858896	0.00755461784523	0.00778356481481	0.00726267169077	0.000515796260477	0.000519054773938	0.000282559043067	0.000521077588453	0.000417288939647	0.00701523909616	0.00162566118309	0.00324058205839	0.000249221183801	0.000451292631036	0.000172481766213	0.000227045681591	0.00140103005308	0.00166834723623	0.000647816477403	0.000446177743993	0.000925634845786	0.00129375951294
k__Bacteria;p__Acidobacteria;c__Acidobacteriia;o__Acidobacteriales;f__Acidobacteriaceae	0.000245398773006	0.000306268291023	0.000202546296296	0.000820469186824	0.0	0.0	0.0	0.0	0.0	0.0	0.0	0.0	0.0	0.0	0.0	0.0	0.0	9.16674305619e-05	9.52671290298e-05	0.0	0.0	0.0
k__Bacteria;p__Acidobacteria;c__[Chloracidobacteria];o__RB41;f__Ellin6075	6.13496932515e-05	0.0	8.68055555556e-05	0.0	0.0	0.0	0.0	0.0	0.0	0.0	0.0	0.0	0.0	0.0	0.0	0.0	0.0	0.0	0.0	0.0	0.0	0.0
k__Bacteria;p__Actinobacteria;c__Acidimicrobiia;o__Acidimicrobiales;f__	9.20245398773e-05	0.0	0.0	0.0	0.0	2.73186723125e-05	0.0	0.0	0.0	0.0	0.0	0.0	6.23052959502e-05	0.0	7.39207569486e-05	0.0	1.9732817649e-05	0.0	0.0	0.0	0.0	0.0
k__Bacteria;p__Actinobacteria;c__Actinobacteria;o__Actinomycetales;Other	0.0	0.0	0.0	0.0	0.0	0.0	0.0	0.0	0.0	7.88229111929e-05	0.0	0.0	0.0	0.0	0.0	0.0	0.0	0.0	0.0	0.0	0.0	0.0
k__Bacteria;p__Actinobacteria;c__Actinobacteria;o__Actinomycetales;f__	0.0	0.0	0.0	0.0	0.0	0.0	0.0	0.0	0.0	0.000131371518655	0.0	0.0	0.0	0.000150430877012	0.0	0.0	0.0	0.0	0.0	0.0	0.0	0.0
k__Bacteria;p__Actinobacteria;c__Actinobacteria;o__Actinomycetales;f__Actinomycetaceae	0.0	0.0	0.0	0.0	0.0	0.0	0.0	0.0	0.0	0.0	0.0	0.0	0.0	0.0	0.000172481766213	0.0	0.0	0.0	0.0	0.0	0.0	0.0
k__Bacteria;p__Actinobacteria;c__Actinobacteria;o__Actinomycetales;f__Beutenbergiaceae	0.0	0.000340298101137	0.000115740740741	9.11632429804e-05	0.0	0.0	0.0	0.0	0.0	7.88229111929e-05	0.0	0.0	0.0	0.0	0.0	0.0	0.0	0.000348336236135	1.9053425806e-05	0.0	0.0	0.0
k__Bacteria;p__Actinobacteria;c__Actinobacteria;o__Actinomycetales;f__Bogoriellaceae	0.0	0.0	0.0	0.0	0.0	0.0	0.0	0.0	0.0	0.0	0.0	0.0	0.0	0.0	0.0	0.0	0.0	5.50004583372e-05	0.0	0.0	0.0	0.0
k__Bacteria;p__Actinobacteria;c__Actinobacteria;o__Actinomycetales;f__Brevibacteriaceae	6.13496932515e-05	6.80596202273e-05	2.89351851852e-05	3.03877476601e-05	0.0	0.0	0.0	0.0	0.0	0.000210194429848	0.0	0.0	0.0	0.0	0.0	0.0	0.0	0.0	0.0	0.0	0.0	0.0
k__Bacteria;p__Actinobacteria;c__Actinobacteria;o__Actinomycetales;f__Cellulomonadaceae	0.000337423312883	0.000578506771932	0.000376157407407	0.000273489728941	0.0	0.0	0.0	2.60538794226e-05	0.0	0.000131371518655	0.0	0.0	0.0	0.0	0.0	0.0	0.0	0.0	0.0	0.0	0.0	0.0
k__Bacteria;p__Actinobacteria;c__Actinobacteria;o__Actinomycetales;f__Corynebacteriaceae	0.0	0.0	5.78703703704e-05	0.0	0.0	2.73186723125e-05	0.0	0.0	0.0	0.0	0.0	0.0	0.0	0.0	0.0	0.0	0.0	0.0	0.0	0.0	0.0	0.0
k__Bacteria;p__Actinobacteria;c__Actinobacteria;o__Actinomycetales;f__Dermabacteraceae	6.13496932515e-05	3.40298101137e-05	2.89351851852e-05	0.000121550990641	0.000107457554266	0.0	0.0	0.000130269397113	0.0	0.000131371518655	0.0	0.0	0.0	0.0	0.0	0.0	0.0	0.0	0.0	0.0	0.0	0.0
k__Bacteria;p__Actinobacteria;c__Actinobacteria;o__Actinomycetales;f__Dietziaceae	0.0	0.0	0.0	0.0	0.0	0.0	0.0	0.0	0.0	0.000157645822386	0.0	0.0	0.0	0.0	0.0	0.0	0.0	0.0	0.0	0.0	0.0	0.0
k__Bacteria;p__Actinobacteria;c__Actinobacteria;o__Actinomycetales;f__Geodermatophilaceae	0.000306748466258	0.000136119240455	5.78703703704e-05	9.11632429804e-05	0.0	0.0	0.0	0.0	0.0	0.0	0.0	0.0	0.0	0.0	0.0	0.0	0.0	0.0	0.0	0.0	0.0	0.0
k__Bacteria;p__Actinobacteria;c__Actinobacteria;o__Actinomycetales;f__Gordoniaceae	9.20245398773e-05	0.000136119240455	2.89351851852e-05	0.000121550990641	0.0	0.0	0.0	0.0	0.0	0.0	0.0	0.0	0.0	0.0	0.0	0.0	0.0	0.0	0.0	0.0	0.0	0.0
k__Bacteria;p__Actinobacteria;c__Actinobacteria;o__Actinomycetales;f__Intrasporangiaceae	3.06748466258e-05	0.0	0.0	3.03877476601e-05	0.0	0.0	0.0	0.0	0.0	0.000105097214924	0.0	0.0	0.0	0.0	0.0	0.0	0.0	0.0	0.0	0.0	0.0	0.0
k__Bacteria;p__Actinobacteria;c__Actinobacteria;o__Actinomycetales;f__Kineosporiaceae	0.000736196319018	0.000442387531478	0.000810185185185	0.000638142700863	0.0	0.0	0.0	0.0	0.0	0.0	0.0	0.0	0.0	0.0	0.0	0.0	0.0	0.0	0.0	0.0	0.0	0.0
k__Bacteria;p__Actinobacteria;c__Actinobacteria;o__Actinomycetales;f__Microbacteriaceae	0.0159202453988	0.0289253385966	0.011255787037	0.0144037923909	0.0	5.46373446251e-05	2.35465869222e-05	0.0	0.0	0.0111928533894	2.42635997477e-05	0.000124637771477	0.0	0.0	0.000172481766213	0.0	0.000236793811788	7.33339444495e-05	0.000323908238701	0.000115675711406	1.74648084111e-05	1.90258751903e-05
k__Bacteria;p__Actinobacteria;c__Actinobacteria;o__Actinomycetales;f__Micrococcaceae	3.06748466258e-05	0.000136119240455	0.000202546296296	6.07754953203e-05	0.0	0.0	0.0	0.0	0.0	0.0270888071466	2.42635997477e-05	0.0	0.0	0.0	0.0	6.81137044773e-05	0.0	0.000110000916674	0.0	0.0	0.0	0.0
k__Bacteria;p__Actinobacteria;c__Actinobacteria;o__Actinomycetales;f__Mycobacteriaceae	0.00125766871166	0.00166746069557	0.00133101851852	0.00206636684089	2.14915108532e-05	0.0	2.35465869222e-05	2.60538794226e-05	6.58877273127e-05	2.6274303731e-05	0.0	0.0	0.0	4.29802505749e-05	0.0	0.0	0.000236793811788	0.000330002750023	5.71602774179e-05	0.00026440162607	0.000157183275699	1.90258751903e-05
k__Bacteria;p__Actinobacteria;c__Actinobacteria;o__Actinomycetales;f__Nakamurellaceae	3.06748466258e-05	0.0	2.89351851852e-05	3.03877476601e-05	0.0	0.0	0.0	0.0	0.0	0.0	0.0	0.0	0.0	0.0	0.0	0.0	0.0	0.0	0.0	0.0	0.0	0.0
k__Bacteria;p__Actinobacteria;c__Actinobacteria;o__Actinomycetales;f__Nocardiaceae	0.000306748466258	0.000170149050568	0.000115740740741	0.000151938738301	0.0	0.0	0.0	0.0	0.0	0.000131371518655	2.42635997477e-05	0.0	0.0	0.0	0.0	0.0	0.0	0.0	0.0	0.0	0.0	0.0
k__Bacteria;p__Actinobacteria;c__Actinobacteria;o__Actinomycetales;f__Nocardioidaceae	0.000490797546012	0.000442387531478	0.000202546296296	0.000607754953203	0.0	0.0	0.0	0.0	0.0	0.000472937467157	0.0	0.0	0.0	0.0	0.0	0.0	0.0	0.0	0.0	0.0	0.0	0.0
k__Bacteria;p__Actinobacteria;c__Actinobacteria;o__Actinomycetales;f__Promicromonosporaceae	0.000122699386503	0.000340298101137	8.68055555556e-05	0.000273489728941	0.0	0.0	0.0	0.0	6.58877273127e-05	0.000183920126117	0.0	0.0	0.0	0.0	0.0	0.0	0.0	0.0	0.000114320554836	0.0	0.0	0.0
k__Bacteria;p__Actinobacteria;c__Actinobacteria;o__Actinomycetales;f__Pseudonocardiaceae	6.13496932515e-05	6.80596202273e-05	0.0	3.03877476601e-05	0.0	0.0	0.0	0.0	0.0	0.0	0.0	0.0	0.0	0.0	0.0	0.0	0.0	0.0	0.0	0.0	0.0	0.0
k__Bacteria;p__Actinobacteria;c__Thermoleophilia;o__Gaiellales;f__Gaiellaceae	0.0	0.0	0.0	0.0	0.0	0.0	0.0	0.0	0.0	0.000131371518655	0.0	0.0	0.0	0.0	0.0	0.0	0.0	0.0	0.0	0.0	0.0	0.0
k__Bacteria;p__Actinobacteria;c__Thermoleophilia;o__Solirubrobacterales;f__	0.0	0.0	0.0	0.0	0.0	0.0	0.0	0.0	0.0	7.88229111929e-05	0.0	0.0	0.0	0.0	0.0	0.0	0.0	0.0	0.0	0.0	0.0	0.0
k__Bacteria;p__Armatimonadetes;c__Armatimonadia;o__Armatimonadales;f__Armatimonadaceae	0.000122699386503	0.0	0.0	0.000151938738301	0.0	0.0	0.0	0.0	0.0	0.0	0.0	0.0	0.0	0.0	0.0	0.0	0.0	0.0	0.0	0.0	0.0	0.0
k__Bacteria;p__Armatimonadetes;c__[Fimbriimonadia];o__[Fimbriimonadales];f__[Fimbriimonadaceae]	9.20245398773e-05	3.40298101137e-05	0.0	0.0	0.0	0.0	0.0	0.0	0.0	0.0	0.0	0.0	0.0	0.0	0.0	0.0	0.0	0.0	0.0	0.0	0.0	0.0
k__Bacteria;p__Bacteroidetes;c__Bacteroidia;o__Bacteroidales;f__Porphyromonadaceae	0.0	0.0	0.0	0.0	0.0	0.0	0.0	0.0	0.000307476060792	0.0	0.0	0.0	0.0	0.0	0.0	0.0	0.0	0.0	0.0	0.0	0.0	0.0
k__Bacteria;p__Bacteroidetes;c__Bacteroidia;o__Bacteroidales;f__[Paraprevotellaceae]	0.0	0.0	0.0	0.0	0.0	0.0	0.0	0.0	0.0	0.0	0.0	0.0	0.0	0.0	0.0	0.0	0.0	0.000110000916674	0.0	0.0	0.0	0.0
k__Bacteria;p__Bacteroidetes;c__Cytophagia;o__Cytophagales;f__Cytophagaceae	0.00693251533742	0.0022459674675	0.00164930555556	0.00282606053239	0.0	0.0	0.0	0.0	0.000153738030396	7.88229111929e-05	0.0	0.0	0.0	0.0	0.0	0.0	1.9732817649e-05	0.0	0.0	1.65251016294e-05	0.0	0.0
k__Bacteria;p__Bacteroidetes;c__Flavobacteriia;o__Flavobacteriales;f__Flavobacteriaceae	0.00269938650307	0.00660178316205	0.00170717592593	0.00325148899964	0.0	0.000136593361563	0.0	5.21077588453e-05	0.0	0.0245664739884	4.85271994953e-05	0.0	0.0	0.0	0.0	0.0	3.94656352981e-05	0.000128334402787	0.000304854812895	0.0	5.23944252332e-05	0.0
k__Bacteria;p__Bacteroidetes;c__Flavobacteriia;o__Flavobacteriales;f__[Weeksellaceae]	0.0108895705521	0.0144286394882	0.00691550925926	0.0113346298772	6.44745325596e-05	0.000546373446251	0.000141279521533	0.00119847845344	0.000153738030396	0.0487388334209	4.85271994953e-05	3.11594428692e-05	0.0	0.0	0.0	0.000340568522387	0.000690648617716	0.00205335044459	0.000438228793537	0.000677529166804	0.000419155401865	5.70776255708e-05
k__Bacteria;p__Bacteroidetes;c__Sphingobacteriia;o__Sphingobacteriales;f__Sphingobacteriaceae	0.0330981595092	0.135438644252	0.0188078703704	0.0257991977635	0.000494304749624	0.000819560169376	0.000164826108456	0.000521077588453	8.78503030835e-05	0.165659485024	2.42635997477e-05	9.34783286075e-05	0.000560747663551	0.000128940751725	9.85610092647e-05	0.00024975024975	0.00179568640606	0.00570171418095	0.000590656199985	0.000859305284728	0.000227042509344	0.000171232876712
k__Bacteria;p__Bacteroidetes;c__[Saprospirae];o__[Saprospirales];f__Chitinophagaceae	0.00193251533742	0.00207581841693	0.00118634259259	0.00151938738301	0.000107457554266	0.0	2.35465869222e-05	0.0	0.0	0.000394114555964	4.85271994953e-05	9.34783286075e-05	0.0	0.000300861754024	4.92805046324e-05	0.000431386795023	5.91984529471e-05	0.00282335686131	3.81068516119e-05	0.000214826321182	3.49296168221e-05	0.0
k__Bacteria;p__Chloroflexi;c__Anaerolineae;o__SBR1031;f__A4b	0.0	0.0	0.0	9.11632429804e-05	0.0	0.0	0.0	0.0	0.0	0.0	0.0	0.0	0.0	0.0	0.0	0.0	0.0	0.0	0.0	0.0	0.0	0.0
k__Bacteria;p__Chloroflexi;c__Chloroflexi;o__Herpetosiphonales;f__	0.0	3.40298101137e-05	8.68055555556e-05	0.0	0.0	0.0	0.0	0.0	0.0	0.0	0.0	0.0	0.0	0.0	0.0	0.0	0.0	0.0	0.0	0.0	0.0	0.0
k__Bacteria;p__Cyanobacteria;c__Chloroplast;o__Streptophyta;f__	0.453803680982	0.159361600762	0.385127314815	0.46064786678	0.000171932086826	0.0002185493785	0.000117732934611	0.000468969829608	0.000153738030396	7.88229111929e-05	0.000242635997477	3.11594428692e-05	6.23052959502e-05	6.44703758623e-05	2.46402523162e-05	0.000862773590046	0.00224954121199	0.00209001741681	0.000495389070955	0.000446177743993	0.000873240420553	0.000342465753425
k__Bacteria;p__Cyanobacteria;c__ML635J-21;o__;f__	3.06748466258e-05	0.0	0.0	6.07754953203e-05	0.0	0.0	0.0	0.0	0.0	0.0	0.0	0.0	0.0	0.0	0.0	0.0	0.0	0.0	0.0	0.0	0.0	0.0
k__Bacteria;p__Firmicutes;c__Bacilli;Other;Other	0.0	0.0	0.0	0.0	0.0	0.0	0.0	0.0	0.0	0.0	0.0	0.0	0.0	0.0	7.39207569486e-05	0.0	0.0	1.83334861124e-05	0.0	3.30502032588e-05	0.0	0.0
k__Bacteria;p__Firmicutes;c__Bacilli;o__Bacillales;Other	0.0	0.0	0.0	0.0	0.0	0.000136593361563	0.0	5.21077588453e-05	2.19625757709e-05	0.000157645822386	2.42635997477e-05	0.0	0.00018691588785	2.14901252874e-05	0.0	6.81137044773e-05	0.0	0.0	1.9053425806e-05	0.0	0.0	0.0
k__Bacteria;p__Firmicutes;c__Bacilli;o__Bacillales;f__	0.0	0.0	0.0	0.0	0.0	0.0	0.0	0.0	0.0	0.0	2.42635997477e-05	0.0	0.0	0.0	0.0	0.000227045681591	0.0	0.0	0.0	6.61004065175e-05	0.0	0.0
k__Bacteria;p__Firmicutes;c__Bacilli;o__Bacillales;f__Alicyclobacillaceae	0.0	6.80596202273e-05	0.0	0.0	0.0	8.19560169376e-05	0.000565118086133	2.60538794226e-05	0.0	0.0	0.0	0.000280434985822	0.0	0.0	0.00650502661147	0.0	0.0	0.000110000916674	0.0	0.0	1.74648084111e-05	0.0
k__Bacteria;p__Firmicutes;c__Bacilli;o__Bacillales;f__Bacillaceae	0.000153374233129	0.000680596202273	0.000115740740741	0.000607754953203	0.00174081237911	0.00543641579019	0.000941863476889	0.019045385858	0.0121013792498	0.000867052023121	0.00181976998107	0.0053594241735	0.0206230529595	0.00163324952184	0.0018233786714	0.0087185541731	0.00171675513547	0.0034100284169	0.00175291517415	0.0029249429884	0.00171155122428	0.00270167427702
k__Bacteria;p__Firmicutes;c__Bacilli;o__Bacillales;f__Paenibacillaceae	0.000766871165644	0.00142925202477	0.000983796296296	0.00112434666343	0.00146142273802	0.00150252697719	0.00101250323766	0.00205825647439	0.000614952121585	0.000683131897005	0.00082496239142	0.000872464400337	0.0127725856698	0.00182666064943	0.00409028188449	0.00456361819998	0.0010458393354	0.00216335136126	0.00417270025151	0.00257791585418	0.00083831080373	0.00382420091324
k__Bacteria;p__Firmicutes;c__Bacilli;o__Bacillales;f__Planococcaceae	0.0	0.0	0.0	0.0	0.0	0.00010927468925	2.35465869222e-05	2.60538794226e-05	0.0	0.000998423541776	0.0	0.0	0.0	0.0	2.46402523162e-05	6.81137044773e-05	0.0	1.83334861124e-05	1.9053425806e-05	0.0	0.0	1.90258751903e-05
k__Bacteria;p__Firmicutes;c__Bacilli;o__Bacillales;f__Staphylococcaceae	3.06748466258e-05	0.0	0.000115740740741	0.0	0.0	0.0	2.35465869222e-05	0.0	0.0	0.00107724645297	4.85271994953e-05	0.0	0.0	0.0	0.0	0.000158931977114	0.0	0.0	0.0	0.0	0.0	5.70776255708e-05
k__Bacteria;p__Firmicutes;c__Bacilli;o__Lactobacillales;Other	0.0	0.0	0.0	0.0	0.000795185901569	0.00188498838956	0.000824130542278	0.00445521338127	0.00342616182026	0.000367840252233	0.000145581598486	0.000716667185991	0.00498442367601	0.000623213633335	0.000862408831066	0.00206611570248	0.000927442429505	0.000275002291686	0.000400121941925	0.000330502032588	0.000122253658877	0.000285388127854
k__Bacteria;p__Firmicutes;c__Bacilli;o__Lactobacillales;f__	9.20245398773e-05	0.0	0.0	0.0	4.29830217064e-05	0.0	2.35465869222e-05	0.0	0.0	7.88229111929e-05	2.42635997477e-05	0.0	0.0001246105919	0.0	2.46402523162e-05	6.81137044773e-05	0.000177595358841	5.50004583372e-05	1.9053425806e-05	1.65251016294e-05	8.73240420553e-05	0.000133181126332
k__Bacteria;p__Firmicutes;c__Bacilli;o__Lactobacillales;f__Aerococcaceae	6.13496932515e-05	0.0	0.0	9.11632429804e-05	2.14915108532e-05	0.0	0.0	0.0	0.0	0.0	0.0	0.0	0.0	0.0	0.0	0.0	0.0	1.83334861124e-05	0.0	0.0	0.0	0.0
k__Bacteria;p__Firmicutes;c__Bacilli;o__Lactobacillales;f__Enterococcaceae	0.000337423312883	0.000204178860682	0.000144675925926	0.000425428467242	0.0	0.0	0.0	2.60538794226e-05	2.19625757709e-05	0.0308460325801	0.000121317998738	0.000186956657215	0.0	4.29802505749e-05	2.46402523162e-05	0.0	1.9732817649e-05	0.000953341277844	3.81068516119e-05	3.30502032588e-05	0.000104788850466	7.6103500761e-05
k__Bacteria;p__Firmicutes;c__Bacilli;o__Lactobacillales;f__Lactobacillaceae	0.00150306748466	0.00132716259443	0.00144675925926	0.00148899963535	0.980464216634	0.973582843874	0.99173514799	0.952894586004	0.978279012563	0.540225959012	0.92784005435	0.520300377029	0.931651090343	0.950809103217	0.973018923714	0.973435655254	0.958344021943	0.885562379686	0.966008688362	0.97494794593	0.957158824968	0.927264079148
k__Bacteria;p__Firmicutes;c__Bacilli;o__Lactobacillales;f__Leuconostocaceae	0.000490797546012	0.00037432791125	0.00078125	0.00106357116811	0.00105308403181	0.00032782406775	0.000353198803833	0.00109426293575	0.000175700606167	0.000131371518655	0.000145581598486	0.000592029414514	0.000685358255452	0.000601723508048	0.000147841513897	0.000749250749251	0.00315725082385	0.00597671647264	0.00102888499352	0.00150378424827	0.00113521254672	0.0013698630137
k__Bacteria;p__Firmicutes;c__Bacilli;o__Lactobacillales;f__Streptococcaceae	0.000306748466258	0.000578506771932	0.000173611111111	0.000243101981281	0.000128949065119	0.0	4.70931738445e-05	0.000104215517691	6.58877273127e-05	0.00202312138728	2.42635997477e-05	0.000124637771477	0.0	6.44703758623e-05	0.000271042775478	0.0	3.94656352981e-05	1.83334861124e-05	0.0	1.65251016294e-05	0.0	0.0
k__Bacteria;p__Firmicutes;c__Bacilli;o__Turicibacterales;f__Turicibacteraceae	3.06748466258e-05	0.0	2.89351851852e-05	6.07754953203e-05	2.14915108532e-05	0.0	4.70931738445e-05	0.0	0.0	0.000761954808198	9.70543989906e-05	0.0	0.0	0.0	0.0	0.0	0.0	0.0	0.0	0.0	0.0	0.0
k__Bacteria;p__Firmicutes;c__Clostridia;o__Clostridiales;Other	0.0	0.0	0.0	0.0	0.000150440575972	0.000136593361563	9.41863476889e-05	0.000260538794226	0.000109812878854	0.000525486074619	9.70543989906e-05	0.0	0.00461059190031	0.000193411127587	0.000246402523162	0.000181636545273	5.91984529471e-05	0.000220001833349	0.000209587683866	0.000115675711406	1.74648084111e-05	7.6103500761e-05
k__Bacteria;p__Firmicutes;c__Clostridia;o__Clostridiales;f__	3.06748466258e-05	0.0	0.0	0.0	8.59660434129e-05	0.00010927468925	0.0	0.000416862070762	0.0	0.00026274303731	2.42635997477e-05	0.0	6.23052959502e-05	0.0	0.000344963532427	0.0	0.0	0.0	0.0	3.30502032588e-05	0.0	5.70776255708e-05
k__Bacteria;p__Firmicutes;c__Clostridia;o__Clostridiales;f__Christensenellaceae	0.0	0.0	0.0	0.0	0.0	0.0	0.0	0.0	0.0	0.0	0.0	0.0	0.0	0.0	0.000123201261581	0.0	0.0	0.0	0.0	0.0	0.0	0.0
k__Bacteria;p__Firmicutes;c__Clostridia;o__Clostridiales;f__Clostridiaceae	0.000122699386503	0.0	0.000144675925926	0.000121550990641	0.000279389641092	0.00010927468925	9.41863476889e-05	0.000625293106144	0.0	0.000394114555964	0.000266899597224	0.000405072757299	0.000996884735202	0.000515763006898	0.0034989158289	0.00124875124875	0.0	0.000311669263911	0.0	8.26255081469e-05	0.0	7.6103500761e-05
k__Bacteria;p__Firmicutes;c__Clostridia;o__Clostridiales;f__Lachnospiraceae	0.000644171779141	0.000170149050568	0.000231481481481	0.000759693691504	0.000795185901569	0.000901516186313	0.000400291977678	0.00148507112709	0.000856540455065	0.00168155543878	0.00111612558839	0.000997102171813	0.0206230529595	0.00152579889541	0.00263650699783	0.00179366088457	0.00130236596484	0.00456503804198	0.00163859461931	0.00176818587434	0.000785916378497	0.000989345509893
k__Bacteria;p__Firmicutes;c__Clostridia;o__Clostridiales;f__Peptostreptococcaceae	0.0	0.0	0.0	0.0	0.0	2.73186723125e-05	0.0	5.21077588453e-05	0.0	0.000105097214924	0.0	0.0	0.0	0.0	0.0	0.0	0.0	0.0	0.0	0.0	0.0	0.0
k__Bacteria;p__Firmicutes;c__Clostridia;o__Clostridiales;f__Ruminococcaceae	0.0	0.0	0.0	0.0	0.0	0.0	0.0	0.0	0.0	0.0	0.0	0.0	0.0	0.0	0.0	0.0	0.0	0.0	0.0	0.0	0.0	0.000266362252664
k__Bacteria;p__Firmicutes;c__Clostridia;o__Clostridiales;f__Veillonellaceae	6.13496932515e-05	0.0	0.0	0.0	0.0	0.0	0.0	0.0	0.0	2.6274303731e-05	0.0	0.0	0.0	0.0	0.000172481766213	0.0	0.0	0.000201668347236	3.81068516119e-05	0.0	0.0	7.6103500761e-05
k__Bacteria;p__Fusobacteria;c__Fusobacteriia;o__Fusobacteriales;f__Leptotrichiaceae	0.0	0.0	0.0	0.0	0.0	0.0	0.0	0.0	0.0	0.0	0.0	0.0	0.0	0.0	0.000197122018529	0.0	0.0	0.0	0.0	0.0	0.0	0.0
k__Bacteria;p__Gemmatimonadetes;c__Gemm-3;o__;f__	0.0	3.40298101137e-05	0.0	0.000182326485961	0.0	0.0	0.0	0.0	0.0	0.0	0.0	0.0	0.0	0.0	0.0	0.0	0.0	0.0	0.0	0.0	0.0	0.0
k__Bacteria;p__Gemmatimonadetes;c__Gemmatimonadetes;o__Gemmatimonadales;f__	9.20245398773e-05	0.0	0.0	0.0	0.0	0.0	0.0	0.0	0.0	0.0	0.0	0.0	0.0	0.0	0.0	0.0	0.0	0.0	0.0	0.0	0.0	0.0
k__Bacteria;p__Planctomycetes;c__Phycisphaerae;o__WD2101;f__	6.13496932515e-05	0.0	0.0	3.03877476601e-05	0.0	0.0	0.0	0.0	0.0	0.0	0.0	0.0	0.0	0.0	0.0	0.0	0.0	0.0	0.0	0.0	0.0	0.0
k__Bacteria;p__Planctomycetes;c__Planctomycetia;o__Gemmatales;f__Gemmataceae	6.13496932515e-05	0.0	0.0	0.0	0.0	0.0	0.0	0.0	0.0	0.0	0.0	0.0	0.0	0.0	0.0	0.0	5.91984529471e-05	0.0	0.0	0.0	0.000139718467288	0.0
k__Bacteria;p__Planctomycetes;c__Planctomycetia;o__Gemmatales;f__Isosphaeraceae	0.000153374233129	0.000272238480909	0.000202546296296	0.000212714233621	0.0	0.0	0.0	0.0	0.0	0.0	0.0	0.0	0.0	0.0	0.0	0.0	0.0	0.0	0.0	1.65251016294e-05	0.0	0.0
k__Bacteria;p__Planctomycetes;c__Planctomycetia;o__Pirellulales;f__Pirellulaceae	0.0	3.40298101137e-05	5.78703703704e-05	0.0	0.0	0.0	0.0	0.0	0.0	0.0	0.0	0.0	0.0	0.0	0.0	0.0	0.0	0.0	0.0	0.0	0.0	0.0
k__Bacteria;p__Planctomycetes;c__Planctomycetia;o__Planctomycetales;f__Planctomycetaceae	0.000337423312883	6.80596202273e-05	8.68055555556e-05	0.0	0.0	0.0	0.0	0.0	0.0	0.0	0.0	0.0	0.0	0.0	0.0	0.0	0.0	0.0	0.0	0.0	0.0	0.0
k__Bacteria;p__Proteobacteria;Other;Other;Other	0.000122699386503	0.000204178860682	0.0	9.11632429804e-05	0.0	0.0	0.0	0.0	0.0	0.0	0.0	0.0	0.0	0.0	0.0	0.0	0.0	0.0	0.0	0.0	0.0	0.0
k__Bacteria;p__Proteobacteria;c__Alphaproteobacteria;Other;Other	0.0	3.40298101137e-05	5.78703703704e-05	6.07754953203e-05	0.0	0.0	0.0	0.0	0.0	0.0	2.42635997477e-05	3.11594428692e-05	0.0	0.0	0.0	0.0	0.0	0.0	0.0	0.0	0.0	0.0
k__Bacteria;p__Proteobacteria;c__Alphaproteobacteria;o__;f__	0.0	0.0	0.0	0.0	0.0	0.0	2.35465869222e-05	0.0	0.0	0.0	0.0	0.0	0.0	0.0	0.0	0.0	7.89312705961e-05	7.33339444495e-05	1.9053425806e-05	3.30502032588e-05	0.0	0.0
k__Bacteria;p__Proteobacteria;c__Alphaproteobacteria;o__BD7-3;f__	9.20245398773e-05	0.000102089430341	0.000115740740741	3.03877476601e-05	0.0	8.19560169376e-05	0.0	0.0	0.0	0.0	0.0	0.0	0.0	0.0	0.0	0.0	0.0	0.0	0.0	6.61004065175e-05	0.0	0.0
k__Bacteria;p__Proteobacteria;c__Alphaproteobacteria;o__Caulobacterales;f__Caulobacteraceae	0.00312883435583	0.00575103790921	0.00231481481481	0.00416312142944	0.000171932086826	0.000163912033875	7.06397607667e-05	0.000286592673649	0.0	0.0102207041513	0.0	0.000186956657215	0.0	0.0	0.0	0.000204341113432	7.89312705961e-05	0.000348336236135	0.000209587683866	9.91506097763e-05	0.000244507317755	7.6103500761e-05
k__Bacteria;p__Proteobacteria;c__Alphaproteobacteria;o__Rhizobiales;Other	0.000276073619632	0.000238208670796	0.000462962962963	0.000243101981281	0.0	0.0	2.35465869222e-05	0.0	0.0	0.000105097214924	0.0	0.0	0.0	0.0	0.0	0.0	0.0	0.0	0.0	0.0	0.0	0.0
k__Bacteria;p__Proteobacteria;c__Alphaproteobacteria;o__Rhizobiales;f__	0.000521472392638	0.000884775062955	0.00083912037037	0.00118512215875	0.0	0.0	0.0	0.0	0.0	0.0	0.0	0.0	0.0	0.0	0.0	0.0	5.91984529471e-05	0.000220001833349	5.71602774179e-05	6.61004065175e-05	0.0	0.0
k__Bacteria;p__Proteobacteria;c__Alphaproteobacteria;o__Rhizobiales;f__Aurantimonadaceae	0.000889570552147	0.00176955012591	0.000954861111111	0.00115473441109	0.0	0.0	0.0	0.0	0.0	0.0	0.0	0.0	0.000311526479751	0.0	0.0	0.0	0.0	0.000238335319461	0.0	9.91506097763e-05	5.23944252332e-05	0.0
k__Bacteria;p__Proteobacteria;c__Alphaproteobacteria;o__Rhizobiales;f__Bradyrhizobiaceae	0.000736196319018	0.00125910297421	0.00121527777778	0.000638142700863	0.000150440575972	0.0	0.0	0.0	0.0	2.6274303731e-05	0.0	9.34783286075e-05	0.0	0.000107450626437	0.000369603784743	0.0	0.0	0.000183334861124	5.71602774179e-05	4.95753048881e-05	0.0	0.0
k__Bacteria;p__Proteobacteria;c__Alphaproteobacteria;o__Rhizobiales;f__Brucellaceae	0.00441717791411	0.0087116313891	0.0044849537037	0.00932903853166	8.59660434129e-05	0.00103810954788	7.06397607667e-05	0.000130269397113	0.0	0.00809248554913	7.2790799243e-05	0.0	0.0	0.000107450626437	2.46402523162e-05	0.0	1.9732817649e-05	0.00284169034742	0.00148616721286	0.000165251016294	0.0	0.000228310502283
k__Bacteria;p__Proteobacteria;c__Alphaproteobacteria;o__Rhizobiales;f__Hyphomicrobiaceae	0.0030981595092	0.00234805689784	0.00381944444444	0.00385924395284	6.44745325596e-05	0.0002185493785	0.0	0.0	0.0	0.000446663163426	0.0	0.0	0.0	0.0	4.92805046324e-05	0.0	0.000217060994139	0.000440003666697	5.71602774179e-05	9.91506097763e-05	1.74648084111e-05	0.0
k__Bacteria;p__Proteobacteria;c__Alphaproteobacteria;o__Rhizobiales;f__Methylobacteriaceae	0.0150920245399	0.0111617777173	0.0107928240741	0.0116688951015	0.000128949065119	0.000491736101625	4.70931738445e-05	2.60538794226e-05	8.78503030835e-05	0.0	4.85271994953e-05	0.0	0.0	0.000107450626437	0.0	9.08182726365e-05	0.000493320441226	0.000165001375011	0.000304854812895	0.000247876524441	0.000279436934577	1.90258751903e-05
k__Bacteria;p__Proteobacteria;c__Alphaproteobacteria;o__Rhizobiales;f__Methylocystaceae	0.000368098159509	0.00037432791125	0.000491898148148	9.11632429804e-05	0.0	8.19560169376e-05	0.0	0.0	0.0	0.0	0.0	0.0	0.0	0.0	0.0	0.0	3.94656352981e-05	0.000330002750023	0.0	0.0	0.0	1.90258751903e-05
k__Bacteria;p__Proteobacteria;c__Alphaproteobacteria;o__Rhizobiales;f__Phyllobacteriaceae	0.000276073619632	0.000136119240455	0.000405092592593	0.000698918196183	0.0	0.0	0.0	0.0	0.0	0.000131371518655	0.0	0.0	0.0	0.0	0.0	0.0	0.0	0.000146667888899	0.000114320554836	0.0	0.0	0.0
k__Bacteria;p__Proteobacteria;c__Alphaproteobacteria;o__Rhizobiales;f__Rhizobiaceae	0.0188036809816	0.0360715987205	0.018431712963	0.0250698918196	0.000472813238771	0.000355142740063	9.41863476889e-05	0.000442915950185	0.000109812878854	0.000761954808198	0.000169845198234	0.000155797214346	6.23052959502e-05	0.000300861754024	0.000221762270846	0.000113522840796	0.00144049568838	0.00264002200018	0.00211493026446	0.000429652642364	0.000646197911209	0.000361491628615
k__Bacteria;p__Proteobacteria;c__Alphaproteobacteria;o__Rhizobiales;f__Xanthobacteraceae	0.0	3.40298101137e-05	5.78703703704e-05	0.000121550990641	0.0	0.0	0.0	0.0	0.0	0.0	0.0	0.0	0.0	0.0	0.0	0.0	1.9732817649e-05	0.0	0.0	0.0	0.0	0.0
k__Bacteria;p__Proteobacteria;c__Alphaproteobacteria;o__Rhodobacterales;f__Hyphomonadaceae	9.20245398773e-05	0.0	2.89351851852e-05	0.0	0.0	0.0	0.0	0.0	0.0	0.0	0.0	0.0	0.0	0.0	0.0	0.0	0.0	0.0	0.0	0.0	0.0	0.0
k__Bacteria;p__Proteobacteria;c__Alphaproteobacteria;o__Rhodobacterales;f__Rhodobacteraceae	0.000368098159509	0.000102089430341	0.000202546296296	0.000182326485961	0.0	0.0	0.0	0.0	2.19625757709e-05	0.00790856542302	0.0	0.0	0.0	0.0	0.0	0.0	7.89312705961e-05	0.000165001375011	0.0	0.0	0.0	0.0
k__Bacteria;p__Proteobacteria;c__Alphaproteobacteria;o__Rhodospirillales;f__	3.06748466258e-05	0.0	0.0	0.0	0.0	0.0	0.0	0.0	0.0	0.0	0.0	0.0	0.0	0.0	0.0	0.0	0.0	0.0	0.0	0.0	0.0	3.80517503805e-05
k__Bacteria;p__Proteobacteria;c__Alphaproteobacteria;o__Rhodospirillales;f__Acetobacteraceae	0.00325153374233	0.00241611651807	0.0017650462963	0.00316032575665	0.0	0.0	2.35465869222e-05	0.000260538794226	6.58877273127e-05	0.0181555438781	0.0608531081671	0.462250334964	0.0	0.0375432488771	0.00160161640055	0.000272454817909	0.000157862541192	0.00170501420845	0.000133373980642	6.61004065175e-05	0.0236997450138	0.052701674277
k__Bacteria;p__Proteobacteria;c__Alphaproteobacteria;o__Rhodospirillales;f__Rhodospirillaceae	0.000736196319018	0.000408357721364	0.000491898148148	0.000668530448523	0.000107457554266	0.0	4.70931738445e-05	5.21077588453e-05	0.0	0.00026274303731	0.0	0.0	0.0	0.0	0.0	0.0	1.9732817649e-05	0.0	5.71602774179e-05	0.000115675711406	6.98592336442e-05	0.0
k__Bacteria;p__Proteobacteria;c__Alphaproteobacteria;o__Rickettsiales;f__	6.13496932515e-05	0.0	0.0	0.000182326485961	0.0	0.0	0.0	5.21077588453e-05	0.0	0.0	0.0	0.0	0.0	0.0	0.0	4.54091363182e-05	0.0	0.0	0.0	0.0	1.74648084111e-05	0.0
k__Bacteria;p__Proteobacteria;c__Alphaproteobacteria;o__Rickettsiales;f__mitochondria	0.0131901840491	0.00214387803716	0.00963541666667	0.00841740610186	0.0	0.0	0.0	0.000286592673649	2.19625757709e-05	5.25486074619e-05	2.42635997477e-05	0.0	0.0	0.0	0.0	0.0	0.000355190717683	1.83334861124e-05	7.62137032238e-05	8.26255081469e-05	3.49296168221e-05	0.0
k__Bacteria;p__Proteobacteria;c__Alphaproteobacteria;o__Sphingomonadales;Other	0.000153374233129	0.000102089430341	0.0	3.03877476601e-05	0.0	0.0	0.0	0.0	0.0	0.0	0.0	0.0	0.0	0.0	0.0	0.0	0.0	0.0	0.0	0.0	0.0	0.0
k__Bacteria;p__Proteobacteria;c__Alphaproteobacteria;o__Sphingomonadales;f__Erythrobacteraceae	0.000184049079755	0.000136119240455	8.68055555556e-05	0.000303877476601	0.0	0.0	0.0	0.0	0.0	0.000105097214924	0.0	0.0	0.0	0.0	0.0	0.0	0.0	0.0	0.0	0.0	0.0	0.0
k__Bacteria;p__Proteobacteria;c__Alphaproteobacteria;o__Sphingomonadales;f__Sphingomonadaceae	0.0790797546012	0.0954876471789	0.046875	0.0974838944937	0.000859660434129	0.00117470290944	0.0002119192823	0.00294408837476	0.000439251515418	0.00115606936416	0.000533799194448	0.000903623843206	0.0	0.0	0.000640646560221	0.000363273090546	0.00584091402411	0.011421761848	0.00327718923863	0.00213173811019	0.00241014356073	0.000932267884323
k__Bacteria;p__Proteobacteria;c__Betaproteobacteria;Other;Other	0.000153374233129	3.40298101137e-05	0.0	6.07754953203e-05	0.0	0.0	0.0	0.0	0.0	0.0	0.0	0.0	0.0	0.0	0.0	0.0	0.0	0.0	0.0	0.0	0.0	0.0
k__Bacteria;p__Proteobacteria;c__Betaproteobacteria;o__Burkholderiales;Other	0.000368098159509	0.00037432791125	0.000144675925926	0.000212714233621	0.0	0.0	0.0	0.0	0.0	7.88229111929e-05	0.0	0.0	0.0	0.0	0.0	0.0	0.0	0.0	0.0	0.0	1.74648084111e-05	0.0
k__Bacteria;p__Proteobacteria;c__Betaproteobacteria;o__Burkholderiales;f__Alcaligenaceae	0.0279141104294	0.0364118968216	0.0201967592593	0.0284733195576	0.000472813238771	0.00114738423713	0.000188372695378	0.000442915950185	0.000175700606167	0.00189174986863	0.000218372397729	0.000218116100084	0.000311526479751	0.000193411127587	7.39207569486e-05	0.000272454817909	0.00195354894725	0.0034100284169	0.000838350735462	0.000561853455399	0.000506479443921	0.00070395738204
k__Bacteria;p__Proteobacteria;c__Betaproteobacteria;o__Burkholderiales;f__Burkholderiaceae	0.011717791411	0.00724834955421	0.0136284722222	0.0245836878571	6.44745325596e-05	8.19560169376e-05	0.0	0.000442915950185	4.39251515418e-05	7.88229111929e-05	7.2790799243e-05	6.23188857383e-05	0.0	0.0	0.0	0.0	0.000394656352981	0.00225501879182	7.62137032238e-05	6.61004065175e-05	0.0	5.70776255708e-05
k__Bacteria;p__Proteobacteria;c__Betaproteobacteria;o__Burkholderiales;f__Comamonadaceae	0.0275766871166	0.0202477370176	0.0212094907407	0.0273793606418	0.00053728777133	0.000300505395438	0.000188372695378	0.000521077588453	0.000153738030396	0.0316868102995	0.000291163196972	0.000249275542953	6.23052959502e-05	0.000171921002299	0.00032032328011	0.000340568522387	0.00114450342364	0.00304335869466	0.000876457587074	0.000710579370063	0.000244507317755	0.00070395738204
k__Bacteria;p__Proteobacteria;c__Betaproteobacteria;o__Burkholderiales;f__Oxalobacteraceae	0.00947852760736	0.0145307289185	0.00503472222222	0.00522669259754	0.000322372662798	0.000163912033875	2.35465869222e-05	5.21077588453e-05	4.39251515418e-05	0.00105097214924	0.0	0.0	0.0	0.000193411127587	0.0	0.0	0.000532786076524	0.00231001925016	0.00120036582578	0.000561853455399	0.00033183135981	1.90258751903e-05
k__Bacteria;p__Proteobacteria;c__Betaproteobacteria;o__Neisseriales;f__Neisseriaceae	0.0	0.0	0.000115740740741	0.0	0.0	0.0	0.0	0.0	0.0	0.0	0.0	0.0	0.0	0.0	0.0	0.0	0.0	0.0	0.0	0.0	0.0	0.0
k__Bacteria;p__Proteobacteria;c__Betaproteobacteria;o__Procabacteriales;f__Procabacteriaceae	6.13496932515e-05	0.0	5.78703703704e-05	0.0	0.0	0.0	0.0	0.0	0.0	0.0	0.0	0.0	0.0	0.0	0.0	0.0	0.0	0.0	0.0	0.0	0.0	0.0
k__Bacteria;p__Proteobacteria;c__Deltaproteobacteria;o__Bdellovibrionales;f__Bacteriovoracaceae	9.20245398773e-05	3.40298101137e-05	2.89351851852e-05	6.07754953203e-05	0.0	0.0	0.0	0.0	0.0	0.0	0.0	0.0	0.0	0.0	0.0	0.0	0.0	0.0	0.0	0.0	0.0	0.0
k__Bacteria;p__Proteobacteria;c__Deltaproteobacteria;o__Bdellovibrionales;f__Bdellovibrionaceae	0.000920245398773	0.000272238480909	0.000231481481481	0.000334265224262	0.0	0.0	0.0	0.0	0.0	2.6274303731e-05	0.0	0.0	0.0	0.0	0.0	0.0	0.0	0.0	0.0	0.0	8.73240420553e-05	0.000114155251142
k__Bacteria;p__Proteobacteria;c__Deltaproteobacteria;o__Myxococcales;Other	0.0	0.0	0.000115740740741	0.0	0.0	0.0	0.0	0.0	0.0	0.0	0.0	0.0	0.0	0.0	0.0	0.0	0.0	0.0	0.0	0.0	0.0	0.0
k__Bacteria;p__Proteobacteria;c__Deltaproteobacteria;o__Myxococcales;f__	0.00361963190184	0.000102089430341	0.00561342592593	9.11632429804e-05	0.0	0.0	0.0	0.000130269397113	0.0	2.6274303731e-05	0.0	0.0	0.0	0.0	0.0	0.0	0.0	0.0	0.0	0.0	0.0	0.0
k__Bacteria;p__Proteobacteria;c__Deltaproteobacteria;o__Myxococcales;f__0319-6G20	0.0	0.0	0.0	0.0	6.44745325596e-05	0.0	0.0	0.0	0.0	0.0	0.0	0.0	0.0	0.0	0.0	0.0	0.0	0.0	0.0	0.0	0.0	0.0
k__Bacteria;p__Proteobacteria;c__Deltaproteobacteria;o__Myxococcales;f__Cystobacteraceae	0.0	0.0	0.000462962962963	0.0	0.0	0.0	0.0	0.0	0.0	0.0	0.0	0.0	0.0	0.0	0.0	0.0	0.0	0.0	0.0	0.0	0.0	0.0
k__Bacteria;p__Proteobacteria;c__Deltaproteobacteria;o__Myxococcales;f__OM27	9.20245398773e-05	0.0	0.0	0.0	0.0	0.0	0.0	0.0	0.0	0.0	0.0	0.0	0.0	0.0	0.0	0.0	0.0	0.0	0.0	0.0	0.0	0.0
k__Bacteria;p__Proteobacteria;c__Deltaproteobacteria;o__Spirobacillales;f__	3.06748466258e-05	6.80596202273e-05	0.0	0.0	0.0	0.0	0.0	0.0	0.0	0.0	0.0	0.0	0.0	0.0	0.0	0.0	0.0	0.0	0.0	0.0	0.0	0.0
k__Bacteria;p__Proteobacteria;c__Gammaproteobacteria;Other;Other	0.000184049079755	0.000408357721364	0.000347222222222	0.000243101981281	0.0	8.19560169376e-05	0.0	0.0	2.19625757709e-05	0.0	0.0	0.0	0.0	0.0	0.0	0.0	0.0	1.83334861124e-05	0.0	0.0	0.0	0.0
k__Bacteria;p__Proteobacteria;c__Gammaproteobacteria;o__Aeromonadales;f__Aeromonadaceae	0.0	0.0	5.78703703704e-05	9.11632429804e-05	0.0	0.0	0.0	0.0	0.0	0.0	0.0	0.0	0.0	0.0	0.0	0.0	0.0	0.0	0.0	0.0	0.0	0.0
k__Bacteria;p__Proteobacteria;c__Gammaproteobacteria;o__Alteromonadales;f__Alteromonadaceae	9.20245398773e-05	0.0	0.000231481481481	0.000121550990641	0.0	0.0	0.0	0.0	0.0	0.00028901734104	0.0	0.0	0.0	0.0	0.0	0.0	0.0	0.0	0.0	0.0	0.0	0.0
k__Bacteria;p__Proteobacteria;c__Gammaproteobacteria;o__Alteromonadales;f__[Chromatiaceae]	0.000122699386503	0.000170149050568	0.0	9.11632429804e-05	0.0	0.0	0.0	0.0	0.0	0.0	0.0	0.0	0.0	0.0	0.0	0.0	0.0	0.0	0.0	0.0	0.0	0.0
k__Bacteria;p__Proteobacteria;c__Gammaproteobacteria;o__Enterobacteriales;f__Enterobacteriaceae	0.142392638037	0.0733342407949	0.321354166667	0.0783700012155	0.00610358908231	0.00407048217457	0.00155407473687	0.00630503882028	0.00114205394009	0.0181029952706	0.00169845198234	0.00177608824354	0.000249221183801	0.00107450626437	0.00133057362507	0.00168013804377	0.0071630128066	0.0289485745715	0.00603993598049	0.00482532967578	0.00384225785043	0.00313926940639
k__Bacteria;p__Proteobacteria;c__Gammaproteobacteria;o__Oceanospirillales;f__Halomonadaceae	0.0	0.0	0.0	0.0	0.0	0.0	0.0	0.0	0.0	0.000183920126117	0.0	0.0	0.0	0.0	0.0	0.0	0.0	0.0	0.0	0.0	0.0	0.0
k__Bacteria;p__Proteobacteria;c__Gammaproteobacteria;o__Pseudomonadales;f__Moraxellaceae	0.00328220858896	0.0017355203158	0.00193865740741	0.00167132612131	0.000279389641092	0.000546373446251	2.35465869222e-05	0.0	8.78503030835e-05	0.013084603258	7.2790799243e-05	0.0	0.0	0.0	0.0	0.0	0.00116423624129	0.00135667797232	0.00019053425806	0.000413127540734	0.000296901742988	0.000380517503805
k__Bacteria;p__Proteobacteria;c__Gammaproteobacteria;o__Pseudomonadales;f__Pseudomonadaceae	0.0259202453988	0.0342339889743	0.00815972222222	0.0206636684089	8.59660434129e-05	8.19560169376e-05	0.0	0.0	2.19625757709e-05	0.000315291644771	4.85271994953e-05	0.0	0.0	0.0	0.0	0.0	7.89312705961e-05	5.50004583372e-05	0.000342961664507	0.0	0.000122253658877	0.0
k__Bacteria;p__Proteobacteria;c__Gammaproteobacteria;o__Thiotrichales;f__Piscirickettsiaceae	0.0	0.0	0.0	0.0	0.0	0.0	0.0	0.0	0.0	0.000157645822386	0.0	0.0	0.0	0.0	0.0	0.0	0.0	0.0	0.0	0.0	0.0	0.0
k__Bacteria;p__Proteobacteria;c__Gammaproteobacteria;o__Xanthomonadales;f__Sinobacteraceae	9.20245398773e-05	0.0	0.0	0.0	0.000279389641092	0.00010927468925	0.000188372695378	0.000156323276536	2.19625757709e-05	0.000131371518655	0.000218372397729	3.11594428692e-05	0.0	0.000451292631036	0.0	0.0	7.89312705961e-05	0.000201668347236	7.62137032238e-05	1.65251016294e-05	0.000104788850466	0.000266362252664
k__Bacteria;p__Proteobacteria;c__Gammaproteobacteria;o__Xanthomonadales;f__Xanthomonadaceae	0.0566257668712	0.273667732934	0.0543113425926	0.103044852316	0.00122501611863	0.00311432864363	0.000259012456144	0.00190193319785	0.000461214091189	0.0173935890699	0.000897753190663	0.000592029414514	0.000747663551402	0.00075215438506	0.00051744529864	0.00108981927164	0.00499240286521	0.0180034833624	0.00392500571603	0.00158640975642	0.00214817143456	0.00106544901065
k__Bacteria;p__Verrucomicrobia;c__Verrucomicrobiae;o__Verrucomicrobiales;f__Verrucomicrobiaceae	0.000828220858896	0.000340298101137	0.000405092592593	0.00118512215875	0.0	0.0	0.0	0.0	0.0	0.0	0.0	0.0	0.0	0.0	0.0	0.0	0.0	0.0	0.0	0.0	0.0	0.0
k__Bacteria;p__Verrucomicrobia;c__[Spartobacteria];o__[Chthoniobacterales];f__[Chthoniobacteraceae]	0.0	0.000102089430341	2.89351851852e-05	6.07754953203e-05	0.0	0.0	0.0	0.0	0.0	0.0	0.0	0.0	0.0	0.0	0.0	0.0	0.0	0.0	0.0	0.0	0.0	0.0