Eigvals	34
2.60255183866	1.74254351053	0.440363333293	0.345800645139	0.301627283144	0.255666033502	0.223916060938	0.213814388168	0.174457579116	0.168747898973	0.144752226083	0.13826034386	0.134638304013	0.125395363483	0.121794900937	0.119971480104	0.117984131184	0.110380396441	0.108389538912	0.0969804118921	0.0943682764476	0.0913004903496	0.084984656252	0.0812270314989	0.0798626033307	0.0747839719276	0.0673447546008	0.059145416115	0.0503224663926	0.0468506750324	0.0447877324767	0.0320466610118	0.0182689637875	0.0

Proportion explained	34
0.305703177486	0.204684141221	0.0517263357587	0.0406187321326	0.035430002778	0.0300312630304	0.0263018205064	0.0251152491506	0.0204922858711	0.0198216105224	0.0170030102011	0.0162404551604	0.0158150000075	0.0147292977951	0.0143063771738	0.014092192951	0.0138587532668	0.0129655968512	0.0127317450355	0.0113915963667	0.0110847674714	0.0107244165481	0.00998254062335	0.00954115927995	0.00938088964756	0.00878433908739	0.00791050735769	0.0069473896241	0.00591102073228	0.00550321419617	0.00526089506735	0.00376429239702	0.00214592470216	0.0

Species	0	0

Site	34	34
L1S140	-0.388697266319	0.0720449298264	-0.00336193736786	0.112598689154	-0.167897902006	0.186247713528	-0.0563870777214	0.0424958931067	-0.0278557582882	0.10868561559	0.00487949676709	0.0615577990958	0.0676516668143	-0.0820007714457	-0.00574420535616	-0.0149697965645	-0.030897020153	0.0616030534862	0.0337031161553	0.0228238759153	0.0777878257072	-0.132697937718	-0.0091501422527	-0.0417393856547	-0.0383418710015	-0.0100017217445	0.00261492274281	0.00788220822438	0.054874083574	-0.0175467593856	-0.00522640935583	-0.0106871976708	0.00124947239622	-0.0
L1S208	-0.478674413685	0.124790337932	0.212275401879	-0.084535476661	-0.002751127529	-0.0554040906338	-0.00481622130182	-0.0379001438318	-0.0463320393546	0.0584796972861	-0.03166032611	0.0152196736879	0.00402065761232	0.137179327895	0.00132145977515	0.0670913569381	-0.0207170316182	-0.04535180954	0.00124003187667	0.113069526041	0.102874012413	0.0393000441116	-0.117186123101	0.0373255082083	0.020867375968	0.00812648617828	0.0292390115299	0.0128997551039	-0.0145556719703	-0.0162315029805	-0.0187993903421	-0.00438950715173	-0.00378372522033	-0.0
L1S8	-0.39413908641	0.0342595314743	-0.266029042336	0.0530253419724	0.0954816143965	-0.237021754833	-0.181286739135	-0.0595635116085	-0.0858702458706	-0.00223321293976	-0.0139747065817	-0.00535592563457	0.0529781696593	0.0221219303582	0.0240847263905	-0.0710218763801	0.0167763259461	-0.0198172488077	-0.0144141675858	0.0443592263021	-0.00978020897118	-0.00284820297111	0.0179236207709	-0.0200536941397	-0.00553959129241	0.0138552624356	-0.075815742683	0.00997347711782	0.0609359107649	0.0152782157057	-0.0125951828761	0.00829639710336	0.00198919864059	-0.0
L1S281	-0.459364203883	0.124258982813	0.250654416933	-0.0867536804829	-0.0486133093942	-0.103725930071	-0.0559193700818	0.0478631337536	0.041457087053	-0.117300466032	0.0907183815601	-0.0777531320662	0.0605604867342	-0.134282503475	0.0877246662833	-0.0051625967577	0.0394665585014	0.0275243466539	0.097327436268	-0.0177343168073	0.0187100350254	0.0235041551361	0.0522940306144	0.0269476615417	0.0233904656746	0.0303469360502	0.00841104238833	-0.0331893407887	-0.0175825974338	-0.00116759004921	-0.00914842595202	0.0144053046268	-0.00217372315127	-0.0
L3S242	-0.30140110595	-0.0575762343486	-0.286324838006	0.0613932067208	0.0168179719969	-0.0691754774908	-0.103201117276	0.0227207642939	0.0229477274542	0.0536275903846	0.02149022671	0.0417077409264	-0.0255980090667	-0.0255055024988	-0.0323175295705	0.111293997643	-0.0390742181724	0.0452676444268	0.0505199364837	-0.0959432780809	0.00155456339516	0.0174451803452	-0.0225000895486	0.0272917735038	0.00907390843197	-0.00394774644854	0.074244815501	0.0138224589855	-0.107142703132	-0.0304291601418	-0.00692762765099	-0.0130509693419	-0.00243430648898	-0.0
L2S309	0.196054359849	0.247546342661	-0.0388852001422	-0.0148237986307	-0.124693013105	-0.0292475037965	0.10859607026	-0.0730805991494	-0.115632145505	-0.109555714294	0.0383344817569	0.150340421348	0.0306766379736	-0.0106659301821	-0.127596031492	0.000522426728786	-0.0192369727388	0.0535185611622	0.0394729884779	0.0627833673621	-0.0602736893897	0.0387444397095	0.0364137570335	0.000847137227473	0.050324367933	0.0851751895674	0.0134102243567	0.00579571752479	0.0100233309803	-0.0388553447664	-0.000177859639255	-0.00211457150378	-0.00133741153501	-0.0
L2S357	0.224739912075	0.143106469637	-0.0436917032111	0.00720958353477	-0.0762526230858	-0.03093289423	0.0133563064293	0.103063517332	-0.105816810202	-0.103452056624	-0.0761110583051	-0.00191339613015	-0.11991674894	-0.0880551110163	0.0378124384654	-0.0533319243716	-0.0981387577332	-0.0430408815953	0.0413721963833	-0.00512147815766	0.0337122621132	0.059215227735	-0.0851150615846	-0.100722020349	0.00792635953534	-0.0820717422829	0.00986990891997	-0.00202118560078	-0.00120004375973	0.0209404198017	-0.0103768156325	0.0162280564295	-0.0064279709008	-0.0
L4S112	0.245154655029	0.223482209897	-0.0394920492153	-0.0516981078504	0.0123280045901	0.0492260253586	0.00359877343599	0.0537525042251	-0.0741934435989	-0.0341098019008	-0.0455833666116	0.0812495353498	0.105997446262	0.0281569299633	0.0223511680126	-0.033219971283	0.133080234274	-0.1544817771	0.0356569149391	-0.10394377056	-0.00830327225838	-0.0455821934699	-0.0589126886451	0.0467768387246	-0.060041539991	0.0220345360318	0.0202500962743	-0.0459474507822	-0.0125830738644	-0.00281932352202	-0.00518205399424	0.00797810179028	0.00255751373088	-0.0
L2S155	0.252272319321	0.219599320827	0.0374024195509	0.0153642878087	0.0298141563302	-0.0391271824952	0.00917600650647	-0.0247393782345	0.216563678723	0.0879170734845	-0.110462854607	0.0333307968955	0.144830916357	0.00708956867363	-0.0456268162591	-0.0311358508632	0.0227131032968	0.0422432041661	0.0942406836576	0.0101066548278	-0.0358151073609	0.0657120233194	-0.0278644046799	-0.0653987367449	0.0401551833983	-0.053635899665	-0.0136454408001	0.00930259674864	-0.000175298301942	0.0315694184333	0.00361771950842	-0.0082199038331	-0.00491095753552	-0.0
L2S382	0.205851642175	-0.0882251354546	0.191211262352	0.259396588512	0.132026178091	0.00813175766295	-0.0955654729366	-0.0612967524685	0.0276928991454	-0.0397606555888	0.0113093780022	0.062638871282	0.0182475216063	-0.0476557949096	0.0104437258493	0.0123199805417	-0.0575139427848	-0.0425829460925	-0.0357276938222	0.0082047244453	-0.00607707820213	0.0284395545463	-0.00986085973686	0.0190974295041	-0.0580722845749	0.0180554069093	0.0291076457607	0.0606103103797	0.00132252581329	-0.0203832537295	0.0858317718277	0.0611704021581	0.011145955942	-0.0
L4S63	0.26137478251	0.269466964129	-0.0252879435024	-0.0605795916412	0.00612092098988	-0.013519885407	0.0284805614737	-0.0955197414457	-0.0850352751322	-0.0199006208879	-0.0253853131133	-0.224945319745	0.0799176486471	-0.0420267160273	-0.120607317362	0.0442349192696	-0.0697403932309	0.00866243791455	0.00234058051148	-0.00509778243777	-0.00426168977771	-0.0531799514972	-0.0146618359622	0.0683231503773	-0.0457117474354	-0.0426835761088	0.0109815932404	0.0225955693785	0.00199603553965	0.0237845809471	0.0268337223815	-0.0164040193518	0.00430160591377	-0.0
L2S222	0.229267220496	0.281894879467	-0.0228384785882	-0.0889105207629	0.112050792612	0.115449044275	-0.0665600740008	-0.0189779683488	0.0272839863066	0.0232540741066	0.187006141954	-0.00365753126882	-0.0775829430262	0.0948449323579	0.06705784166	-0.00725763248451	-0.0669129572143	-0.0041185476802	0.126532685027	0.0384350478546	-0.0884157265167	-0.0343813560633	-0.0226990915135	-0.0243787898751	-0.048522906107	0.0105522242025	-0.0247786337749	0.0075131162195	-0.000235327086344	0.0164446699397	-0.00160989195511	-0.012251159672	-0.00377771637687	-0.0
L3S341	0.231837273004	0.277429674779	-0.0222854165354	-0.0749744888468	0.0434247756672	0.0339554447584	-0.0173963662259	0.100576238792	0.0204855966089	0.0414829643596	-0.114554325434	-0.00147367430268	-0.0172990923157	-0.0284034211803	0.0770955417874	0.0853711038922	-0.0589155724841	-0.0922601847206	-0.0223502329277	0.0335660085659	-0.00911177877423	-0.0758839600741	0.0951927971519	0.0200660365332	0.122894690546	0.0377233992688	-0.0467273725203	0.049391022556	-0.0168700195807	-0.0276040817903	0.0021388267803	0.00486082505679	0.00918117084453	-0.0
L3S360	0.240353614491	0.286789103	-0.0386865137362	-0.130241402702	0.0700774231919	0.110601015298	-0.113888022407	-0.029215618907	0.021856750766	-0.0108251454326	0.0998516169291	0.007416103195	-0.0216250971052	0.0250210883012	-0.0533733806532	-0.0967767214737	0.0365415528349	0.0428060006143	-0.0877963801463	-0.0787088713787	0.141660915384	0.051423293234	0.0208803194729	0.00958299234854	0.0871070136059	-0.0254189287037	0.0133928217012	0.0205239923551	0.0192550686317	-0.0099864410597	0.0121796944012	0.00894713428752	0.00311389984982	-0.0
L2S204	0.244550919336	0.276696026704	-0.0601055849371	-0.107699593569	0.0538769043346	0.0559279104526	-0.0552547572773	0.0110547075071	0.0221404067631	0.00612416547044	-0.0500342052061	0.0135964785575	0.00194369080752	-0.0728297847452	0.0663646162965	0.090261009474	0.0441200281289	0.0842279464519	-0.133231591671	0.0862589934981	-0.0172045174822	0.0690121986427	0.0133242735168	-0.0175949326866	-0.116716115196	0.0140444995718	0.0208989155869	-0.0583578236589	-0.000840498202223	-0.0161270060781	-0.0358882818228	-0.00307119451257	-0.00792888682091	-0.0
L4S137	0.226493751176	-0.0931795633542	0.169514049955	0.263731211291	0.137406681555	0.0235284832632	-0.043259719657	-0.0554240762504	-0.0431253498105	-0.0282370525099	-0.00413122780551	0.00377313800015	-0.00538289214551	-0.00555227042723	-0.00615924392115	-0.00435306169053	-0.0390927599847	-0.0070432231026	-0.0226233276227	-0.0301470460868	0.000690709914263	-0.0104197250255	0.00854601404098	0.0191159598786	0.0546025827676	-0.00679055102838	-0.0232161881426	-0.0814169198583	-0.00486662145723	-0.00435518872874	-0.0692570365488	-0.0858507828499	-0.0288140328385	-0.0
L3S294	0.214460363865	0.184421386112	-0.00678209589454	0.0657032787862	-0.144307168951	-0.156562088592	0.153462923523	-0.0165296183315	0.0160403484395	0.134441033084	0.0335679887105	-0.0246306293565	0.0175645101372	0.079521543841	0.105415719384	-0.0498734941017	-0.113371824694	0.00637979476294	-0.0351335499712	-0.0812756815154	0.0398954994802	0.0300723380339	0.055974905642	0.00306521207333	-0.0415862270003	0.0354888402555	0.0186808970992	-0.0502511089438	0.0158338115325	-0.0233733579098	0.0140183846516	0.00590953563205	0.00731852946593	-0.0
L2S175	0.24318871117	0.0790745620406	0.0203130289771	0.0955651294602	-0.0725027720282	-0.111811412773	-0.00175967545261	0.109717057455	0.0978631502103	-0.0484741920294	-0.0260854699443	0.0282442557966	-0.122524925838	0.0433344872223	-0.073113468972	-0.039365866379	0.0617981964068	0.0135364625131	0.0221849220671	0.0505378626992	0.0766522614886	-0.0545170660618	0.0674616046146	0.0661214863092	-0.0803023317367	0.0167337068366	0.00323150649903	0.0463383127487	-0.0234149932599	0.0700147908134	-0.0286794468002	-0.0102276111483	-0.010905568075	-0.0
L5S203	0.104833496511	-0.310355463497	0.0272238010653	-0.0657707415102	-0.0540456797255	-0.0363603943471	0.0731022173377	-0.0589076147522	-0.0423455266159	0.0426643998873	0.102253838574	0.0548552005582	0.0513768727357	-0.0359709938124	0.0475551807379	0.0617604351311	0.0366706790602	-0.0731295107878	-0.0267895287974	-0.0128265962667	-0.01794028619	0.0328331747992	0.0578537577143	-0.00198915535339	-0.0162885700602	-0.110301509355	0.0204720638565	0.110507378509	0.0285429404138	0.00848378012363	-0.052427292997	-0.01581280039	-0.0326018588667	-0.0
L6S93	0.108321428512	-0.357338429596	0.0298098390716	-0.0275778227063	0.101843679854	0.0339466825947	0.00303943368404	0.047335640086	-0.0646539703937	0.0577901595767	-0.0755405585273	-0.0213389363801	-0.0475363460197	0.0261159283185	-0.0124018375566	-0.0617922244409	0.0258203217201	0.0545813229849	0.101654293951	0.0270068248381	-0.022818539262	0.0322160755952	0.0578865890413	0.0725262969278	-0.0113084182508	-0.0700799107553	0.0356287323154	-0.018258528985	0.0336047101395	-0.076249375766	-0.038926920262	0.0250651040904	0.0521886451361	-0.0
L6S20	0.0537157805169	-0.350768123102	-0.0124286326616	-0.0859584493173	0.0176576065789	0.0564586255886	0.00515764469274	-0.074167523261	-0.0141158038651	0.0484119630566	-0.0921452909709	-0.0521293762602	-0.0389288843374	-0.0521529884904	0.0687919376454	-0.0961948017754	0.014305475977	0.0316680081479	0.0138034092221	-0.0267417606624	-0.0216212835172	0.021467245888	-0.049209177119	0.00514180593853	0.00917483311051	0.146098605866	0.0659820359897	0.0759799314926	0.0186211973555	0.0304606910842	-0.00171996388704	-0.0390137521846	-0.0158638107596	-0.0
L6S68	0.121865140202	-0.328995429405	0.0358262957951	-0.0542647634492	0.0161313045558	-0.0336849818295	0.0268805890398	-0.00034805486629	0.0242960751065	-0.0388440476749	0.0271686007561	-0.0526259528999	0.0104871828213	0.0101175741019	-0.054889406025	0.0133346878246	0.0423474583354	-0.0490620867155	0.00192665666616	0.000201377711181	0.0665206346283	-0.00539414439242	0.0157607684063	-0.145484343003	-0.0591709570253	0.0399908409178	-0.064095158978	0.021097953345	-0.0500207132667	-0.0743826501077	0.0165026259675	-0.0517388172338	0.0378870108669	-0.0
L1S257	-0.46825136805	0.130755583898	0.236894507097	-0.153486515063	0.0363843610706	-0.0652324868229	-0.0191907720523	-0.00132151353667	-0.0316683391421	-0.0181420448695	-0.0845609388399	0.0769626589849	-0.0702860168053	0.0542615295406	-0.0339840126206	-0.00399186054285	-0.0178253688647	0.0802458154563	-0.0695191027498	-0.12060594156	-0.098571428329	-0.0649264487846	0.0167000268248	-0.0345695770365	-0.0305062390556	-0.0406779158073	-0.0186881210285	0.0179639844202	0.00454085118516	0.00688004163655	0.0254550642728	-0.0132734442978	0.000480731063674	-0.0
L3S378	-0.393288952832	0.0648075312385	0.0281601275851	0.0915039724947	-0.210228685043	0.156711792974	-0.106874182241	-0.0235989244163	-0.0229636593148	0.0701043378133	-0.0173289774243	-0.0786188259836	-0.052517666804	0.0383111801652	-0.0637566615634	-0.0126367141215	0.0405579440801	-0.104870415716	-0.0209185296319	0.00541988037236	-0.0789730905183	0.109437229811	0.0779639848369	-0.0209729218768	0.00257858393392	0.00516549729682	-0.00108661768555	-0.0243103257613	-0.0224509923107	0.0329123547803	0.0124969228341	0.00267923078956	0.00485556502815	-0.0
L1S105	-0.311815647166	0.0182856257427	-0.146263895398	0.12223485854	-0.00485233807218	0.139255911434	0.106947016323	-0.0873732041669	0.0424515710182	-0.211975212471	-0.0709344697952	-0.0438055096084	0.0178334944964	0.125713279519	0.105836698754	0.064328263824	0.0317171586491	0.05386271852	0.0245626601261	-0.0250061311627	0.0327507113469	0.00311598613561	0.0302100723727	-0.0121117519429	0.00502427747419	-0.0230803558124	0.00416099831094	0.0218456072867	0.0221056986324	0.000893591670069	0.00796799476665	0.00455118736081	-0.000815911400247	-0.0
L5S174	0.0888331094243	-0.400481150198	-0.0142264211194	-0.0860996750826	0.0492499820084	0.0234844609636	0.00935910305297	0.0241677566139	-0.0384010809228	0.0352319342327	-0.0305830914724	-0.0267908794251	0.00197499844454	0.0366508500383	-0.0454911109497	0.00774463540499	0.000626221922249	0.0178749189771	0.0421304327108	0.0103145745324	0.0333943906189	-0.0206913771175	0.0419768190002	-0.0252220540449	-0.00320963699285	0.00924779600634	-0.0299741916308	-0.056972161438	-0.0155613774729	-0.0210814331551	0.0462912822667	0.0598048729031	-0.0932443272757	-0.0
L5S155	0.00838920399213	-0.3149384846	-0.059032970599	-0.126004490028	-0.124459041397	0.0193743483873	-0.0082211035653	-0.237545992443	0.106448940386	-0.0405126546398	-0.0176875766279	0.0692308902818	-0.0339589879875	-0.0542958316447	0.0322150064105	-0.0689548497065	-0.0508465139534	-0.0361509347059	-0.0312739200444	0.0405558666352	0.00168356015847	-0.0587948281869	-0.023409012652	0.0627361025275	0.00592133038772	-0.0442675577762	-0.0457731906884	-0.0544787937785	-0.0582318897951	0.00831887248238	-0.00153309163827	0.0130307577978	0.0172905022316	-0.0
L5S222	0.0825974736029	-0.347181322014	0.0226554995881	-0.0424475614954	0.08656030786	0.0216637735965	0.0364784638934	0.00788891755734	-0.0633753173948	0.0272082944651	0.0288560083593	0.0405615051804	0.0358937292085	0.00562770430009	-0.026805488899	0.105285413831	-0.0309260169564	0.0189482617067	0.00301261614649	-0.0255489961222	0.0408128711163	-0.00301828970341	0.0228045106013	-0.0481008368362	0.0257450375427	0.0411338521262	0.00553105387418	-0.0469162012952	0.00868090025963	0.134173736763	-0.0237708902863	0.0391563809294	0.0470154673341	-0.0
L5S104	0.102764410513	-0.206722670427	-0.0161573038727	0.0407830649951	-0.0521026247392	0.0286052641491	0.0296499901271	0.170122997601	-0.0990399722743	0.00993605398931	0.0439206157031	0.010038537803	0.0792451807849	0.0278906798505	0.0736191275036	-0.0500665020234	0.0314444774205	0.0927630045766	-0.0513998334317	0.0506450694841	-0.0319718322323	0.0294600107199	-0.0379397121378	0.0598419760922	0.0292478915216	-0.0368937689788	-0.0658883654845	0.0157146550441	-0.0678209901512	0.0313405722807	0.074058735902	-0.0360575762704	0.00910702606119	-0.0
L1S57	-0.480497345104	0.0902590961996	-0.0751885619589	0.0290447447352	0.18593041762	-0.00216992453112	0.17152666792	0.0505854386087	0.0401656740891	0.00133827749983	0.0526334870961	-0.0201754180223	0.011220598929	-0.025481978972	-0.0278014277685	-0.10441550978	0.00750982902478	-0.0562586079853	-0.0712971130446	0.0803642713911	-0.0352702218938	-0.0600956130999	0.0247310097286	-0.0482415649393	0.0260208966465	-0.0238660970292	0.113114403313	-0.0251743227195	-0.0292864278348	0.00817689050806	0.0110287211528	-0.000638361725037	-0.000649069921718	-0.0
L1S76	-0.458120656777	0.0812532733548	-0.0625857433175	0.0286291159381	0.111405683333	0.0667147102841	0.191435470614	0.0510790243344	0.0644697971132	0.0418851099532	0.0269937515927	0.00616251093739	-0.058349872129	-0.088039153377	-0.0590572896125	0.0148879230548	-0.0117849285304	-0.0232971825099	-0.00425300999862	-0.0476323313954	0.0057615463808	0.0715487892461	-0.0546038023338	0.0711582980361	-0.0280422176021	0.02976878066	-0.127013814838	0.0129921316299	0.033125076684	-0.00838059031959	-0.0180141967255	0.0123230983973	-0.00291730994365	-0.0
L5S240	0.0616008772808	-0.285366993746	-0.0659321736942	-0.0637245747698	-0.0680737887765	-0.0610567074679	-0.0448426675456	0.0935074635634	0.109847483317	-0.0467026132879	0.0303871773309	0.0119813125775	-0.0448092365506	-0.00115636121634	-0.026806597086	0.0831676762188	-0.00091414328983	-0.0491768603491	-0.00780205152391	0.00913651142091	-0.0198883067978	0.00186119957566	-0.033556266945	0.033022033985	0.0290077349634	-0.0112212824842	0.0458819917739	-0.0573462670139	0.117070330349	-0.00656449728215	0.0785098863691	-0.0531835443706	0.00301236316217	-0.0
L3S313	0.24541974576	0.152214851289	0.0290289587595	0.130522707903	-0.0501624661103	-0.085774003031	0.0572821927934	-0.103155621654	-0.0293193106739	0.0900442981745	0.0417213416404	-0.0579422879867	-0.117900241801	-0.0336219658833	0.0287278808308	0.0608741283812	0.183876356547	0.0473979340079	-0.00554731410215	0.000489790329472	-0.0286945299576	-0.0647048012551	-0.067974669995	-0.0343350900719	0.0688205839565	-0.0102850128513	-0.00905839195608	-0.00992030073368	0.00507422826886	-0.0122058596058	0.0139709100194	0.0346488577009	0.00667353750753	-0.0
L2S240	0.140309855364	-0.241307683279	0.0146168974847	0.0288454727228	-0.113646226673	0.00152375378406	-0.0531060922285	0.122734802841	0.0877328758594	-0.0686015512321	0.0456712239339	-0.0757106353878	0.0617955508406	0.065738544857	-0.0408859101187	-0.0179567034175	-0.0434634997221	0.0175307808795	-0.091604213599	-0.0179454720322	-0.079469211739	-0.0376722711628	-0.079255923177	-0.00807284518335	0.0254775359254	0.03168171665	0.000656549175968	0.0218105522876	0.00723253875606	-0.0319292105917	-0.0906414847359	0.0569299664545	-0.000781608064454	-0.0

Biplot	0	0

Site constraints	0	0
