Eigvals	34
5.05177647383	1.22387396002	0.588475499751	0.282739447783	0.229445954222	0.138054450702	0.105833988613	0.0853085584994	0.077081653465	0.0537129578449	0.0394257293959	0.0274750538598	0.0205574448066	0.0155495455783	0.0137893058708	0.0134344222236	0.0118722370931	0.00877743401225	0.00648122613793	0.00332040041753	0.00238565279362	0.0019910075488	0.00130744841691	0.00109672879361	0.0	0.0	0.0	0.0	0.0	0.0	0.0	0.0	0.0	0.0

Proportion explained	34
0.631174887757	0.152912250443	0.0735248203138	0.0353257987845	0.0286672470869	0.017248685265	0.0132230228772	0.0106585515243	0.00963067234388	0.00671096005822	0.00492589695034	0.00343276550852	0.00256847130621	0.00194277849305	0.00172285207597	0.00167851249615	0.0014833312506	0.00109666291772	0.00080977200819	0.000414854729163	0.000298066262837	0.000248758822298	0.000163354141274	0.000137026583974	0.0	0.0	0.0	0.0	0.0	0.0	0.0	0.0	0.0	0.0

Species	0	0

Site	34	34
L1S140	0.632532764906	0.0208892842066	-0.0389369146033	0.0216738019853	-0.00638973123096	0.00961558515377	-0.0271692534882	0.0252884070313	-0.00192331526096	0.0140417124128	-0.0287226713745	-0.0325226776714	0.0355685399169	0.0176028864859	-0.0154009151248	-0.00259843295654	-0.0354431925063	-0.00164227172497	-0.00489127206615	-0.0286629836993	0.00131902335373	0.0105519238814	0.00733171112418	0.0047599529215	0.0	0.0	0.0	0.0	0.0	0.0	0.0	0.0	0.0	0.0
L1S208	0.614883915477	0.025127356039	0.00399131451054	-0.0100022843387	0.0361890040463	-0.0277393889258	0.00920080913524	-0.0115466645897	-0.0176691528048	0.00758828506419	0.0151780635539	-0.0271211999426	0.0381488107462	-0.00960422504575	0.0195941785284	-0.00805429136257	0.0293248912067	0.0212882221287	0.00808729000781	0.00810402940352	0.00662535638249	0.00561416483785	-0.00895355474921	0.00578118716715	0.0	0.0	0.0	0.0	0.0	0.0	0.0	0.0	0.0	0.0
L1S8	0.563545091374	0.0120234209791	-0.0387514637476	0.00406429519441	-0.0493930043766	0.0880489173505	-0.049193904897	0.109731141459	0.0623563840589	-0.0138667442981	0.00679709639057	0.00786222911184	-0.00282348428081	-0.0271425038552	0.0113869715143	-0.00338621865754	0.0295453606564	0.0102705329473	0.00116332219201	0.00922514083786	0.0128739740502	-0.0131628757173	0.0150438134925	-0.00272475834122	0.0	0.0	0.0	0.0	0.0	0.0	0.0	0.0	0.0	0.0
L1S281	0.556455162287	0.0175244370328	-0.0142312402234	-0.0158336092575	0.0429030185599	-0.0688171322249	0.0700935629719	-0.109999900099	-0.0745766361072	0.0123242242974	0.00150200930629	-0.011874067454	0.00859281046155	-0.0217220969836	-0.0139039490284	-0.00691881507305	-0.0150881444307	0.0163771071361	0.0150371532109	-0.00777226076381	0.00811696603389	-0.00510727513437	0.0133892367001	-0.000906703970951	0.0	0.0	0.0	0.0	0.0	0.0	0.0	0.0	0.0	0.0
L3S242	0.563776272297	0.0259392618422	-0.0402700697399	0.0122127167533	-0.0440694215778	0.0698830028687	-0.070045116624	0.112943320243	0.0546294795966	-0.00859565297543	-0.00260493828938	0.0178572319389	0.0104173032707	0.00480825395244	0.00288522531866	0.00236294210349	-0.012232372981	0.00474755921516	0.000277822829316	-0.00903654735174	-0.00982144719753	0.0100017520696	-0.00595274375034	0.00113106433592	0.0	0.0	0.0	0.0	0.0	0.0	0.0	0.0	0.0	0.0
L2S309	-0.203596167851	-0.249512191089	-0.0671292578651	-0.0596137250048	0.111267175322	0.0548525482192	-0.0560636948731	-0.0288082852334	-0.0240283077114	-0.0398764372112	0.0208638415753	0.0174210654632	0.0248658731665	-0.0170249783231	0.0433451342553	0.0207424383389	-0.0311858410387	0.0112937474381	0.00956463150888	0.00465169442861	-0.0127800063057	0.000820817123583	-0.00541737706757	0.00171073035072	0.0	0.0	0.0	0.0	0.0	0.0	0.0	0.0	0.0	0.0
L2S357	-0.238517714751	-0.231965389458	-0.0954571918079	0.0128294280378	0.0483449342009	0.0307358537189	-0.0533790404081	-0.0598641504978	0.0141844018524	0.0160125193888	-0.0708302539028	-0.0072886410104	0.00776006141182	-0.00638454459146	-0.00547984887061	0.00826193889268	0.0170126423007	-0.00134473586297	0.00713874899473	-0.000779821120531	-0.00592858190876	0.00384740323585	0.000620950163339	-0.0207743640063	0.0	0.0	0.0	0.0	0.0	0.0	0.0	0.0	0.0	0.0
L4S112	-0.23369327605	-0.220848865136	-0.0782125769751	-3.0695206124e-06	0.0729260980572	0.0411057581809	-0.0700538045791	-0.0688246674897	0.0140325170686	0.0113446919332	-0.0605287286224	-0.0107704322956	-0.000606128672736	0.00336915490872	0.0213840047257	-0.0374672033099	0.0104277877964	-0.0044153566372	-0.03355435762	-0.00141745487575	0.0131621769208	-0.00345530610561	-0.00217556675755	0.0106981684401	0.0	0.0	0.0	0.0	0.0	0.0	0.0	0.0	0.0	0.0
L2S155	-0.240738742383	-0.237154400694	-0.0415517050981	0.0216029654976	-0.161875925775	-0.117191533614	0.040352500819	0.0628842792417	-0.0163767250349	0.0161738216817	-0.0184910566185	0.0462408579906	0.0273520671217	-0.0309022353199	-0.009440680311	-0.00863570380489	-0.0185944468969	-0.024589510229	-0.0111683985902	-0.000991925124217	0.0122223690128	0.00178658320107	-0.00514875652155	-0.00744227853018	0.0	0.0	0.0	0.0	0.0	0.0	0.0	0.0	0.0	0.0
L2S382	-0.283364606349	0.0907547499699	-0.0553329716021	-0.16855898686	0.171127048436	0.013474938574	0.0465823206134	0.120647442639	-0.0971981707264	0.0866005318843	0.018545051722	-0.0208788490071	-0.0381614106596	0.00912810376345	0.00417476882991	-0.00746884053356	-0.00789186607374	-0.00200894822699	-0.010540116522	0.000152570043572	0.00132435354862	-0.00255309815619	-0.000770477575661	-0.00238099715574	0.0	0.0	0.0	0.0	0.0	0.0	0.0	0.0	0.0	0.0
L4S63	-0.238517122297	-0.268335019535	-0.0703875196154	-0.0537196822271	-0.0287681163477	0.0680289981744	-0.0550634724264	0.0120897585001	-0.137027956737	-0.0865196081427	0.0221397109497	0.0227730720759	4.20598421438e-05	0.00227037449709	-0.0420364154905	0.0185857099051	0.0194159417721	-0.000329760098243	0.00799809674906	-0.000526978396418	0.00255084696868	0.00567612806708	0.00366976307	0.00391538283991	0.0	0.0	0.0	0.0	0.0	0.0	0.0	0.0	0.0	0.0
L2S222	-0.161820422708	-0.107668825259	0.279211312402	-0.105935521476	-0.0455914952447	0.0470386915226	0.0581182356073	-0.00360039977973	0.0205949902005	-0.0922795149047	0.000298767365905	-0.00370256353246	-0.0117553015561	0.0519329170953	0.0185848087673	0.00377191825415	-0.0299239353799	0.0185748946274	-0.0143782783777	0.00249749545134	0.0145269805441	-0.0025575289831	0.00206922315697	-0.00748351695879	0.0	0.0	0.0	0.0	0.0	0.0	0.0	0.0	0.0	0.0
L3S341	-0.142774009326	-0.14082407545	0.203194786385	-0.0821761086016	0.0336773140915	-0.0215365816763	-0.0499066577818	-0.0324144540152	0.0449998561955	0.0611930289633	-0.00149947263178	0.0710134007565	0.00740948917051	0.0311009087159	-0.0330975980397	-0.036238803269	0.0190864615966	0.0160205269274	0.00448341414603	0.00559668834365	-0.00941849653104	0.00280467077378	0.00520951986542	0.00386823720396	0.0	0.0	0.0	0.0	0.0	0.0	0.0	0.0	0.0	0.0
L3S360	-0.164774878648	-0.146317518921	0.268548205953	-0.0846426623782	-0.0709270568881	0.0805006930109	0.0589606385767	-0.0237382462703	0.0132798736514	-0.00494446111247	0.0102216413009	-0.0361060835235	0.0145738909032	-0.0285253941329	0.0117857559745	-0.0294452371737	0.00388541693643	-0.0424151685797	0.0110785203817	-0.0049797150093	-0.00402162078724	-0.00116342187509	-0.00410594058779	0.00348064820103	0.0	0.0	0.0	0.0	0.0	0.0	0.0	0.0	0.0	0.0
L2S204	-0.110780178708	-0.151324741155	0.26814536253	-0.05308728849	-0.051080753055	-0.0184997055985	-0.120659028203	-0.00728382425353	-0.00352644338158	0.0993143065583	0.0173584209513	-0.030848044153	-0.0242537382419	-0.0189670081356	-0.00249551489425	0.0418177624933	-0.0113801093481	0.00734316147677	-0.000180126133704	-0.00314581826144	0.00166993081794	-0.00381399880215	-0.000325826920126	-0.000531469028887	0.0	0.0	0.0	0.0	0.0	0.0	0.0	0.0	0.0	0.0
L4S137	-0.254600138971	-0.0380722819502	0.065273848924	-0.0202058295675	0.191904033308	-0.0545167561134	0.0525664343236	0.0559948667612	0.0793300072526	-0.0460414955543	-0.0603412730908	-0.00558563775211	-0.0274121994076	-0.0268928441351	-0.0152920323492	0.0119590852496	0.00802352854992	-0.0113734103053	0.0241953418719	-0.00347327558864	0.00582402100133	0.00607082559863	0.00116881563609	0.00360243344058	0.0	0.0	0.0	0.0	0.0	0.0	0.0	0.0	0.0	0.0
L3S294	-0.227795947456	-0.307238968733	-0.0378859944349	0.0366438878938	-0.227967422224	-0.0560214028355	0.0923174471962	0.0125757392503	0.0180145675278	0.0234515952427	-0.0135488874506	-0.0290831525458	-0.0167436430211	0.0102676178812	0.0103873999453	0.0113580164184	0.0120883632205	0.0279602999471	0.0060942911509	0.00194546002845	-0.011883431025	-0.000149465226187	0.00228532216575	0.00593903104598	0.0	0.0	0.0	0.0	0.0	0.0	0.0	0.0	0.0	0.0
L2S175	-0.275454132807	-0.223036802037	-0.173940327755	0.071228029431	0.0794150852609	-0.0969818319846	0.0241960002942	0.0290941407288	0.0568449559236	-0.016959707577	0.0689206540329	-0.0396454410981	-0.00674908754764	0.00162819095049	-0.00991109021605	-0.0363752027613	-0.00835366095207	0.0202026645847	-0.00999047452248	0.00455029737401	-0.00411101527499	0.0102624213761	0.000298781200597	-0.00553775255216	0.0	0.0	0.0	0.0	0.0	0.0	0.0	0.0	0.0	0.0
L5S203	-0.319892243973	0.18238389908	-0.0560903849106	0.130098665081	0.0537763369827	0.0199598789832	0.00859107761538	0.00590174374599	-0.00662515721487	-0.0301970649414	-0.0279486968252	0.000991053264453	0.0075870976762	0.00656166327813	-0.022426384606	0.000998542613358	-0.00669670034986	0.00442079438685	-0.00598926754769	0.00244445899204	-0.00138235956834	-0.00827516618602	-0.00315205313113	0.00114296058037	0.0	0.0	0.0	0.0	0.0	0.0	0.0	0.0	0.0	0.0
L6S93	-0.287062740882	0.406548025568	-0.00430683845727	-0.216532968424	-0.0306724129879	-0.0759139735845	0.00462005850458	-0.0105556495164	0.0544450619901	-0.0415638392989	-0.0431299118578	-0.0180146782467	0.00609900873365	-0.0116243041675	-0.00748620194807	0.0147657203439	-0.0003406244338	0.0151751982763	0.0045604018856	0.00123248384112	-0.00712461884208	-0.00297933034017	-0.00225768130145	0.00398800834858	0.0	0.0	0.0	0.0	0.0	0.0	0.0	0.0	0.0	0.0
L6S20	-0.202589645952	0.194519989131	0.136025131279	0.188840975656	-0.0659514377293	-0.0536194023102	-0.113624499493	0.00593039708167	-0.0626306661436	-0.054327575498	0.00652999411811	-0.0543557983392	-0.0431756144123	-0.00602231669168	-0.0035245155143	-0.0195203563816	0.0138299188118	-0.0026707901042	-0.000753269673568	-8.50365355376e-05	-0.00186148698482	0.00224275899484	-0.00262508087865	6.46080129383e-05	0.0	0.0	0.0	0.0	0.0	0.0	0.0	0.0	0.0	0.0
L6S68	-0.226406814859	0.196008132161	0.124089643807	0.0824408657883	0.0359808958239	-0.0294852994624	0.0030137157368	0.0170199306301	-0.0413018501208	-0.00061567275987	0.0298011276997	0.0297650318835	0.0239182827237	-0.00390935400763	0.0542121130098	-0.0250333711217	0.00421256255247	-0.0022777543625	0.0200123598586	-0.00259555802618	-0.00440216087024	0.00232709050784	0.00815038707453	-0.0046781613676	0.0	0.0	0.0	0.0	0.0	0.0	0.0	0.0	0.0	0.0
L1S257	0.594588404227	0.0248348382554	0.0413677265165	-0.0436837359268	0.0546136373737	-0.0525457311279	0.0464235366556	-0.0289480376073	0.000408812284914	-0.0108431889169	0.02238119229	-0.0142774630549	0.0217727562039	0.0136309786227	0.00894144819619	0.0406972851236	0.0495098258591	-0.0170133658171	-0.034125176548	-0.0027051089111	-0.00525017666908	0.00497332942906	-0.000741889600632	-0.00592580408811	0.0	0.0	0.0	0.0	0.0	0.0	0.0	0.0	0.0	0.0
L3S378	0.631900135998	0.0221682380972	-0.034207822307	0.0205971120062	0.00282146052763	0.000749274021623	-0.0201837675959	0.0079964504842	-0.0139159195383	0.00748094223665	-0.0244937391471	-0.0374456505235	0.0282929237936	0.0239567465791	-0.0240785160244	-0.0127627204307	-0.0252120572977	-0.0146313230346	0.0105098090019	0.025963013307	-0.00814026332537	-0.0176539746117	-0.00494930272294	-0.00405114282227	0.0	0.0	0.0	0.0	0.0	0.0	0.0	0.0	0.0	0.0
L1S105	0.580843703239	0.0227316965558	-0.0416103746102	0.0116483257522	-0.0163116241421	0.0239677424331	0.0266287949138	-0.0304582883091	0.00672492364025	0.0119397482138	0.0119898164347	0.024804752618	-0.0492623954042	0.0398995153635	0.00184831985154	-0.0102091120107	0.0161395729232	-0.00461965539038	0.0296335170411	-0.0159413943931	0.00797030267	-0.00197188329338	-0.0149032873002	-0.00426099968246	0.0	0.0	0.0	0.0	0.0	0.0	0.0	0.0	0.0	0.0
L5S174	-0.414743946211	0.35606838041	-0.305040953188	-0.190431399662	-0.115468912227	-0.00111349097643	-0.0770945839987	-0.0660772807378	0.0514566322547	-5.40828594468e-05	0.0616204112986	-0.00534917180272	-0.00113304764472	0.00244990355627	-0.00142316170992	-0.00914601951042	-0.00298989000543	-0.0164134181315	0.00354051859402	-0.00220299023364	0.00630375530057	0.00219151762587	0.00253291184323	-0.00270845208765	0.0	0.0	0.0	0.0	0.0	0.0	0.0	0.0	0.0	0.0
L5S155	-0.305794661745	0.184815922195	-0.0143829642517	0.218904810093	0.0280869012483	0.0464216133749	-0.000242909202566	-0.0529533682087	0.0499217919359	0.036520757167	-0.00328309738331	0.011333770404	-0.0144681890954	0.00399740397699	0.0141320874138	0.0278145080131	-0.0154665168388	0.00228368446768	-0.000754250554817	-0.00236458678141	0.00505097333946	0.000536247548059	0.00304592409505	-0.000910657421267	0.0	0.0	0.0	0.0	0.0	0.0	0.0	0.0	0.0	0.0
L5S222	-0.344332623192	0.300873450867	-0.0909982659756	0.0036423422703	-0.0824118801163	-0.0314360841043	0.0152543909741	0.035972074975	-0.0849087443974	0.0222982135907	-0.077157204946	0.0251657658758	0.012657818973	0.0201421298323	0.0258097659785	0.00164823663246	0.0112970087359	0.00607099760059	-0.00180384605637	0.00138735473107	-0.00130298486876	0.00179620007055	-0.000665637131443	0.00168266112131	0.0	0.0	0.0	0.0	0.0	0.0	0.0	0.0	0.0	0.0
L5S104	-0.354914291361	0.0737460127619	-0.116431098896	0.0532433402945	-0.0406009318381	0.219772197969	0.123566780378	-0.017812022939	0.00204026014589	0.0340655202177	0.0106720600463	-0.0166343684613	0.00201079985124	-0.0138218647663	-0.0186958583362	-0.00113889846011	0.00764347040414	0.00595039449544	-0.00351756457048	0.000242640421341	-0.00573267535032	0.00255166535318	0.000692536324037	0.000416276192902	0.0	0.0	0.0	0.0	0.0	0.0	0.0	0.0	0.0	0.0
L1S57	0.565622074543	0.0314022147682	-0.0378683242464	-0.0108910926679	-0.00703131558197	-0.0173265058584	0.0235649496729	-0.0348990306192	-0.00994494979354	-0.0317963746809	0.00660637157474	0.0543191914686	-0.047102414801	-0.0485511057872	-6.68817546687e-05	-0.0110380636613	-0.0118683409334	0.0136816175714	-0.0241780507785	-0.00987509093815	-0.0123137963423	-0.0124619506884	-0.00572935559025	-0.000266260161272	0.0	0.0	0.0	0.0	0.0	0.0	0.0	0.0	0.0	0.0
L1S76	0.595739761752	0.0224062557151	-0.0417572486	0.0105363899025	-0.0222689984758	-0.00549464053726	0.0203324603328	-0.0388072753445	-0.00285782051037	0.0080942301211	-0.0104338537122	0.022225085877	-0.0482899381407	0.0019107384448	0.00855274993995	0.0115583267116	-0.0211103095497	-0.0274636132674	-0.00241056248922	0.0295295105848	0.000108594559227	0.0195471451606	0.00620698695368	0.00559843917782	0.0	0.0	0.0	0.0	0.0	0.0	0.0	0.0	0.0	0.0
L5S240	-0.219397089954	0.204914675539	0.144773203168	0.0768774627478	0.0251767736386	0.00653710173641	0.0163337884295	-0.00568451053152	0.00885495079578	0.0227139148979	0.0423814004494	0.0236332855512	0.0369427148323	-0.0171427852322	-0.0266431711303	0.0163295661112	-0.00435472295909	0.0168851852113	-0.00241214661442	0.00930677660041	0.0166045143982	0.00421352444919	-0.0115275736347	0.00189852137737	0.0	0.0	0.0	0.0	0.0	0.0	0.0	0.0	0.0	0.0
L3S313	-0.24740800733	-0.289453595172	-0.211254260243	0.0656055854832	0.0378653748838	-0.0715830699256	0.005559355956	0.0110062935738	0.0268179183525	0.00206146627259	0.0362200675046	0.00880470775366	0.00682494095843	0.0271201545112	0.0109996441026	0.0288543303454	0.0043739120917	-0.0210031886891	0.0105676246341	-0.00460929462867	0.00337695655446	-0.0165228566227	0.000970334864682	0.00926533227342	0.0	0.0	0.0	0.0	0.0	0.0	0.0	0.0	0.0	0.0
L2S240	-0.200917882335	0.196072433414	0.171415233679	0.0726269645357	0.0407053480568	-0.0208702644318	0.0164028748631	0.00720006969594	0.0155744307549	-0.0147380894129	0.0329860872872	0.0172934183812	0.0110993431285	0.0164599187597	-0.0166216410036	0.00391096292817	0.00231606656119	-0.0243343179771	-0.0132957053933	-0.00566377374984	-0.0141559736049	-0.00598803756164	0.00671588749106	0.00163967514337	0.0	0.0	0.0	0.0	0.0	0.0	0.0	0.0	0.0	0.0

Biplot	0	0

Site constraints	0	0
