Eigvals	27
1.40792992142	0.556784443895	0.504420245089	0.438784265191	0.330876347944	0.284132045775	0.257318469179	0.224894573297	0.196745278482	0.188409202645	0.173525515854	0.162310666677	0.155011662766	0.150392094091	0.140005506521	0.137897704086	0.127648090591	0.123037184984	0.111978164851	0.106062151008	0.0999047098631	0.0899255545283	0.0881805230569	0.0855983887895	0.0755075616149	0.0613758890539	0.0

Proportion explained	27
0.224240647244	0.0886789194367	0.0803388865601	0.0698850604209	0.0526985933688	0.0452536400271	0.0409830483738	0.0358189025679	0.0313355714072	0.0300078866888	0.0276373656077	0.025851179378	0.0246886688464	0.0239529112964	0.022298642086	0.0219629329183	0.0203304795346	0.0195961017492	0.0178347343723	0.0168924923239	0.0159117982092	0.0143224206293	0.0140444899023	0.0136332340219	0.0120260704959	0.00977532253361	0.0

Species	0	0

Site	27	27
151	0.0741876861499	-0.0963487449436	0.0202745109634	-0.173649569767	0.0186549856999	-0.0638903367929	0.0302707957806	0.12680041231	-0.0334381099569	-0.14130433962	0.104637547275	0.134643820907	0.0438472564128	0.112034985728	-0.0838150900881	-0.0374641542101	-0.0195093600724	-0.0739299084909	-0.0717166561938	-0.0113496710891	0.118323650109	0.0623035229941	0.010726106586	-0.00042775944363	-0.00308185409971	-0.0608945730619	0.0
150	0.112004283698	-0.0843246256905	-0.0561965580728	-0.208269931813	0.0146829381427	-0.0779132244207	0.0136928834877	0.0345728926034	0.00696659229377	0.0109015058009	-0.0640899195786	-0.021673969247	-0.0110164808273	0.145489909702	0.0835990880153	-0.146260440218	-0.000708773823367	-0.0719702390082	0.0389371495011	0.0980461014066	-0.0494584293372	-0.111089079484	-0.060935233879	0.00453792104168	0.0086001006791	0.0712702952194	0.0
153	0.09548227842	-0.1105173549	-0.0293689744079	-0.170981594995	-0.0285497630697	-0.0998255771476	-0.106810005119	0.0348745007575	0.0390959084725	-0.0440197300263	-0.117859217762	-0.0111152032144	0.026191556089	-0.0764048064417	-0.0599672762814	-0.025115827771	0.0276083242755	0.0611402558706	0.15990701786	0.0256064852173	-0.00744766876352	0.0885406133662	0.135036909444	0.0330048617035	0.0428205864852	0.0159576697019	0.0
152	0.17367527391	-0.0597542094902	-0.148902387663	-0.108269030557	0.0429390406075	0.0930809264512	-0.124143735841	0.0807633482078	-0.0384873947803	0.143267202683	0.0478203266019	-0.0358027149443	-0.046909010778	0.000404787721383	-0.0420242985337	-0.018602700489	0.0688099494308	0.0982953040201	-0.0546391142316	0.0159940044457	-0.0121129221391	-0.0777686073538	0.0656132851689	-0.00721933280582	-0.131501240179	-0.0704047162101	0.0
155	0.131537815478	-0.00761734902227	-0.124915403916	-0.0494708975854	-0.0299158353885	0.332056197021	-0.0438063639252	0.0595728512978	-0.14849378816	-0.0667602330849	0.0651237534355	-0.0700648533833	0.0993825761743	-0.0166358126751	-0.0359405283371	-0.0111275698384	-0.00287668428524	-0.00388522906424	0.0435302219399	-0.0448561797248	-0.042310277514	0.0565872574689	-0.0694132947662	-0.0226485368733	0.0226325240524	0.0687135818611	0.0
157	0.130898398502	0.0284073804489	0.00298532589169	0.200750148168	0.0214376900029	-0.111670080912	-0.0918861897946	0.169139970309	0.0167814053039	0.0529195348177	0.109525399207	-0.0160000635337	0.0272310340827	-0.124005753287	0.0309344499985	0.011875317704	-0.0207194549365	-0.0587671634506	0.117244923746	-0.0346430094018	0.125349638415	-0.09490669751	-0.042443748601	-0.00273837141098	0.00895642412344	0.0188094595951	0.0
156	-0.238113690391	0.0164362581156	0.21976128031	-0.0295301650398	-0.479750233788	-0.00804311703903	0.0829906364481	0.0791065569429	-0.031598153426	0.0915781059682	0.00954125565371	-0.0252313539726	-0.0047698884891	0.0269563613024	-0.00769662341219	0.011675406632	0.0191213976012	0.030928261317	0.000706420595482	0.00540440274755	0.00441519899331	0.00197651715785	-0.00921582922926	0.00749593288464	-0.00674041653906	-0.00388329848789	0.0
158	0.125389132964	0.0291497628708	-0.0481557486694	0.216230037322	-0.0207875092432	-0.229706065365	-0.0274008752846	0.00205105530614	-0.125955856566	-0.053325680638	-0.00771436030097	-0.0569529630669	0.0771756259242	0.00248911282895	0.111251195325	-0.0633534247861	0.00205908284307	-0.017134783606	-0.0202718353321	-0.0206912258449	-0.098228254728	0.104999957551	-0.0118390984714	-0.0379347751108	-0.0918911239479	-0.0328668144728	0.0
178	0.135149163102	-0.0475510732746	-0.0416039411003	0.0274809795986	0.08375758605	0.0262276490818	0.218167867311	-0.0358735224631	-0.0829459253221	0.202990635801	0.0956096844097	0.0388085627199	-0.0822937614882	-0.0445237876072	0.0489766495338	-0.101458347726	0.0172740984588	-0.0467067429403	-0.00334263921027	-0.039245127839	-0.0203981222931	0.0534544224261	0.069480555316	0.034005097289	0.0953224980163	-0.0134686532096	0.0
177	0.0182856961112	0.40299610576	0.185266478363	-0.107544322433	0.134854397059	-0.0107696308729	0.0942729754684	-0.00658250095285	-0.0026177257537	-0.0312953779125	-0.0344552251796	-0.0125991628668	-0.0120099699757	0.0694116313434	-0.0188134292469	-0.0282360805244	0.0390546017875	0.104830108231	0.106584389221	-0.102282270071	-0.0111790269017	-0.023947582476	-0.0630712962507	-0.00571912114487	0.00535074191113	-0.0689015548132	0.0
176	0.138252449322	-0.0619335898749	0.0124857599319	0.0500856207453	0.0198588924708	0.003801295226	0.118665946839	-0.0539749044593	0.109939708476	-0.0119988464756	-0.08936183771	-0.171326385619	-0.119750227969	0.00528786006216	-0.0940276468638	-0.0467002201392	-0.00197500372165	-0.0405425943343	-0.0375221376569	-0.0738888890767	0.104224475496	0.0520382425158	-0.00681514323824	-0.0356887375608	-0.0824898596391	0.0722384340896	0.0
175	0.129399335243	-0.035367073076	0.0535994915569	0.080770873115	-0.000638068296515	0.111028850887	0.124546091616	0.101948337562	0.20935576947	-0.0713319735324	-0.0738572363563	-0.0371981091056	0.130719102273	-0.113686694757	-0.00957412512684	-0.0513832598955	0.011351387747	-0.0480607946574	-0.072572469581	0.0250704513845	-0.0806488535979	-0.047851391759	0.00717113867107	0.0161859804309	0.0267840720856	-0.0768417648116	0.0
173	0.140908951829	0.0621988366484	-0.0932446796267	0.344433606798	-0.0621892890657	0.110660454317	0.0150126707376	-0.123571365555	-0.0696559489726	-0.0710104396134	-0.0907058497812	0.066202323993	0.0293494601824	0.0918053200685	0.00335744549475	-0.058735995862	0.0308479354585	0.0781424953607	0.00941982956144	0.0853645268437	0.10977373762	-0.0448664145806	0.0491300705416	0.0313748639568	0.0248177669169	-0.00987858862272	0.0
172	0.0215975224612	-0.0590084461971	0.11185686668	0.0503354261752	-0.0112971625978	-0.0481732141182	-0.160076059786	-0.204067374043	-0.0533544618466	0.0883890792564	-0.026103047522	0.017405142412	0.0173473539054	-0.0132864588686	-0.207629300893	-0.0142650667016	-0.00204281569743	-0.123249186216	0.0118372648815	0.0040833279404	-0.0532612933425	-0.02515503775	-0.0658387036345	0.00170145829585	0.0253812985962	-0.0496734740051	0.0
171	0.116175183448	-0.0430945974191	0.0584795679548	0.179690683124	0.0105218827429	0.0265803364931	0.00460706048538	0.0785317165235	0.0858661291785	-0.101098080641	0.110761040715	0.0946637314011	-0.220983116178	0.0217759642758	-0.0535585085588	0.0484387393068	0.00318373858886	0.0342061788292	0.0499760177013	0.084351554395	-0.116194494813	0.0317030002828	-0.0317391560065	-0.012032033057	-0.0103565769008	0.0195026238157	0.0
170	0.0727634347091	-0.0896384094939	0.132013155741	0.107538781336	0.0806833665263	-0.0654293632017	0.0193430978531	0.0562762581985	-0.0258761474285	0.0205375259477	-0.0182349511935	0.0282811038224	0.0861809199293	0.120595382374	-0.048032869599	0.123872167379	-0.0312464884138	0.0272899160307	-0.0554682740994	-0.120507104225	-0.0760584043909	-0.0757678177516	0.0971253170104	0.0280089628454	0.0158958100831	0.0891199803935	0.0
146	-0.601775152184	-0.0015736286744	-0.118572287947	0.03481935314	0.0595102630349	0.00847834584695	0.00486794560243	0.0283201584156	0.00475867996713	-0.00734608965373	-0.039352399651	0.0197635232428	-0.00556540017988	0.0190212710788	0.0179605390186	0.0570687503854	0.200436434286	-0.0760485987158	0.00726061281438	-0.0031234363386	0.00387567317058	-0.00745844887917	0.0293681398672	-0.141493987708	0.0318580812175	0.00191051581723	0.0
147	-0.579659656577	-0.0142474611893	-0.0996562923283	0.0302223800884	0.0525596810145	-0.0135482450853	-0.00178585857787	0.00912234409036	0.0134483610005	0.0213505058442	0.0188808577438	-0.0218420203574	0.00633796132923	-0.0102648319633	-0.0450551373373	-0.0834735897021	-0.236278349015	0.0953627148448	-0.0109654619488	0.0185307579351	-0.00736901422358	-0.013084071358	0.0166038998439	-0.0867831598641	0.0242054150352	-0.00985313748106	0.0
148	-0.608719344652	0.00081375165748	-0.127491750534	0.029288208036	0.0663409471983	0.0147303642153	-0.00997987039366	0.0166746827975	0.0100028499404	-0.0148975624776	-0.0149527490371	0.00692065988035	-0.0144889096808	-0.00984407551776	0.00917461709513	0.00334416082329	0.0213582852428	-0.0270311161711	0.000638592073553	-0.022273475761	-0.00341010006779	0.0239749242703	-0.0434840861125	0.219011450057	-0.0551335044015	0.00858412510725	0.0
168	0.0552494076704	-0.117277740305	0.0972642257291	-0.00654533707718	0.127314134361	0.0569024151565	0.0691246045857	-0.0199295640341	0.058330612988	0.15017941538	-0.0147528090217	-0.0393637109854	0.0987415290743	0.0903761617142	0.0569410897656	0.168241241717	-0.048739131309	-0.00274458498384	0.0645255642518	0.121801363195	0.0427101142608	0.0850006993012	-0.0420242586698	-0.00903716329923	-0.0309373901449	-0.0304435073978	0.0
165	-0.0188197845961	-0.115044790998	0.225324730435	-0.0556473675761	0.0275789081519	0.116989636251	-0.100647371285	0.00500833763884	-0.12583458693	-0.0917333881153	-0.121202820436	-0.0370425329026	-0.147011733919	-0.039199072885	0.143716770007	0.0596496191926	-0.0813800574738	-0.0739323837699	-0.0177841696326	-0.0334429844026	0.0187885607669	-0.0325039071568	0.0366703282665	0.00063530655272	0.017389723294	-0.0585416159233	0.0
166	-0.112743764294	-0.108380322484	0.178650761664	-0.0960565888658	0.0181234893666	-0.0268333250355	0.00800619531524	-0.227996610144	0.0371286178769	-0.12342264546	0.231814646345	-0.0997936897124	0.0509120604278	-0.0440809728479	0.0592840895661	-0.00728762982252	0.0528509770569	0.0477787816695	-0.0036965857497	0.0292221401737	0.0124891004766	-0.0448795500163	0.0421846495132	0.00962924718546	-0.0076500783222	0.0174883964977	0.0
167	0.0174877384145	-0.140095880621	0.162954395128	-0.0623550289763	0.0467454627241	0.00672668093646	-0.0270342190903	-0.0465885909381	0.0148916921436	0.0486652176899	-0.082444274533	0.219559940119	0.0328102645117	-0.131308881383	0.0543433659677	-0.0464050305108	0.0341332077856	0.10425403929	-0.0620426518557	-0.0271424227816	0.0271148092573	0.0227421800512	-0.0888662916491	-0.0332665640268	-0.0362540212267	0.0640186460585	0.0
160	0.151068183189	0.0745080764095	-0.312326960775	-0.144076651902	-0.0991216015836	-0.0624498636261	0.201718851583	-0.111806123865	-0.0555175491328	-0.0645637104901	-0.0277670028289	0.0828659348941	-0.00634466237152	-0.097369225706	-0.0128864249956	0.141886712074	-0.0632091663871	-0.0364600657541	0.0364600582342	-0.00279090954938	-0.0157258031374	-0.0667640043419	-0.000462343393128	-0.0148149374376	-0.0514300262405	-0.00387306209335	0.0
161	0.0339023756727	0.512850099879	0.0967792093291	-0.0704251887292	0.0364694664915	0.00775035581	-0.0858533972944	0.0174941541521	-0.00370007833267	0.0326170654183	0.0107282853861	0.00966304818966	0.00390617339333	-0.0576698344157	-0.00483615797878	0.01575034861	-0.0245809769743	-0.0699725284358	-0.100154163154	0.110657824692	0.0083366982964	0.034530704102	0.066366336984	0.00592010504503	-0.00671229601209	0.070095379687	0.0
162	0.136744261869	0.0888413531102	-0.198302879122	-0.0238730971221	-0.134642378439	0.0523318820783	-0.182477486116	-0.104187389567	0.222673219683	0.0423009779763	0.0408169238057	0.0565929049729	-0.012037362117	0.0918810863332	0.113521062475	0.0105625283001	-0.0363725022299	-0.0251344653735	-0.00669843301053	-0.115357736144	-0.00437155793781	0.0369706421853	0.00362609490996	-0.00755684119315	0.0295403874805	-0.0161404854488	0.0
163	0.149672820532	-0.0244263272472	-0.158957895514	-0.0449513252076	0.00485870982768	-0.149093346155	-0.0433861906048	0.0343203689095	-0.031763820186	-0.0115886748423	-0.0224060196867	-0.119363963644	-0.0469523497359	-0.0192496261764	-0.00920294501075	0.0875043460731	0.0415493437765	0.113342329508	-0.130153470725	0.0274615018734	0.0227725663244	0.011219926744	-0.0929543482217	0.0258501336489	0.134622957677	-0.0120438618048	0.0

Biplot	0	0

Site constraints	0	0
