# Constructed from biom file
#OTU ID	145	146	147	148	150	151	152	153	155	156	157	158	160	161	162	163	165	166	167	168	170	171	172	173	175	176	177	178
Unassigned;Other;Other;Other;Other	0.00637577916296	0.00583878678632	0.00617014855303	0.0068032006768	0.000403302334409	0.000240334064349	5.19076044641e-05	0.000401952339937	0.000170121758573	0.00651184918676	0.000295357516849	0.00109009072368	0.000206939366766	0.000309486965837	2.7105412951e-05	7.51917389343e-05	0.00118330228991	0.00141454314357	0.000571852165625	0.000295978393577	0.000252682320012	0.000127291242363	0.000594601022714	7.15956278937e-05	0.000316135558928	0.000267925228252	0.00019535913521	0.000264500283393
k__Bacteria;p__Acidobacteria;c__Acidobacteriia;o__Acidobacteriales;f__Acidobacteriaceae	0.000284951024043	0.000235118930993	0.000167667080245	0.000704994888787	0.0	0.0	0.0	0.0	0.0	0.0	0.0	0.0	0.0	0.0	0.0	0.0	0.0	0.000102503126345	0.00010589854919	0.0	0.0	0.0	0.0	0.0	0.0	0.0	0.0	0.0
k__Bacteria;p__Acidobacteria;c__[Chloracidobacteria];o__RB41;f__Ellin6075	7.12377560107e-05	0.0	0.000100600248147	0.0	0.0	0.0	0.0	0.0	0.0	0.0	0.0	0.0	0.0	0.0	0.0	0.0	0.0	0.0	0.0	0.0	0.0	0.0	0.0	0.0	0.0	0.0	0.0	0.0
k__Bacteria;p__Actinobacteria;c__Acidimicrobiia;o__Acidimicrobiales;f__	0.000106856634016	0.0	0.0	0.0	0.0	3.00417580437e-05	0.0	0.0	0.0	0.0	0.0	0.0	6.89797889218e-05	0.0	8.13162388529e-05	0.0	0.0	0.0	0.0	0.0	0.0	0.0	0.0	0.0	0.0	0.0	2.17065705789e-05	1.88928773852e-05
k__Bacteria;p__Actinobacteria;c__Actinobacteria;o__Actinomycetales;f__	0.0	0.0	0.0	0.0	0.0	0.0	0.0	0.0	0.0	0.00011893788469	0.0	0.0	0.0	0.000142840138079	0.0	0.0	0.0	0.0	0.0	0.0	0.0	0.0	0.0	0.0	0.0	0.0	0.0	0.0
k__Bacteria;p__Actinobacteria;c__Actinobacteria;o__Actinomycetales;f__Actinomycetaceae	0.0	0.0	0.0	0.0	0.0	0.0	0.0	0.0	0.0	0.0	0.0	0.0	0.0	0.0	0.000108421651804	0.0	0.0	0.0	0.0	0.0	0.0	0.0	2.37840409086e-05	0.0	0.0	0.0	0.0	0.0
k__Bacteria;p__Actinobacteria;c__Actinobacteria;o__Actinomycetales;f__Beutenbergiaceae	0.0	0.000274305419491	0.000134133664196	0.000105749233318	0.0	0.0	0.0	0.0	0.0	8.92034135173e-05	0.0	0.0	0.0	0.0	0.0	0.0	0.0	0.000266508128498	2.1179709838e-05	0.0	0.0	0.0	0.0	0.0	0.0	0.0	0.0	0.0
k__Bacteria;p__Actinobacteria;c__Actinobacteria;o__Actinomycetales;f__Bogoriellaceae	0.0	0.0	0.0	0.0	0.0	0.0	0.0	0.0	0.0	0.0	0.0	0.0	0.0	0.0	0.0	0.0	0.0	6.15018758072e-05	0.0	0.0	0.0	0.0	0.0	0.0	0.0	0.0	0.0	0.0
k__Bacteria;p__Actinobacteria;c__Actinobacteria;o__Actinomycetales;f__Brevibacteriaceae	7.12377560107e-05	7.83729769975e-05	3.35334160491e-05	3.52497444394e-05	0.0	0.0	0.0	0.0	0.0	0.000178406827035	0.0	0.0	0.0	0.0	0.0	0.0	0.0	0.0	0.0	0.0	0.0	0.0	0.0	0.0	0.0	0.0	0.0	0.0
k__Bacteria;p__Actinobacteria;c__Actinobacteria;o__Actinomycetales;f__Cellulomonadaceae	0.000320569902048	0.000352678396489	0.000335334160491	0.000211498466636	0.0	0.0	0.0	2.87108814241e-05	0.0	8.92034135173e-05	0.0	0.0	0.0	0.0	0.0	0.0	0.0	0.0	0.0	0.0	0.0	0.0	0.0	0.0	0.0	2.06096329424e-05	0.0	0.0
k__Bacteria;p__Actinobacteria;c__Actinobacteria;o__Actinomycetales;f__Corynebacteriaceae	0.0	0.0	6.70668320982e-05	0.0	0.0	3.00417580437e-05	0.0	0.0	0.0	0.0	0.0	0.0	0.0	0.0	0.0	0.0	0.0	0.0	0.0	0.0	0.0	0.0	0.0	0.0	0.0	0.0	0.0	0.0
k__Bacteria;p__Actinobacteria;c__Actinobacteria;o__Actinomycetales;f__Dermabacteraceae	7.12377560107e-05	0.0	3.35334160491e-05	0.000105749233318	4.74473334599e-05	0.0	0.0	0.00014355440712	0.0	0.000148672355862	0.0	0.0	0.0	0.0	0.0	0.0	0.0	0.0	0.0	0.0	0.0	0.0	0.0	0.0	0.0	0.0	0.0	0.0
k__Bacteria;p__Actinobacteria;c__Actinobacteria;o__Actinomycetales;f__Dietziaceae	0.0	0.0	0.0	0.0	0.0	0.0	0.0	0.0	0.0	0.000178406827035	0.0	0.0	0.0	0.0	0.0	0.0	0.0	0.0	0.0	0.0	0.0	0.0	0.0	0.0	0.0	0.0	0.0	0.0
k__Bacteria;p__Actinobacteria;c__Actinobacteria;o__Actinomycetales;f__Geodermatophilaceae	0.000320569902048	7.83729769975e-05	6.70668320982e-05	7.04994888787e-05	0.0	0.0	0.0	0.0	0.0	0.0	0.0	0.0	0.0	0.0	0.0	0.0	0.0	0.0	0.0	0.0	0.0	0.0	0.0	0.0	0.0	0.0	0.0	0.0
k__Bacteria;p__Actinobacteria;c__Actinobacteria;o__Actinomycetales;f__Gordoniaceae	0.000106856634016	0.000117559465496	3.35334160491e-05	7.04994888787e-05	0.0	0.0	0.0	0.0	0.0	0.0	0.0	0.0	0.0	0.0	0.0	0.0	0.0	0.0	0.0	0.0	0.0	0.0	0.0	0.0	0.0	0.0	0.0	0.0
k__Bacteria;p__Actinobacteria;c__Actinobacteria;o__Actinomycetales;f__Intrasporangiaceae	0.0	0.0	0.0	0.0	0.0	0.0	0.0	0.0	0.0	8.92034135173e-05	0.0	0.0	0.0	0.0	0.0	0.0	0.0	0.0	0.0	0.0	0.0	0.0	0.0	0.0	0.0	0.0	0.0	0.0
k__Bacteria;p__Actinobacteria;c__Actinobacteria;o__Actinomycetales;f__Kineosporiaceae	0.000747996438112	0.000352678396489	0.000771268569129	0.000669745144348	0.0	0.0	0.0	0.0	0.0	0.0	0.0	0.0	0.0	0.0	0.0	0.0	0.0	0.0	0.0	0.0	0.0	0.0	0.0	0.0	0.0	0.0	0.0	0.0
k__Bacteria;p__Actinobacteria;c__Actinobacteria;o__Actinomycetales;f__Microbacteriaceae	0.0148174532502	0.0284102041616	0.0108312933839	0.0132186541648	0.0	3.00417580437e-05	2.5953802232e-05	0.0	0.0	0.0105557372662	2.68506833499e-05	7.03284337858e-05	0.0	0.0	0.000162632477706	0.0	0.000219130053687	4.10012505381e-05	0.000275336227894	0.00012949054719	1.94371015394e-05	2.12152070604e-05	7.13521227257e-05	4.77304185958e-05	4.2151407857e-05	6.18288988273e-05	0.0	5.66786321557e-05
k__Bacteria;p__Actinobacteria;c__Actinobacteria;o__Actinomycetales;f__Micrococcaceae	3.56188780053e-05	0.000156745953995	0.000201200496295	0.000176248722197	0.0	0.0	0.0	0.0	0.0	0.0245606731884	2.68506833499e-05	0.0	0.0	0.0	0.0	7.51917389343e-05	0.0	8.20025010763e-05	0.0	0.0	0.0	0.0	0.0	0.0	0.0	4.12192658849e-05	0.0	0.0
k__Bacteria;p__Actinobacteria;c__Actinobacteria;o__Actinomycetales;f__Mycobacteriaceae	0.00124666073019	0.00172420549395	0.00127426980987	0.0019739856886	2.37236667299e-05	0.0	2.5953802232e-05	2.87108814241e-05	2.43031083676e-05	2.97344711724e-05	0.0	0.0	0.0	2.38066896798e-05	0.0	0.0	0.000219130053687	0.000266508128498	4.2359419676e-05	0.000240482444782	0.000155496812315	2.12152070604e-05	7.13521227257e-05	0.0	6.32271117855e-05	2.06096329424e-05	4.34131411578e-05	0.0
k__Bacteria;p__Actinobacteria;c__Actinobacteria;o__Actinomycetales;f__Nocardiaceae	0.000249332146037	0.000156745953995	6.70668320982e-05	0.000105749233318	0.0	0.0	0.0	0.0	0.0	8.92034135173e-05	2.68506833499e-05	0.0	0.0	0.0	0.0	0.0	0.0	0.0	0.0	0.0	0.0	0.0	0.0	0.0	0.0	0.0	0.0	0.0
k__Bacteria;p__Actinobacteria;c__Actinobacteria;o__Actinomycetales;f__Nocardioidaceae	0.000356188780053	0.000431051373486	0.000167667080245	0.00056399591103	0.0	0.0	0.0	0.0	0.0	0.000208141298207	0.0	0.0	0.0	0.0	0.0	0.0	0.0	0.0	0.0	0.0	0.0	0.0	0.0	0.0	0.0	0.0	0.0	0.0
k__Bacteria;p__Actinobacteria;c__Actinobacteria;o__Actinomycetales;f__Promicromonosporaceae	0.000142475512021	0.00031349190799	0.000100600248147	0.000211498466636	0.0	0.0	0.0	0.0	2.43031083676e-05	0.000178406827035	0.0	0.0	0.0	0.0	0.0	0.0	0.0	0.0	8.47188393519e-05	0.0	0.0	0.0	0.0	0.0	0.0	0.0	0.0	0.0
k__Bacteria;p__Actinobacteria;c__Actinobacteria;o__Actinomycetales;f__Pseudonocardiaceae	7.12377560107e-05	7.83729769975e-05	0.0	3.52497444394e-05	0.0	0.0	0.0	0.0	0.0	0.0	0.0	0.0	0.0	0.0	0.0	0.0	0.0	0.0	0.0	0.0	0.0	0.0	0.0	0.0	0.0	0.0	0.000108532852895	0.0
k__Bacteria;p__Actinobacteria;c__Thermoleophilia;o__Gaiellales;f__Gaiellaceae	0.0	0.0	0.0	0.0	0.0	0.0	0.0	0.0	0.0	0.00011893788469	0.0	0.0	0.0	0.0	0.0	0.0	0.0	0.0	0.0	0.0	0.0	0.0	0.0	0.0	0.0	0.0	0.0	0.0
k__Bacteria;p__Armatimonadetes;c__Armatimonadia;o__Armatimonadales;f__Armatimonadaceae	7.12377560107e-05	0.0	0.0	0.000140998977757	0.0	0.0	0.0	0.0	0.0	0.0	0.0	0.0	0.0	0.0	0.0	0.0	0.0	0.0	0.0	0.0	0.0	0.0	0.0	0.0	0.0	0.0	0.0	0.0
k__Bacteria;p__Armatimonadetes;c__[Fimbriimonadia];o__[Fimbriimonadales];f__[Fimbriimonadaceae]	0.000106856634016	3.91864884988e-05	0.0	0.0	0.0	0.0	0.0	0.0	0.0	0.0	0.0	0.0	0.0	0.0	0.0	0.0	0.0	0.0	0.0	0.0	0.0	0.0	0.0	0.0	0.0	0.0	0.0	0.0
k__Bacteria;p__Bacteroidetes;c__Bacteroidia;o__Bacteroidales;f__Porphyromonadaceae	0.0	0.0	0.0	0.0	0.0	0.0	0.0	0.0	0.000315940408778	0.0	0.0	0.0	0.0	0.0	0.0	0.0	0.0	0.0	0.0	0.0	0.0	0.0	0.0	0.0	0.0	0.0	0.0	0.0
k__Bacteria;p__Bacteroidetes;c__Bacteroidia;o__Bacteroidales;f__Prevotellaceae	0.0	0.0	0.0	0.0	0.0	0.0	0.0	0.0	0.0	0.0	0.0	0.0	0.0	0.0	0.0	0.0	0.0	0.0	0.0	0.0	0.0	0.0	0.000118920204543	0.0	6.32271117855e-05	0.0	2.17065705789e-05	0.0
k__Bacteria;p__Bacteroidetes;c__Bacteroidia;o__Bacteroidales;f__[Paraprevotellaceae]	0.0	0.0	0.0	0.0	0.0	0.0	0.0	0.0	0.0	0.0	0.0	0.0	0.0	0.0	0.0	0.0	0.0	8.20025010763e-05	0.0	0.0	0.0	0.0	0.0	0.0	0.0	0.0	0.0	0.0
k__Bacteria;p__Bacteroidetes;c__Cytophagia;o__Cytophagales;f__Cytophagaceae	0.00673196794301	0.00203769740194	0.00167667080245	0.00253798159963	0.0	0.0	0.0	0.0	0.000170121758573	8.92034135173e-05	0.0	0.0	0.0	0.0	0.0	0.0	2.19130053687e-05	0.0	0.0	0.0	0.0	0.0	0.0	0.0	0.0	0.0	0.0	0.0
k__Bacteria;p__Bacteroidetes;c__Flavobacteriia;o__Flavobacteriales;f__Flavobacteriaceae	0.00281389136242	0.00587797327481	0.0017102042185	0.00324297648842	0.0	0.000120167032175	0.0	5.74217628481e-05	0.0	0.0240551871785	5.37013666998e-05	0.0	0.0	0.0	0.0	0.0	4.38260107374e-05	0.000123003751614	0.00031769564757	0.0	5.83113046183e-05	0.0	2.37840409086e-05	0.0	0.0	2.06096329424e-05	0.0	0.0
k__Bacteria;p__Bacteroidetes;c__Flavobacteriia;o__Flavobacteriales;f__[Weeksellaceae]	0.0108281389136	0.014538187233	0.00687435029006	0.0113856674539	4.74473334599e-05	0.00057079340283	0.000155722813392	0.00129198966408	9.72124334702e-05	0.0489429395498	5.37013666998e-05	3.51642168929e-05	0.0	0.0	0.0	0.000275703042759	0.000701216171798	0.0019885606511	0.000381234777084	0.00064745273595	0.000447053335407	6.36456211813e-05	0.000404328695445	0.0	0.000674422525712	0.000267925228252	6.51197117367e-05	1.88928773852e-05
k__Bacteria;p__Bacteroidetes;c__Sphingobacteriia;o__Sphingobacteriales;f__Sphingobacteriaceae	0.0329118432769	0.133704298758	0.018443378827	0.0252388170186	0.000498197001329	0.000751043951092	0.00012976901116	0.000459374102785	9.72124334702e-05	0.160358003033	0.0	7.03284337858e-05	0.000482858522453	0.000119033448399	0.000108421651804	0.000275703042759	0.00173112742413	0.00530966194469	0.000529492745949	0.000832439231936	0.000174933913855	0.000148506449423	0.000784873349982	0.000143191255787	0.000231832743214	0.000391583025906	6.51197117367e-05	9.44643869261e-05
k__Bacteria;p__Bacteroidetes;c__[Saprospirae];o__[Saprospirales];f__Chitinophagaceae	0.00167408726625	0.00192013793644	0.00120720297777	0.00151573901089	7.11710001898e-05	0.0	2.5953802232e-05	0.0	0.0	0.000416282596414	5.37013666998e-05	0.000105492650679	0.0	0.000309486965837	5.42108259019e-05	0.00040102260765	2.19130053687e-05	0.00274708378606	4.2359419676e-05	0.000203485145584	1.94371015394e-05	0.0	4.75680818171e-05	0.0	6.32271117855e-05	0.0	6.51197117367e-05	1.88928773852e-05
k__Bacteria;p__Chloroflexi;c__Chloroflexi;o__Herpetosiphonales;f__	0.0	3.91864884988e-05	0.000100600248147	0.0	0.0	0.0	0.0	0.0	0.0	0.0	0.0	0.0	0.0	0.0	0.0	0.0	0.0	0.0	0.0	0.0	0.0	0.0	0.0	0.0	0.0	0.0	0.0	0.0
k__Bacteria;p__Cyanobacteria;c__Chloroplast;o__Streptophyta;f__	0.461478183437	0.161448332615	0.389591227658	0.466283619444	0.00016606566711	0.000240334064349	0.00012976901116	0.000488084984209	0.000145818650205	8.92034135173e-05	0.000241656150149	3.51642168929e-05	0.0	7.14200690394e-05	2.7105412951e-05	0.000877236954233	0.00214747452613	0.00207056315218	0.000550672455787	0.000443967590366	0.000894106670813	0.000254582484725	0.000665953145439	0.0	0.000231832743214	0.000783166051813	0.000303891988105	0.000188928773852
k__Bacteria;p__Firmicutes;c__Bacilli;o__Bacillales;Other	0.0	3.91864884988e-05	0.0	0.0	2.37236667299e-05	0.000150208790218	0.0	0.000114843525696	0.000243031083676	0.000178406827035	5.37013666998e-05	0.000175821084464	0.000620818100297	4.76133793596e-05	0.000108421651804	7.51917389343e-05	0.000153391037581	0.000205006252691	0.000360055067246	0.000277479743979	9.71855076971e-05	0.000169721656483	0.00016648828636	0.000143191255787	0.000210757039285	0.000247315595309	4.34131411578e-05	0.000113357264311
k__Bacteria;p__Firmicutes;c__Bacilli;o__Bacillales;f__	0.0	0.0	0.0	0.0	0.0	0.0	0.0	0.0	0.0	0.0	2.68506833499e-05	0.0	0.0	0.0	0.0	0.000225575216803	0.0	0.0	0.0	7.39945983943e-05	0.0	0.0	0.0	0.0	0.0	0.0	0.0	0.0
k__Bacteria;p__Firmicutes;c__Bacilli;o__Bacillales;f__Alicyclobacillaceae	0.0	7.83729769975e-05	0.0	0.0	0.0	9.0125274131e-05	0.000570983649105	2.87108814241e-05	0.0	0.0	0.0	0.00024614951825	0.0	0.0	0.00607161250102	0.0	0.0	0.000123003751614	0.0	0.0	1.94371015394e-05	0.0	0.0	0.0	2.10757039285e-05	0.0	0.0	0.0
k__Bacteria;p__Firmicutes;c__Bacilli;o__Bacillales;f__Bacillaceae	0.000142475512021	0.000705356792978	0.000134133664196	0.000634495399908	0.00187416967166	0.00567789227026	0.00101219828705	0.0182888314671	0.0117627044499	0.000802830721656	0.00155733963429	0.00520430410015	0.0200731185763	0.00171408165695	0.00184316808067	0.00849666649957	0.00157773638655	0.00325959941778	0.00144022026898	0.00234932849902	0.00149665681854	0.00246096401901	0.0019502913545	0.000525034604553	0.001475299275	0.00133962614126	0.000759729970262	0.00103910825619
k__Bacteria;p__Firmicutes;c__Bacilli;o__Bacillales;f__Paenibacillaceae	0.000747996438112	0.00133234060896	0.00100600248147	0.0011632415665	0.00139969633707	0.00159221317632	0.00101219828705	0.00218202698823	0.000534668384086	0.000594689423449	0.000510162983648	0.000808776988536	0.0122784024281	0.00183311510534	0.00398449570379	0.00451150433606	0.000766955187904	0.00180405502368	0.00364291009213	0.00220133930223	0.00066086145234	0.0032671418873	0.00171245094542	0.000930743162618	0.000758725341426	0.00125718760949	0.000889969393735	0.000812393727565
k__Bacteria;p__Firmicutes;c__Bacilli;o__Bacillales;f__Planococcaceae	0.0	0.0	0.0	0.0	0.0	0.000150208790218	0.0	5.74217628481e-05	0.0	0.000921768606345	0.0	0.0	0.0	0.0	2.7105412951e-05	7.51917389343e-05	0.0	0.0	2.1179709838e-05	0.0	0.0	2.12152070604e-05	2.37840409086e-05	0.0	0.0	0.0	0.0	0.0
k__Bacteria;p__Firmicutes;c__Bacilli;o__Bacillales;f__Staphylococcaceae	3.56188780053e-05	0.0	0.000134133664196	0.0	0.0	0.0	2.5953802232e-05	0.0	0.0	0.00115964437572	8.05520500497e-05	0.0	0.0	0.0	0.0	0.000150383477869	0.0	2.05006252691e-05	0.0	0.0	0.0	8.48608282417e-05	0.000142704245451	0.0	0.0	0.0	0.0	0.0
k__Bacteria;p__Firmicutes;c__Bacilli;o__Lactobacillales;Other	0.0	0.0	0.0	0.0	0.000877775669007	0.00174242196653	0.000804567869193	0.00416307780649	0.00337813206309	0.000386548125242	0.000134253416749	0.000843941205429	0.00517348416914	0.000714200690394	0.00084026780148	0.00210536869016	0.000986085241591	0.000266508128498	0.000381234777084	0.000332975692774	0.000136059710776	0.000318228105906	0.000190272327268	2.38652092979e-05	8.4302815714e-05	0.000164877063539	6.51197117367e-05	5.66786321557e-05
k__Bacteria;p__Firmicutes;c__Bacilli;o__Lactobacillales;f__	0.000106856634016	0.0	0.0	0.0	2.37236667299e-05	0.0	2.5953802232e-05	2.87108814241e-05	0.0	0.0	2.68506833499e-05	0.0	0.000137959577844	0.0	2.7105412951e-05	0.000100255651912	0.000197217048318	6.15018758072e-05	2.1179709838e-05	1.84986495986e-05	5.83113046183e-05	0.000127291242363	2.37840409086e-05	4.77304185958e-05	4.2151407857e-05	4.12192658849e-05	2.17065705789e-05	1.88928773852e-05
k__Bacteria;p__Firmicutes;c__Bacilli;o__Lactobacillales;f__Aerococcaceae	3.56188780053e-05	0.0	0.0	0.000105749233318	2.37236667299e-05	0.0	0.0	0.0	0.0	0.0	0.0	0.0	0.0	0.0	0.0	0.0	0.0	2.05006252691e-05	0.0	0.0	0.0	0.0	0.0	0.0	0.0	0.0	0.0	0.0
k__Bacteria;p__Firmicutes;c__Bacilli;o__Lactobacillales;f__Carnobacteriaceae	0.0	0.0	0.0	0.0	0.0	0.0	0.0	0.0	2.43031083676e-05	0.0	2.68506833499e-05	0.0	0.0	0.0	0.0	0.0	0.0	0.0	0.0	0.0	0.0	2.12152070604e-05	0.0	0.0	0.0	0.0	0.0	0.0
k__Bacteria;p__Firmicutes;c__Bacilli;o__Lactobacillales;f__Enterococcaceae	0.000356188780053	0.000156745953995	0.000167667080245	0.000458246677712	0.0	0.0	0.0	2.87108814241e-05	2.43031083676e-05	0.0314590705004	2.68506833499e-05	0.0	0.0	0.0	5.42108259019e-05	2.50639129781e-05	0.0	0.000963529387646	2.1179709838e-05	3.69972991972e-05	3.88742030788e-05	6.36456211813e-05	4.75680818171e-05	0.0	0.0	0.000185486696482	0.0	5.66786321557e-05
k__Bacteria;p__Firmicutes;c__Bacilli;o__Lactobacillales;f__Lactobacillaceae	0.00124666073019	0.000783729769975	0.000905402233326	0.000951743099863	0.98113968495	0.97374350347	0.991772644692	0.954206144129	0.978977811262	0.552734084624	0.929409553473	0.527287432309	0.933710422846	0.952172360433	0.97400590898	0.974134041807	0.959504766079	0.889091617294	0.96734088743	0.975951755522	0.95883221894	0.930286829599	0.924414317993	0.917235454155	0.985436688585	0.985903011067	0.987670667911	0.990874740223
k__Bacteria;p__Firmicutes;c__Bacilli;o__Lactobacillales;f__Leuconostocaceae	0.00053428317008	0.000431051373486	0.000838335401227	0.00119849131094	0.00116245966977	0.000540751644786	0.000363353231248	0.00111972437554	0.000170121758573	0.000148672355862	0.000268506833499	0.000632955904072	0.000620818100297	0.000738007380074	0.000108421651804	0.000802045215299	0.00403199298784	0.00684720883987	0.00118606375093	0.00159088386548	0.0012828487016	0.00144263408011	0.00190272327268	0.000167056465085	0.000526892598213	0.000906823849467	0.000846556252578	0.00043453617986
k__Bacteria;p__Firmicutes;c__Bacilli;o__Lactobacillales;f__Streptococcaceae	0.000356188780053	0.000548610838983	0.000201200496295	0.000246748211075	0.00011861833365	0.0	5.19076044641e-05	8.61326442722e-05	7.29093251027e-05	0.00199220956855	0.0	0.000105492650679	0.0	7.14200690394e-05	0.000243948716559	0.0	4.38260107374e-05	2.05006252691e-05	0.0	0.0	0.0	0.0	0.000380544654537	0.0	2.10757039285e-05	0.0	2.17065705789e-05	0.0
k__Bacteria;p__Firmicutes;c__Bacilli;o__Turicibacterales;f__Turicibacteraceae	3.56188780053e-05	0.0	3.35334160491e-05	7.04994888787e-05	2.37236667299e-05	0.0	5.19076044641e-05	0.0	0.0	0.000862299664	0.0001074027334	0.0	0.0	0.0	0.0	0.0	0.0	0.0	0.0	0.0	0.0	0.0	0.0	0.0	0.0	2.06096329424e-05	0.0	0.0
k__Bacteria;p__Firmicutes;c__Clostridia;o__Clostridiales;Other	0.0	0.0	0.0	0.0	9.48946669197e-05	0.000150208790218	7.78614066961e-05	0.000258397932817	9.72124334702e-05	0.000505486009931	0.0001074027334	0.0	0.00469062564669	0.000190453517438	0.000189737890657	0.000175447390847	6.57390161061e-05	0.000164005002153	0.000169437678704	0.00012949054719	0.0	8.48608282417e-05	2.37840409086e-05	0.0	6.32271117855e-05	0.000123657797655	2.17065705789e-05	3.77857547705e-05
k__Bacteria;p__Firmicutes;c__Clostridia;o__Clostridiales;f__	3.56188780053e-05	0.0	0.0	0.0	7.11710001898e-05	9.0125274131e-05	0.0	0.000459374102785	0.0	0.000297344711724	2.68506833499e-05	0.0	6.89797889218e-05	0.0	0.000298159542461	0.0	0.0	0.0	0.0	3.69972991972e-05	0.0	4.24304141208e-05	0.000118920204543	0.0	0.0	0.000144267430597	2.17065705789e-05	0.0
k__Bacteria;p__Firmicutes;c__Clostridia;o__Clostridiales;f__Christensenellaceae	0.0	0.0	0.0	0.0	0.0	0.0	0.0	0.0	0.0	0.0	0.0	0.0	0.0	0.0	0.000108421651804	0.0	0.0	0.0	0.0	0.0	0.0	0.0	0.0	0.0	0.0	0.0	0.0	0.0
k__Bacteria;p__Firmicutes;c__Clostridia;o__Clostridiales;f__Clostridiaceae	0.000106856634016	0.0	0.000167667080245	0.000140998977757	0.000213513000569	0.000120167032175	0.00012976901116	0.000602928509905	0.0	0.000416282596414	0.000375909566898	0.000386806385822	0.000896737255984	0.000404713724557	0.00338817661887	0.00115293999699	0.0	0.000307509379036	0.0	7.39945983943e-05	0.0	8.48608282417e-05	0.000118920204543	2.38652092979e-05	2.10757039285e-05	0.0	6.51197117367e-05	3.77857547705e-05
k__Bacteria;p__Firmicutes;c__Clostridia;o__Clostridiales;f__Lachnospiraceae	0.000641139804096	0.000195932442494	0.000234733912344	0.000775494377666	0.000782881002088	0.000811127467179	0.000441214637944	0.00134941142693	0.000777699467762	0.00166513038566	0.00110087801735	0.00105492650679	0.0195902600538	0.00145220807047	0.00257501423034	0.00167928216953	0.00127095431138	0.00436663318231	0.00156729852801	0.00173887306227	0.000738609858498	0.000933469110659	0.00197407539541	0.000238652092979	0.000948406676783	0.000824385317697	0.001237274523	0.00162478745513
k__Bacteria;p__Firmicutes;c__Clostridia;o__Clostridiales;f__Peptostreptococcaceae	0.0	0.0	0.0	0.0	0.0	0.0	0.0	0.0	0.0	0.00011893788469	0.0	0.0	0.0	0.0	0.0	0.0	0.0	0.0	0.0	0.0	0.0	0.0	0.0	0.0	0.0	0.0	0.0	0.0
k__Bacteria;p__Firmicutes;c__Clostridia;o__Clostridiales;f__Ruminococcaceae	0.0	0.0	0.0	0.0	0.0	0.0	0.0	0.0	0.0	0.0	0.0	0.0	0.0	0.0	0.0	0.0	0.0	0.0	0.0	0.0	0.0	0.000233367277665	0.0	0.0	8.4302815714e-05	0.0	0.000108532852895	0.0
k__Bacteria;p__Firmicutes;c__Clostridia;o__Clostridiales;f__Veillonellaceae	7.12377560107e-05	0.0	0.0	0.0	0.0	0.0	0.0	0.0	0.0	2.97344711724e-05	0.0	0.0	0.0	0.0	0.000189737890657	0.0	0.0	0.00022550687796	4.2359419676e-05	0.0	0.0	8.48608282417e-05	0.0	0.0	0.0	0.0	0.0	0.0
k__Bacteria;p__Fusobacteria;c__Fusobacteriia;o__Fusobacteriales;f__Leptotrichiaceae	0.0	0.0	0.0	0.0	0.0	0.0	0.0	0.0	0.0	0.0	0.0	0.0	0.0	0.0	0.000135527064755	0.0	0.0	0.0	0.0	0.0	0.0	0.0	0.0	0.0	0.0	0.0	0.0	0.0
k__Bacteria;p__Gemmatimonadetes;c__Gemm-3;o__;f__	0.0	3.91864884988e-05	0.0	0.000105749233318	0.0	0.0	0.0	0.0	0.0	0.0	0.0	0.0	0.0	0.0	0.0	0.0	0.0	0.0	0.0	0.0	0.0	0.0	0.0	0.0	0.0	0.0	0.0	0.0
k__Bacteria;p__Planctomycetes;c__Phycisphaerae;o__WD2101;f__	7.12377560107e-05	0.0	0.0	3.52497444394e-05	0.0	0.0	0.0	0.0	0.0	0.0	0.0	0.0	0.0	0.0	0.0	0.0	0.0	0.0	0.0	0.0	0.0	0.0	0.0	0.0	0.0	0.0	0.0	0.0
k__Bacteria;p__Planctomycetes;c__Planctomycetia;o__Gemmatales;f__Gemmataceae	7.12377560107e-05	0.0	0.0	0.0	0.0	0.0	0.0	0.0	0.0	0.0	0.0	0.0	0.0	0.0	0.0	0.0	6.57390161061e-05	0.0	0.0	0.0	0.000136059710776	0.0	0.0	0.0	0.0	0.0	0.0	0.0
k__Bacteria;p__Planctomycetes;c__Planctomycetia;o__Gemmatales;f__Isosphaeraceae	0.000106856634016	0.000235118930993	0.000167667080245	0.000211498466636	0.0	0.0	0.0	0.0	0.0	0.0	0.0	0.0	0.0	0.0	0.0	0.0	0.0	0.0	0.0	1.84986495986e-05	0.0	0.0	0.0	0.0	0.0	0.0	0.0	0.0
k__Bacteria;p__Planctomycetes;c__Planctomycetia;o__Planctomycetales;f__Planctomycetaceae	0.000284951024043	3.91864884988e-05	6.70668320982e-05	0.0	0.0	0.0	0.0	0.0	0.0	0.0	0.0	0.0	0.0	0.0	0.0	0.0	0.0	0.0	0.0	0.0	0.0	0.0	0.0	0.0	0.0	0.0	0.0	0.0
k__Bacteria;p__Proteobacteria;Other;Other;Other	3.56188780053e-05	0.000195932442494	0.0	7.04994888787e-05	0.0	0.0	0.0	0.0	0.0	0.0	0.0	0.0	0.0	0.0	0.0	0.0	0.0	0.0	0.0	0.0	0.0	0.0	0.0	0.0	0.0	0.0	0.0	0.0
k__Bacteria;p__Proteobacteria;c__Alphaproteobacteria;Other;Other	0.0	3.91864884988e-05	6.70668320982e-05	7.04994888787e-05	0.0	0.0	0.0	0.0	0.0	0.0	2.68506833499e-05	7.03284337858e-05	0.0	0.0	0.0	0.0	0.0	0.0	0.0	0.0	0.0	0.0	0.0	0.0	0.0	0.0	0.0	0.0
k__Bacteria;p__Proteobacteria;c__Alphaproteobacteria;o__;f__	0.0	0.0	0.0	0.0	0.0	3.00417580437e-05	2.5953802232e-05	0.0	0.0	0.0	0.0	0.0	0.0	0.0	0.0	0.0	8.76520214747e-05	0.000102503126345	0.0	1.84986495986e-05	0.0	0.0	0.0	0.0	0.0	0.0	0.0	0.0
k__Bacteria;p__Proteobacteria;c__Alphaproteobacteria;o__BD7-3;f__	0.000106856634016	0.000117559465496	0.000134133664196	0.0	0.0	9.0125274131e-05	0.0	0.0	0.0	0.0	0.0	0.0	0.0	0.0	0.0	0.0	0.0	0.0	0.0	5.54959487957e-05	0.0	0.0	0.0	0.0	0.0	0.0	6.51197117367e-05	0.0
k__Bacteria;p__Proteobacteria;c__Alphaproteobacteria;o__Caulobacterales;f__Caulobacteraceae	0.00274265360641	0.00544692190133	0.00251500620368	0.00415946984384	0.00016606566711	0.000150208790218	7.78614066961e-05	0.000315819695665	0.0	0.00993131337159	0.0	0.000175821084464	0.0	0.0	0.0	0.000200511303825	6.57390161061e-05	0.000287008753767	0.000232976808218	0.00012949054719	0.000194371015394	6.36456211813e-05	7.13521227257e-05	9.54608371915e-05	0.000168605631428	0.0	8.68262823157e-05	9.44643869261e-05
k__Bacteria;p__Proteobacteria;c__Alphaproteobacteria;o__Rhizobiales;Other	0.000320569902048	0.000156745953995	0.000536534656785	0.000246748211075	0.0	0.0	2.5953802232e-05	0.0	0.0	0.00011893788469	0.0	0.0	0.0	0.0	0.0	0.0	0.0	0.0	0.0	0.0	0.0	0.0	0.0	0.0	0.0	0.0	0.0	0.0
k__Bacteria;p__Proteobacteria;c__Alphaproteobacteria;o__Rhizobiales;f__	0.000498664292075	0.000901289235472	0.000838335401227	0.00105749233318	0.0	0.0	0.0	0.0	0.0	0.0	0.0	0.0	0.0	0.0	0.0	0.0	6.57390161061e-05	0.00022550687796	4.2359419676e-05	5.54959487957e-05	0.0	0.0	0.0	0.0	0.0	2.06096329424e-05	2.17065705789e-05	0.0
k__Bacteria;p__Proteobacteria;c__Alphaproteobacteria;o__Rhizobiales;f__Aurantimonadaceae	0.000854853072128	0.00156745953995	0.000871868817276	0.00105749233318	0.0	0.0	0.0	0.0	0.0	0.0	0.0	0.0	0.000137959577844	0.0	0.0	0.0	0.0	0.000287008753767	0.0	9.24932479929e-05	3.88742030788e-05	0.0	0.0	0.0	0.0	0.000123657797655	6.51197117367e-05	0.000113357264311
k__Bacteria;p__Proteobacteria;c__Alphaproteobacteria;o__Rhizobiales;f__Bradyrhizobiaceae	0.000712377560107	0.000979662212469	0.00110660272962	0.000810744122105	0.00011861833365	0.0	0.0	0.0	0.0	5.94689423449e-05	0.0	7.03284337858e-05	0.0	0.000119033448399	0.000406581194264	0.0	0.0	0.000164005002153	6.35391295139e-05	3.69972991972e-05	0.0	0.0	0.0	2.38652092979e-05	0.0	0.0	0.0	7.55715095409e-05
k__Bacteria;p__Proteobacteria;c__Alphaproteobacteria;o__Rhizobiales;f__Brucellaceae	0.00395369545859	0.00862102746973	0.00445994433453	0.00902393457647	7.11710001898e-05	0.00105146153153	5.19076044641e-05	0.00014355440712	0.0	0.00728494543725	8.05520500497e-05	3.51642168929e-05	0.0	4.76133793596e-05	2.7105412951e-05	0.0	4.38260107374e-05	0.00266508128498	0.00135550142963	0.000184986495986	0.0	0.000233367277665	0.000142704245451	4.77304185958e-05	0.0	0.000103048164712	4.34131411578e-05	1.88928773852e-05
k__Bacteria;p__Proteobacteria;c__Alphaproteobacteria;o__Rhizobiales;f__Hyphomicrobiaceae	0.00302760463045	0.00246874877542	0.00385634284565	0.00387747188833	9.48946669197e-05	0.000240334064349	0.0	0.0	0.0	0.000475751538759	0.0	0.0	0.0	0.0	8.13162388529e-05	0.0	0.000241043059056	0.000492015006458	4.2359419676e-05	0.000110991897591	1.94371015394e-05	0.0	9.51361636342e-05	0.0	0.000168605631428	4.12192658849e-05	8.68262823157e-05	5.66786321557e-05
k__Bacteria;p__Proteobacteria;c__Alphaproteobacteria;o__Rhizobiales;f__Methylobacteriaceae	0.0147105966162	0.0112465221991	0.0101941584789	0.0114914166872	0.00011861833365	0.000510709886743	5.19076044641e-05	5.74217628481e-05	9.72124334702e-05	0.0	5.37013666998e-05	0.0	0.0	9.52267587192e-05	0.0	7.51917389343e-05	0.000394434096636	0.000143504376883	0.000338875357408	0.00025898109438	0.000291556523091	2.12152070604e-05	0.00033297657272	7.15956278937e-05	8.4302815714e-05	4.12192658849e-05	0.0	3.77857547705e-05
k__Bacteria;p__Proteobacteria;c__Alphaproteobacteria;o__Rhizobiales;f__Methylocystaceae	0.000320569902048	0.000274305419491	0.000469467824687	0.000105749233318	0.0	9.0125274131e-05	2.5953802232e-05	0.0	0.0	0.0	0.0	0.0	0.0	0.0	0.0	0.0	6.57390161061e-05	0.000348510629574	0.0	0.0	0.0	2.12152070604e-05	0.0	0.0	0.0	0.0	0.0	0.0
k__Bacteria;p__Proteobacteria;c__Alphaproteobacteria;o__Rhizobiales;f__Phyllobacteriaceae	0.000249332146037	7.83729769975e-05	0.000335334160491	0.000669745144348	0.0	0.0	0.0	0.0	0.0	2.97344711724e-05	0.0	0.0	0.0	0.0	0.0	0.0	0.0	6.15018758072e-05	0.000127078259028	0.0	0.0	0.0	0.0	0.0	0.0	0.0	0.0	0.0
k__Bacteria;p__Proteobacteria;c__Alphaproteobacteria;o__Rhizobiales;f__Rhizobiaceae	0.0184505788068	0.0361691288844	0.018443378827	0.0249568190631	0.000450749667869	0.000360501096524	0.00012976901116	0.000430663221361	7.29093251027e-05	0.000654158365793	0.000161104100099	0.000175821084464	6.89797889218e-05	0.000261873586478	0.000162632477706	0.00012531956489	0.00142434534896	0.00237807253121	0.00209679127396	0.000406970291169	0.000505364640025	0.000339443312967	0.000142704245451	0.000167056465085	0.000379362670713	0.000206096329424	0.000477544552736	0.000415643302475
k__Bacteria;p__Proteobacteria;c__Alphaproteobacteria;o__Rhizobiales;f__Xanthobacteraceae	0.0	3.91864884988e-05	3.35334160491e-05	0.000140998977757	0.0	0.0	0.0	0.0	0.0	0.0	0.0	0.0	0.0	0.0	0.0	0.0	2.19130053687e-05	0.0	0.0	0.0	0.0	0.0	0.0	0.0	0.0	0.0	0.0	0.0
k__Bacteria;p__Proteobacteria;c__Alphaproteobacteria;o__Rhodobacterales;f__Hyphomonadaceae	7.12377560107e-05	0.0	3.35334160491e-05	0.0	0.0	0.0	0.0	0.0	0.0	0.0	0.0	0.0	0.0	0.0	0.0	0.0	0.0	0.0	0.0	0.0	0.0	0.0	0.0	0.0	0.0	0.0	0.0	0.0
k__Bacteria;p__Proteobacteria;c__Alphaproteobacteria;o__Rhodobacterales;f__Rhodobacteraceae	0.000249332146037	0.000117559465496	0.000234733912344	0.000211498466636	0.0	0.0	0.0	0.0	0.0	0.00731467990842	0.0	0.0	0.0	0.0	0.0	0.0	6.57390161061e-05	0.000102503126345	0.0	0.0	0.0	0.0	0.0	0.0	0.0	4.12192658849e-05	0.0	0.0
k__Bacteria;p__Proteobacteria;c__Alphaproteobacteria;o__Rhodospirillales;f__	3.56188780053e-05	0.0	0.0	0.0	0.0	0.0	0.0	0.0	0.0	0.0	0.0	0.0	0.0	0.0	0.0	0.0	0.0	0.0	0.0	0.0	0.0	4.24304141208e-05	0.0	0.0	0.0	0.0	0.0	0.0
k__Bacteria;p__Proteobacteria;c__Alphaproteobacteria;o__Rhodospirillales;f__Acetobacteraceae	0.00338379341051	0.00235118930993	0.0017772710506	0.00303147802178	0.0	0.0	2.5953802232e-05	0.000287108814241	7.29093251027e-05	0.018108292944	0.061004752571	0.45755679021	0.0	0.0364242352101	0.00162632477706	0.000275703042759	0.000175304042949	0.0017220525226	0.000148257968866	7.39945983943e-05	0.0238104493858	0.0517863204345	0.0534189558806	0.078755190683	0.00223402461642	0.000412192658849	0.000260478846947	1.88928773852e-05
k__Bacteria;p__Proteobacteria;c__Alphaproteobacteria;o__Rhodospirillales;f__Rhodospirillaceae	0.000712377560107	0.000470237861985	0.000536534656785	0.000704994888787	9.48946669197e-05	0.0	5.19076044641e-05	2.87108814241e-05	0.0	0.000297344711724	0.0	0.0	0.0	0.0	0.0	0.0	0.0	0.0	6.35391295139e-05	0.00012949054719	5.83113046183e-05	0.0	0.0	0.0	0.0	0.0	0.0	0.0
k__Bacteria;p__Proteobacteria;c__Alphaproteobacteria;o__Rickettsiales;f__	7.12377560107e-05	0.0	0.0	0.000211498466636	0.0	0.0	0.0	5.74217628481e-05	0.0	0.0	0.0	0.0	0.0	0.0	0.0	5.01278259562e-05	0.0	0.0	0.0	0.0	1.94371015394e-05	0.0	0.0	0.0	0.0001475299275	0.0	0.0	1.88928773852e-05
k__Bacteria;p__Proteobacteria;c__Alphaproteobacteria;o__Rickettsiales;f__mitochondria	0.00341941228851	0.00062698381598	0.00274974011603	0.00229123338856	0.0	0.0	0.0	5.74217628481e-05	0.0	2.97344711724e-05	0.0	0.0	0.0	0.0	0.0	0.0	0.000131478032212	0.0	0.0	1.84986495986e-05	1.94371015394e-05	0.0	7.13521227257e-05	0.0	0.0	0.0	0.0	0.0
k__Bacteria;p__Proteobacteria;c__Alphaproteobacteria;o__Sphingomonadales;Other	0.000142475512021	0.000117559465496	0.0	0.0	0.0	0.0	0.0	0.0	0.0	0.0	0.0	0.0	0.0	0.0	0.0	0.0	0.0	0.0	0.0	0.0	0.0	0.0	0.0	0.0	0.0	0.0	0.0	0.0
k__Bacteria;p__Proteobacteria;c__Alphaproteobacteria;o__Sphingomonadales;f__	7.12377560107e-05	0.0	3.35334160491e-05	0.0	0.0	0.0	0.0	0.0	0.0	0.0	0.0	0.0	0.0	0.0	0.0	0.0	0.0	0.0	0.0	0.0	0.0	0.0	0.0	0.0	0.0	0.0	0.0	0.0
k__Bacteria;p__Proteobacteria;c__Alphaproteobacteria;o__Sphingomonadales;f__Erythrobacteraceae	0.000178094390027	0.000156745953995	3.35334160491e-05	0.000281997955515	0.0	0.0	0.0	0.0	0.0	0.00011893788469	0.0	0.0	0.0	0.0	0.0	0.0	0.0	0.0	0.0	0.0	0.0	0.0	0.0	0.0	0.0	0.0	0.0	0.0
k__Bacteria;p__Proteobacteria;c__Alphaproteobacteria;o__Sphingomonadales;f__Sphingomonadaceae	0.0803918076581	0.0936557075121	0.0478521847021	0.0972892946526	0.000925223002467	0.0011716285637	0.000155722813392	0.00289979902383	0.000510365275719	0.00110017543338	0.000590715033698	0.00101976228989	0.0	0.0	0.000677635323774	0.000375958694671	0.00556590336365	0.0110088357695	0.00315577676586	0.00205335010544	0.00239076348935	0.000954684317719	0.00114163396361	0.000262517302277	0.00118023942	0.00100987201418	0.00119386138184	0.000188928773852
k__Bacteria;p__Proteobacteria;c__Betaproteobacteria;Other;Other	0.000106856634016	3.91864884988e-05	0.0	3.52497444394e-05	0.0	0.0	0.0	0.0	0.0	0.0	0.0	0.0	0.0	0.0	0.0	0.0	0.0	0.0	0.0	0.0	0.0	0.0	0.0	0.0	0.0	0.0	0.0	0.0
k__Bacteria;p__Proteobacteria;c__Betaproteobacteria;o__Burkholderiales;Other	0.000498664292075	3.91864884988e-05	0.000335334160491	0.000246748211075	0.0	0.0	0.0	0.0	0.0	8.92034135173e-05	0.0	0.0	0.0	0.0	0.0	0.0	0.0	0.0	0.0	0.0	0.0	0.0	0.0	0.0	0.0	0.0	0.0	0.0
k__Bacteria;p__Proteobacteria;c__Betaproteobacteria;o__Burkholderiales;f__	0.000284951024043	3.91864884988e-05	0.000134133664196	0.0	0.0	0.0	0.0	0.0	0.0	0.0	0.0	0.0	0.0	0.0	0.0	0.0	0.0	6.15018758072e-05	0.0	0.0	0.0	0.0	0.0	0.0	0.0	0.0	0.0	0.0
k__Bacteria;p__Proteobacteria;c__Betaproteobacteria;o__Burkholderiales;f__Alcaligenaceae	0.0280320569902	0.0366393667463	0.0204218503739	0.0286580422292	0.000379578667679	0.0011716285637	0.000207630417856	0.000401952339937	0.00019442486694	0.00181380274152	0.000214805466799	0.00024614951825	0.000344898944609	0.000166646827759	8.13162388529e-05	0.000200511303825	0.00173112742413	0.00309559441563	0.000868368103357	0.00051796218876	0.000505364640025	0.000700101832994	0.000998929718159	7.15956278937e-05	0.000611195413927	0.000515240823561	0.000629490546789	0.000850179482335
k__Bacteria;p__Proteobacteria;c__Betaproteobacteria;o__Burkholderiales;f__Burkholderiaceae	0.0118967052538	0.00728868686077	0.0138493008283	0.0246748211075	7.11710001898e-05	9.0125274131e-05	0.0	0.000401952339937	4.86062167351e-05	8.92034135173e-05	2.68506833499e-05	7.03284337858e-05	0.0	0.0	0.0	0.0	0.000416347102005	0.00200906127637	6.35391295139e-05	7.39945983943e-05	0.0	8.48608282417e-05	7.13521227257e-05	0.0	0.000210757039285	0.000103048164712	2.17065705789e-05	0.0
k__Bacteria;p__Proteobacteria;c__Betaproteobacteria;o__Burkholderiales;f__Comamonadaceae	0.0281389136242	0.0197891766919	0.0219979209282	0.0266840565406	0.000545644334788	0.000300417580437	0.000207630417856	0.000516795865633	0.000121515541838	0.030864381077	0.000214805466799	0.000316477952036	6.89797889218e-05	0.000142840138079	0.000325264955412	0.000325830868715	0.00120521529528	0.00274708378606	0.000804828973843	0.000702948684746	0.000272119421552	0.000700101832994	0.00033297657272	4.77304185958e-05	0.0001475299275	2.06096329424e-05	0.000260478846947	0.000151143019082
k__Bacteria;p__Proteobacteria;c__Betaproteobacteria;o__Burkholderiales;f__Oxalobacteraceae	0.00886910062333	0.0150476115835	0.00516414607156	0.00535796115478	0.000213513000569	0.000150208790218	2.5953802232e-05	5.74217628481e-05	2.43031083676e-05	0.00101097201986	0.0	0.0	0.0	0.000166646827759	0.0	0.0	0.000569738139586	0.00217306627852	0.00120724346076	0.000591956787155	0.00033043072617	2.12152070604e-05	0.000214056368177	4.77304185958e-05	6.32271117855e-05	4.12192658849e-05	0.00019535913521	0.0
k__Bacteria;p__Proteobacteria;c__Betaproteobacteria;o__Neisseriales;f__Neisseriaceae	0.0	0.0	0.000134133664196	0.0	0.0	0.0	0.0	0.0	0.0	0.0	0.0	0.0	0.0	0.0	0.0	0.0	0.0	0.0	0.0	0.0	0.0	0.0	0.00016648828636	0.0	0.0	0.0	0.0	0.0
k__Bacteria;p__Proteobacteria;c__Betaproteobacteria;o__Procabacteriales;f__Procabacteriaceae	7.12377560107e-05	0.0	6.70668320982e-05	0.0	0.0	0.0	0.0	0.0	0.0	0.0	0.0	0.0	0.0	0.0	0.0	0.0	0.0	0.0	0.0	0.0	0.0	0.0	0.0	0.0	0.0	0.0	0.0	0.0
k__Bacteria;p__Proteobacteria;c__Deltaproteobacteria;o__Bdellovibrionales;f__Bacteriovoracaceae	0.000106856634016	3.91864884988e-05	3.35334160491e-05	7.04994888787e-05	0.0	0.0	0.0	0.0	0.0	0.0	0.0	0.0	0.0	0.0	0.0	0.0	0.0	0.0	0.0	0.0	0.0	0.0	0.0	0.0	0.0	0.0	0.0	0.0
k__Bacteria;p__Proteobacteria;c__Deltaproteobacteria;o__Bdellovibrionales;f__Bdellovibrionaceae	0.00106856634016	0.000352678396489	0.000201200496295	0.000317247699954	0.0	3.00417580437e-05	0.0	0.0	0.0	2.97344711724e-05	0.0	0.0	0.0	0.0	5.42108259019e-05	0.0	0.0	0.0	0.0	0.0	7.77484061577e-05	0.000127291242363	2.37840409086e-05	0.0	0.0	0.0	6.51197117367e-05	0.0
k__Bacteria;p__Proteobacteria;c__Deltaproteobacteria;o__Myxococcales;Other	0.0	0.0	0.000134133664196	0.0	0.0	0.0	0.0	0.0	0.0	0.0	0.0	0.0	0.0	0.0	0.0	0.0	0.0	0.0	0.0	0.0	0.0	0.0	0.0	0.0	0.0	0.0	0.0	0.0
k__Bacteria;p__Proteobacteria;c__Deltaproteobacteria;o__Myxococcales;f__	0.00377560106857	0.000117559465496	0.00549948023205	0.000105749233318	0.0	0.0	0.0	0.000114843525696	0.0	0.0	0.0	0.0	0.0	0.0	0.0	0.0	0.0	0.0	0.0	0.0	0.0	0.0	0.0	0.0	0.0	0.0	0.0	0.0
k__Bacteria;p__Proteobacteria;c__Deltaproteobacteria;o__Myxococcales;f__Cystobacteraceae	0.0	0.0	0.000771268569129	0.0	0.0	0.0	0.0	0.0	0.0	0.0	0.0	0.0	0.0	0.0	0.0	0.0	0.0	0.0	0.0	0.0	0.0	0.0	0.0	0.0	0.0	0.0	0.0	0.0
k__Bacteria;p__Proteobacteria;c__Deltaproteobacteria;o__Myxococcales;f__OM27	0.000106856634016	0.0	0.0	0.0	0.0	0.0	0.0	0.0	0.0	0.0	0.0	0.0	0.0	0.0	0.0	0.0	0.0	0.0	0.0	0.0	0.0	0.0	0.0	0.0	0.0	0.0	0.0	0.0
k__Bacteria;p__Proteobacteria;c__Deltaproteobacteria;o__Spirobacillales;f__	3.56188780053e-05	7.83729769975e-05	0.0	0.0	0.0	0.0	0.0	0.0	0.0	0.0	0.0	0.0	0.0	0.0	0.0	0.0	0.0	0.0	0.0	0.0	0.0	0.0	0.0	0.0	0.0	0.0	0.0	0.0
k__Bacteria;p__Proteobacteria;c__Gammaproteobacteria;Other;Other	7.12377560107e-05	0.000195932442494	3.35334160491e-05	7.04994888787e-05	0.0	9.0125274131e-05	0.0	0.0	2.43031083676e-05	0.0	0.0	0.0	0.0	0.0	0.0	0.0	0.0	0.0	0.0	0.0	0.0	0.0	0.0	0.0	0.0	0.0	0.0	0.0
k__Bacteria;p__Proteobacteria;c__Gammaproteobacteria;o__;f__	0.0	0.0	0.0	0.0	0.0	0.0	0.0	0.0	0.0	0.0	0.0	0.0	0.0	0.0	0.0	0.0	0.0	0.0	0.0	0.0	0.0	0.0	0.0	0.0	0.0	0.0	6.51197117367e-05	0.0
k__Bacteria;p__Proteobacteria;c__Gammaproteobacteria;o__Aeromonadales;f__Aeromonadaceae	3.56188780053e-05	0.000117559465496	0.000402400992589	0.000317247699954	0.0	0.0	0.0	0.0	0.0	0.0	0.0	0.0	0.0	0.0	0.0	0.0	0.0	2.05006252691e-05	0.0	0.0	0.0	0.0	0.0	0.0	0.0	0.0	0.0	0.0
k__Bacteria;p__Proteobacteria;c__Gammaproteobacteria;o__Alteromonadales;f__Alteromonadaceae	7.12377560107e-05	0.0	0.000268267328393	0.000176248722197	0.0	0.0	0.0	0.0	0.0	0.000267610240552	0.0	0.0	0.0	0.0	0.0	0.0	0.0	0.0	0.0	0.0	0.0	0.0	0.0	0.0	0.0	0.0	0.0	0.0
k__Bacteria;p__Proteobacteria;c__Gammaproteobacteria;o__Alteromonadales;f__[Chromatiaceae]	3.56188780053e-05	0.000117559465496	0.0	7.04994888787e-05	0.0	0.0	0.0	0.0	0.0	0.0	0.0	0.0	0.0	0.0	0.0	0.0	0.0	0.0	0.0	0.0	0.0	0.0	0.0	0.0	0.0	0.0	0.0	0.0
k__Bacteria;p__Proteobacteria;c__Gammaproteobacteria;o__Enterobacteriales;f__Enterobacteriaceae	0.144612644702	0.0729260550962	0.322155527984	0.0781839331665	0.00585974568229	0.00387538678763	0.00158318193615	0.0062015503876	0.00109363987654	0.0177514792899	0.00179899578444	0.00144173289261	6.89797889218e-05	0.00111891441495	0.00130105982165	0.00155396260464	0.00655198860524	0.0284753684987	0.00586677962512	0.00486514484443	0.00338205566786	0.00290648336728	0.00368652634083	0.000620495441745	0.00191788905749	0.00245254632015	0.00232260305194	0.00141696580389
k__Bacteria;p__Proteobacteria;c__Gammaproteobacteria;o__Oceanospirillales;f__Halomonadaceae	0.0	0.0	0.0	0.0	0.0	0.0	0.0	0.0	0.0	0.000178406827035	0.0	0.0	0.0	0.0	0.0	0.0	0.0	0.0	0.0	0.0	0.0	0.0	0.0	0.0	0.0	0.0	0.0	0.0
k__Bacteria;p__Proteobacteria;c__Gammaproteobacteria;o__Pseudomonadales;f__Moraxellaceae	0.0033125556545	0.00172420549395	0.0019784715469	0.00165673798865	0.000213513000569	0.000510709886743	2.5953802232e-05	0.0	9.72124334702e-05	0.0130236983735	8.05520500497e-05	0.0	0.0	0.0	0.0	0.0	0.00118330228991	0.00131204001722	0.00021179709838	0.00038847164157	0.000291556523091	0.000360658520027	0.000190272327268	0.0	0.000295059854999	0.000247315595309	6.51197117367e-05	7.55715095409e-05
k__Bacteria;p__Proteobacteria;c__Gammaproteobacteria;o__Pseudomonadales;f__Pseudomonadaceae	0.026927871772	0.0343273639249	0.00828275376413	0.0210088476859	9.48946669197e-05	9.0125274131e-05	0.0	0.0	0.0	0.000327079182897	5.37013666998e-05	0.0	0.0	0.0	0.0	0.0	6.57390161061e-05	4.10012505381e-05	0.000296515937732	0.0	0.000136059710776	0.0	0.0	0.0	8.4302815714e-05	2.06096329424e-05	0.0	0.0
k__Bacteria;p__Proteobacteria;c__Gammaproteobacteria;o__Thiotrichales;f__Piscirickettsiaceae	0.0	0.0	0.0	0.0	0.0	0.0	0.0	0.0	0.0	0.00011893788469	0.0	0.0	0.0	0.0	0.0	0.0	0.0	0.0	0.0	0.0	0.0	0.0	0.0	0.0	0.0	0.0	0.0	0.0
k__Bacteria;p__Proteobacteria;c__Gammaproteobacteria;o__Xanthomonadales;f__Sinobacteraceae	0.000106856634016	0.0	0.0	0.0	0.000284684000759	0.000120167032175	0.000155722813392	0.00014355440712	2.43031083676e-05	0.000148672355862	0.000214805466799	3.51642168929e-05	0.0	0.000380907034877	0.0	0.0	8.76520214747e-05	0.000184505627422	8.47188393519e-05	1.84986495986e-05	7.77484061577e-05	0.000233367277665	0.000118920204543	0.0	8.4302815714e-05	6.18288988273e-05	4.34131411578e-05	5.66786321557e-05
k__Bacteria;p__Proteobacteria;c__Gammaproteobacteria;o__Xanthomonadales;f__Xanthomonadaceae	0.0593054318789	0.282025157726	0.0563361389625	0.10782896824	0.00120990700323	0.00300417580437	0.000285491824552	0.00200976169968	0.000510365275719	0.0173946656359	0.000859221867197	0.000632955904072	0.000689797889218	0.000761814069754	0.000487897433117	0.00112787608401	0.00488660019722	0.0175895364809	0.00381234777084	0.00159088386548	0.00206033276318	0.00103954514596	0.00271138066357	0.000190921674383	0.00084302815714	0.0015045032048	0.00121556795242	0.000642357831098
k__Bacteria;p__Tenericutes;c__Mollicutes;o__RF39;f__	0.0	0.0	0.0	0.0	0.0	0.0	0.0	0.0	0.0	0.0	0.0	0.0	0.0	0.0	0.0	0.0	0.0	0.0	0.0	0.0	0.0	0.0	0.0	0.0	0.0	0.0	0.000151945994052	0.0
k__Bacteria;p__Verrucomicrobia;c__Verrucomicrobiae;o__Verrucomicrobiales;f__Verrucomicrobiaceae	0.000819234194123	0.000391864884988	0.000435934408638	0.00119849131094	0.0	0.0	0.0	0.0	0.0	0.0	0.0	0.0	0.0	0.0	0.0	0.0	0.0	0.0	0.0	0.0	0.0	0.0	7.13521227257e-05	0.0	0.0	0.0	0.0	0.0
k__Bacteria;p__Verrucomicrobia;c__[Spartobacteria];o__[Chthoniobacterales];f__[Chthoniobacteraceae]	0.0	0.000117559465496	3.35334160491e-05	7.04994888787e-05	0.0	0.0	0.0	0.0	0.0	0.0	0.0	0.0	0.0	0.0	0.0	0.0	0.0	0.0	0.0	0.0	0.0	0.0	0.0	0.0	0.0	0.0	0.0	0.0