# Constructed from biom file
#OTU ID	145	146	147	148	150	151	152	153	155	156	157	158	160	161	162	163	165	166	167	168	170	171	173	175	176	177	178
k__Fungi;p__Ascomycota;c__Dothideomycetes;o__Capnodiales	0.00761626341501	0.000891693531792	0.00372762844111	0.00572676664092	0.0	0.0249527410208	0.0	0.01185282523	0.0	0.0	0.0	0.0	0.0	0.000523149359142	0.000320924261874	0.00224842839444	0.0	0.0	0.0	0.0	0.0	0.0	0.0	0.0	0.0	0.0	0.0
k__Fungi;p__Ascomycota;c__Dothideomycetes;o__Dothideales	0.000192329884217	0.0	0.000162070801787	0.000319633486935	0.0	0.0	0.0	0.0	0.0	0.0	0.0	0.0	0.0	0.0	0.0	0.0	0.0	0.0	0.0	0.0	0.0	0.0	0.0	7.32238636572e-05	0.0	0.0	0.0
k__Fungi;p__Ascomycota;c__Dothideomycetes;o__Pleosporales	0.101415547948	0.0659395934792	0.0615174457642	0.04501504941	0.00348669104516	0.0	0.00571938413672	2.62812089356e-05	0.0	7.57834110113e-05	0.00937768701634	0.0	0.0	1.74383119714e-05	0.00400391221957	0.00217959895379	2.5108594672e-05	0.0129951792077	0.0241258303045	0.022815446674	0.023273326608	0.0	0.0	0.0	0.118225359214	0.0	5.61167227834e-05
k__Fungi;p__Ascomycota;c__Dothideomycetes;o__unidentified	0.0216948109397	0.0111576011158	0.00787201037253	0.00644594198652	0.0	0.0	0.0	0.0118791064389	0.0	0.0	0.0	0.0	0.0	0.0	0.0	0.0	2.5108594672e-05	0.0	0.00434891590425	0.0147992086534	0.00679160568904	0.0566913332497	0.0	0.0	0.0	0.0157968671314	0.0
k__Fungi;p__Ascomycota;c__Eurotiomycetes;o__Chaetothyriales	0.000576989652652	0.000274367240551	0.00203746150818	0.00647257811043	0.0	0.0	0.0	0.00165571616294	0.0	0.0	0.0	0.0	0.0	0.0	0.0	0.0	0.0	0.0	0.0	0.0	0.000142083801026	0.0	0.0	0.0	0.0	0.0	0.0
k__Fungi;p__Ascomycota;c__Eurotiomycetes;o__Eurotiales	0.00667384698234	0.00160047556988	0.00368132249774	0.00327624324108	0.0102899906455	0.0167769376181	0.0627302052115	0.0	0.0	0.00886665908833	0.0050247205503	0.0	0.0	0.00486528904002	0.0	0.0	0.0	0.0	1.25328988595e-05	0.0	0.0	0.0	0.0	0.00186720852326	0.0	0.0368151819555	0.0355780022447
k__Fungi;p__Ascomycota;c__Eurotiomycetes;o__Incertae_sedis	0.0	0.0	0.0	0.0	4.25206225019e-05	0.0	0.0	5.25624178712e-05	0.0	0.369860937441	0.0709909716251	0.0	0.245399445584	0.266928241346	0.337046885506	0.563506630569	0.0	6.98665548802e-05	0.0	0.0	0.0	6.27116518249e-05	0.0	0.0	0.000126039828586	0.0138090063346	0.0
k__Fungi;p__Ascomycota;c__Incertae_sedis;o__Incertae_sedis	0.0	9.14557468505e-05	0.0	0.000186452867379	0.0	0.0	0.0	0.0	0.0	0.0	0.0	0.0	0.0	0.0	0.0	0.0	0.0	0.0	0.0	0.0	0.0	0.0	0.0	0.0	0.0	0.0	0.0
k__Fungi;p__Ascomycota;c__Leotiomycetes;o__Helotiales	0.00032696080317	9.14557468505e-05	0.0	0.0	0.0	0.0	6.86326096406e-05	0.00628120893561	0.974381977671	7.57834110113e-05	0.0	0.0	0.0	0.0	0.0	0.0	2.5108594672e-05	0.0	0.0	0.0	0.0	0.0	0.0	0.0	0.0	0.00771289989133	0.0
k__Fungi;p__Ascomycota;c__Pezizomycetes;o__Pezizales	0.0	0.0	0.0	7.99083717337e-05	0.0	0.0	0.0	0.0	0.0	0.0	0.0	0.0	0.0	0.0	0.0	0.0	0.0	0.0	0.0	0.0	0.0	0.0	0.0	0.0	0.0	0.0	0.0
k__Fungi;p__Ascomycota;c__Saccharomycetes;o__Saccharomycetales	0.141689425703	0.110592861879	0.28434164525	0.167754308393	0.526958074666	0.612665406427	0.481068838507	0.70049934297	9.96810207337e-05	0.445530673336	0.745888865004	0.992138837579	0.424175032498	0.701037579562	0.642826578642	0.390836507135	0.569889773269	0.657956636158	0.452562977817	0.524883738856	0.489379235873	0.590053932021	0.000154474235904	0.915847474692	0.667254852533	0.352089904318	0.276599326599
k__Fungi;p__Ascomycota;c__Sordariomycetes;o__Diaporthales	0.0	0.000160047556988	0.0	0.0	0.0	0.0	0.0	0.0	0.0	0.0	0.0	0.0	0.0	0.0	0.0	0.0	0.0	0.0	0.0	0.0	0.0	0.0	0.0	0.0	0.0	0.0	0.0
k__Fungi;p__Ascomycota;c__Sordariomycetes;o__Hypocreales	0.236488825634	0.447790200517	0.268273482902	0.17161654636	0.0688408878306	0.0129962192817	6.86326096406e-05	0.0256767411301	0.0	3.78917055057e-05	0.0	6.44357575497e-05	0.0010336564815	0.0	0.0	0.00240903042261	0.000326411730735	0.00696336663639	0.000137861887455	0.0086328717145	0.0071610235717	0.0	0.0	3.66119318286e-05	0.0	0.000106019242493	0.0601571268238
k__Fungi;p__Ascomycota;c__Sordariomycetes;o__Incertae_sedis	0.000519290687387	0.000731645974804	2.31529716839e-05	0.000905628212982	0.0	0.0	0.0	0.0	0.0	0.0	0.0	0.0	0.0	0.0	0.0	0.0	0.0	0.0	0.0333249780674	0.0	0.0	0.0	0.0	0.0	0.0	0.0	0.0
k__Fungi;p__Ascomycota;c__Sordariomycetes;o__Microascales	0.0	0.0	0.0	0.0	0.0	0.0	0.0	0.0	0.0	0.0	0.0	0.0	0.0	0.0	0.0	0.0	2.5108594672e-05	0.0	0.0	0.0	0.0	6.27116518249e-05	2.20677479863e-05	0.0	0.0	0.233030294999	0.0909090909091
k__Fungi;p__Ascomycota;c__Sordariomycetes;o__Sordariales	0.0	0.000411550860827	0.0	0.000292997363024	0.0	0.0	0.0	0.0	0.0	0.0	0.0	0.0	0.0	0.0	0.0	0.0	0.0	0.0	0.0	0.0	0.0	0.0	0.0	0.0	0.0	0.0	0.0
k__Fungi;p__Ascomycota;c__Sordariomycetes;o__Trichosphaeriales	0.000596222641074	0.00192057068386	0.000972424810724	0.0	0.00382685602517	0.0278355387524	0.0	0.0	0.0	0.0	0.0	0.0	0.0	0.0	0.0	0.0	0.0	0.0	0.0	0.0	0.0	0.0	0.0	0.0	0.0	0.00333960613851	0.0
k__Fungi;p__Ascomycota;c__Sordariomycetes;o__Xylariales	0.000173096895796	0.0	0.0	0.0	0.0	0.0	0.0	0.0	0.0	0.0	0.0	0.0	0.0	0.0	0.0	0.0	0.0	0.0	0.0	0.0	0.0	0.0	0.0	0.0	0.0	0.0	0.0
k__Fungi;p__Ascomycota;c__Sordariomycetes;o__unidentified	0.0	0.0	0.0	0.00117198945209	0.0	0.0	0.0	0.00257555847569	0.0	0.0	0.0	0.0	0.0	0.0	0.0	0.0	0.00298792276596	0.0	0.0	0.0	0.0	0.0	0.0	0.000183059659143	0.0	0.0	0.0
k__Fungi;p__Ascomycota;c__unidentified;o__unidentified	0.0613340000769	0.0782403914306	0.076914171934	0.136510135045	0.0541287524449	0.0330812854442	0.067603120496	0.0685151116951	0.0	0.027054677731	0.00849097162511	2.14785858499e-05	0.0	0.00826575987444	0.00217005929458	0.0	0.198608983855	0.0334893686392	0.0587040982579	0.0304719817065	0.209687273554	0.00783895647811	0.0	0.0169330184707	0.0549533652634	0.165655066395	0.0
k__Fungi;p__Basidiomycota;c__Agaricomycetes;o__Agaricales	0.000288494826326	0.000823101721654	0.000601977263782	0.00186452867379	4.25206225019e-05	0.0	0.0	0.00496714848883	0.0	0.0	5.37403267412e-05	0.0	0.0	0.000348766239428	0.0	0.0	0.0	0.00190968583339	0.0	0.00757945582077	0.0	0.0599523391446	0.0	0.0	0.0	0.0	0.0
k__Fungi;p__Basidiomycota;c__Agaricomycetes;o__Cantharellales	0.020521598646	0.00192057068386	0.00307934523396	0.0107077218123	0.0	0.0	0.0	0.0	0.0	0.0	0.0	0.000408093131148	0.0	0.0	0.0	0.0	0.0	0.0	0.00472490287003	0.0	0.0	0.0	0.0	0.0	0.0	0.0	0.0
k__Fungi;p__Basidiomycota;c__Agaricomycetes;o__Corticiales	3.84659768435e-05	0.0	0.000231529716839	0.000159816743467	0.0	0.0	0.0	0.0	0.0	0.0	0.0	0.0	0.0	0.0	0.0	0.0	0.0	0.0	0.0	0.0	0.0	0.0	0.0	0.0	0.0	0.0	0.0
k__Fungi;p__Basidiomycota;c__Agaricomycetes;o__Geastrales	0.0	0.0	0.0	0.0	0.0	0.0	0.0	0.0	0.0	0.0	0.0	0.0	0.0	0.000697532478856	0.0	0.0	0.0	0.0	0.0	0.0	0.0	0.0	0.0	0.0	0.0	0.0	0.0
k__Fungi;p__Basidiomycota;c__Agaricomycetes;o__Hymenochaetales	0.0	9.14557468505e-05	0.0	0.0	0.0	0.0	0.0	0.0	0.0	0.0	0.0	0.0	0.0	0.0	0.0	0.0	0.0	0.0	0.0	0.0	0.0	0.0	0.0	0.0	0.0	0.0	0.0
k__Fungi;p__Basidiomycota;c__Agaricomycetes;o__Phallales	9.61649421087e-05	0.0	0.0	0.0	0.0	0.0	0.0	0.0	0.0	0.000985184343147	0.0	0.0	0.0	0.0	6.11284308332e-05	0.0	0.0	0.00013973310976	0.0	0.0	0.0	0.0	0.0	0.0	0.0	0.0	0.0
k__Fungi;p__Basidiomycota;c__Agaricomycetes;o__Polyporales	0.000288494826326	0.0	0.0	0.0	0.0	0.0	0.0	0.0	0.0	0.0	0.0	0.0	0.0	0.0	0.0	0.0	0.0	0.0	0.0	0.0	0.0	0.0	0.0	0.0	0.0	0.0	0.0
k__Fungi;p__Basidiomycota;c__Agaricomycetes;o__Russulales	0.0	0.0	0.0	0.0	0.0	0.0	0.0	0.0	0.0	0.0	0.0105062338779	0.0	0.0	0.0	0.0	0.0	0.0	0.0	0.0	0.0	0.0	0.0	0.0	0.0	0.0	0.0	0.0
k__Fungi;p__Basidiomycota;c__Agaricostilbomycetes;o__Agaricostilbales	0.000230795861061	0.0	0.000439906461994	0.00114535332818	0.0	0.000945179584121	0.0	0.0	0.0	0.0	0.0	0.0	0.0	0.0	0.0	0.0	0.0	0.0	0.0	0.0	0.0	0.0	0.0	0.0	0.0	0.0	0.0
k__Fungi;p__Basidiomycota;c__Cystobasidiomycetes;o__Cystobasidiales	0.00123091125899	0.00756796305188	0.00500104188373	0.0106810856884	0.0230886980185	0.0188563327032	0.0247992496168	0.0231274638633	0.0	0.0	0.0	0.0	0.0	0.000366204551399	0.0	0.0	0.00321390011801	0.0136239782016	0.0441659355809	0.00621772308009	0.0204458589676	0.0	0.0	0.0	0.0564658432065	0.00723581330011	0.0
k__Fungi;p__Basidiomycota;c__Microbotryomycetes;o__Sporidiobolales	0.00111551332846	0.00155474769646	0.00175962584798	0.000878992089071	0.0	0.0	6.86326096406e-05	0.0	0.0	0.0	0.0	0.0	0.0	0.0	3.05642154166e-05	0.0	0.0128304918774	0.0	0.0	0.0	5.68335204103e-05	0.0	0.99966898378	0.0	0.0	0.0	0.0
k__Fungi;p__Basidiomycota;c__Microbotryomycetes;o__unidentified	0.000153863907374	0.0	0.0	0.0	0.0	0.0	0.0	0.0	0.0	0.0	0.0	0.0	7.83073092042e-06	0.0	0.0	0.0	0.0	0.0	0.0	0.0	0.113908583282	0.0	2.20677479863e-05	0.0	0.0	0.0	0.0
k__Fungi;p__Basidiomycota;c__Pucciniomycetes;o__Pucciniales	0.000653921606339	0.00336099869676	0.0	0.0	0.0	4.7258979206e-05	0.0	0.0	0.0	0.0	0.0	0.0	0.0	0.0	0.00191026346354	0.0	0.0	0.0	0.0	0.0	0.0	0.0	0.0	0.0	0.0	0.0	0.000448933782267
k__Fungi;p__Basidiomycota;c__Tremellomycetes;o__Filobasidiales	0.00569296457284	0.00839106477353	0.0124331457943	0.00133180619556	0.0	0.0125708884688	0.0	0.0	0.0	0.0	0.00701311263972	0.0	0.0	0.00273781497951	0.0	0.0	0.0	0.00675376697175	0.00773279859632	0.0145679710182	0.0104857845157	0.0	0.0	0.00622402841086	0.0	0.0	0.097418630752
k__Fungi;p__Basidiomycota;c__Tremellomycetes;o__Tremellales	0.0140977805131	0.0194572101424	0.0166006806974	0.00775111205817	0.0289140233013	0.0157372400756	0.0110727276887	0.0287516425756	2.49202551834e-05	3.78917055057e-05	0.00558899398108	2.14785858499e-05	0.00741570218164	0.0	0.0	0.00211076951315	0.0503678409119	0.0587344838026	0.0249404687304	0.0182163870404	0.00953382304883	0.0	0.0	0.0035879693192	0.0	0.0157438575101	0.0
k__Fungi;p__Basidiomycota;c__Tremellomycetes;o__unidentified	0.000365426780013	0.00340672657018	0.000833506980621	0.0	0.0	0.0	0.0	0.0	0.0	0.0	0.0	0.0	0.0	0.0	0.0	0.0	0.0	0.00454132606721	0.0	0.00531846560983	0.0	0.0	0.0	0.00327676789866	0.0	0.0	0.0
k__Fungi;p__Basidiomycota;c__Ustilaginomycetes;o__Ustilaginales	0.000192329884217	0.000800237784942	0.000949271839041	0.000372905734757	0.000382685602517	0.000567107750473	0.00224199858159	0.000341655716163	0.0	0.00026524193854	0.000429922613929	0.0	7.83073092042e-06	3.48766239428e-05	0.000152821077083	0.0	0.00183292741105	0.000163021961387	0.000125328988595	0.00246653477557	0.000312584362257	0.0210711150132	4.41354959726e-05	0.000659014772914	0.000504159314343	0.00042407696997	0.000224466891134
k__Fungi;p__Basidiomycota;c__Wallemiomycetes;o__Wallemiales	0.0	0.0	0.0	5.32722478225e-05	0.00148822178757	0.00207939508507	0.0	0.0	0.0	0.0	0.0	0.0	0.0	0.0	0.0	0.0	0.0	0.0	0.0	0.0	0.0	0.0	0.0	0.0	0.0	0.0	0.0
k__Fungi;p__Basidiomycota;c__unidentified;o__unidentified	0.0363503481171	0.0398518416901	0.0296358037554	0.022507524705	0.0	0.0276465028355	0.0346594678685	0.0112220762155	0.0	0.0239096661741	0.0111242476354	0.0	7.83073092042e-06	0.000906792222513	1.52821077083e-05	0.00236314412885	0.0206392648203	0.0283425324297	0.0295400426119	0.0166234166645	0.0044188062119	0.0522388059701	0.0	0.00501583466052	0.0	0.000954173182433	0.142255892256
k__Fungi;p__Glomeromycota;c__Glomeromycetes;o__Archaeosporales	0.0	0.0	0.0	0.0	0.0	0.0	0.0	0.0	0.0	0.00924557614338	0.0	0.0	0.0	0.0	0.0	0.0	0.0	0.0	0.0	0.0	0.0	0.0	0.0	0.0	0.0	0.0	0.0
k__Fungi;p__Glomeromycota;c__Glomeromycetes;o__Glomerales	0.00340423895065	0.0	0.0	0.0	0.0	0.0	0.0	0.0	0.0	0.0	0.0	0.0	0.0	0.0	0.0	0.0	0.0	0.0	0.0	0.0	0.0	0.0	0.0	0.0	0.0	0.0	0.0
k__Fungi;p__Glomeromycota;c__Glomeromycetes;o__Paraglomerales	0.000134630918952	0.0	0.0	0.0	0.0	0.0	0.0	0.0	0.0	0.0	0.0	0.0	0.0	0.0	0.0	0.0	0.0	0.0	0.0	0.0	0.0	0.0	0.0	0.0	0.0	0.0	0.0
k__Fungi;p__unidentified;c__unidentified;o__unidentified	0.33584644382	0.192880170108	0.218911347271	0.396771701782	0.278510077388	0.193241965974	0.309899110064	0.102575558476	0.0254934210526	0.114054033572	0.125510533104	0.00734567636067	0.321952671062	0.0132705554102	0.0114615807812	0.0343458908824	0.139202048861	0.174317054426	0.315553327485	0.327406798386	0.104403176994	0.21202809482	8.82709919453e-05	0.0462957877972	0.10247038064	0.147287232633	0.296352413019