# Constructed from biom file
#OTU ID	146	147	150	151	152	153	155	156	157	158	161	162	163	165	166	167	168	170	171	172	173	175	176	177	178
Unassigned;Other;Other;Other;Other;Other	0.00723015206642	0.0113043478261	0.000403369320204	0.000240391838697	5.19129938224e-05	0.00043077453261	0.000170138298131	0.00651223646258	0.000295420974889	0.00109012905721	0.000309523809524	2.7105412951e-05	7.52577578205e-05	0.00120746432492	0.00141683778234	0.000572058138057	0.000296082458965	0.000252893687384	0.000127320954907	0.00059488399762	7.15956278937e-05	0.000316195535319	0.000288749097659	0.00019541427827	0.000264540266808
k__Bacteria;p__Acidobacteria;c__Acidobacteriia;o__Acidobacteriales;f__Acidobacteriaceae;g__Terriglobus	0.000279876854184	0.000271739130435	0.0	0.0	0.0	0.0	0.0	0.0	0.0	0.0	0.0	0.0	0.0	0.0	0.000102669404517	0.000105936692233	0.0	0.0	0.0	0.0	0.0	0.0	0.0	0.0	0.0
k__Bacteria;p__Acidobacteria;c__[Chloracidobacteria];o__RB41;f__Ellin6075;g__	0.0	0.000163043478261	0.0	0.0	0.0	0.0	0.0	0.0	0.0	0.0	0.0	0.0	0.0	0.0	0.0	0.0	0.0	0.0	0.0	0.0	0.0	0.0	0.0	0.0	0.0
k__Bacteria;p__Actinobacteria;c__Acidimicrobiia;o__Acidimicrobiales;f__;g__	0.0	0.0	0.0	3.00489798371e-05	0.0	0.0	0.0	0.0	0.0	0.0	0.0	8.13162388529e-05	0.0	0.0	0.0	0.0	0.0	0.0	0.0	0.0	0.0	0.0	0.0	2.17126975855e-05	1.88957333434e-05
k__Bacteria;p__Actinobacteria;c__Actinobacteria;o__Actinomycetales;f__;g__	0.0	0.0	0.0	0.0	0.0	0.0	0.0	0.000118944958221	0.0	0.0	0.000142857142857	0.0	0.0	0.0	0.0	0.0	0.0	0.0	0.0	0.0	0.0	0.0	0.0	0.0	0.0
k__Bacteria;p__Actinobacteria;c__Actinobacteria;o__Actinomycetales;f__Actinomycetaceae;g__Actinomyces	0.0	0.0	0.0	0.0	0.0	0.0	0.0	0.0	0.0	0.0	0.0	0.000108421651804	0.0	0.0	0.0	0.0	0.0	0.0	0.0	2.37953599048e-05	0.0	0.0	0.0	0.0	0.0
k__Bacteria;p__Actinobacteria;c__Actinobacteria;o__Actinomycetales;f__Beutenbergiaceae;Other	0.0	0.0	0.0	0.0	0.0	0.0	0.0	8.92087186654e-05	0.0	0.0	0.0	0.0	0.0	0.0	0.0	0.0	0.0	0.0	0.0	0.0	0.0	0.0	0.0	0.0	0.0
k__Bacteria;p__Actinobacteria;c__Actinobacteria;o__Actinomycetales;f__Beutenbergiaceae;g__Salana	0.000326522996548	0.000217391304348	0.0	0.0	0.0	0.0	0.0	0.0	0.0	0.0	0.0	0.0	0.0	0.0	0.000266940451745	2.11873384465e-05	0.0	0.0	0.0	0.0	0.0	0.0	0.0	0.0	0.0
k__Bacteria;p__Actinobacteria;c__Actinobacteria;o__Actinomycetales;f__Bogoriellaceae;g__Georgenia	0.0	0.0	0.0	0.0	0.0	0.0	0.0	0.0	0.0	0.0	0.0	0.0	0.0	0.0	6.16016427105e-05	0.0	0.0	0.0	0.0	0.0	0.0	0.0	0.0	0.0	0.0
k__Bacteria;p__Actinobacteria;c__Actinobacteria;o__Actinomycetales;f__Brevibacteriaceae;g__Brevibacterium	9.32922847281e-05	5.4347826087e-05	0.0	0.0	0.0	0.0	0.0	0.000178417437331	0.0	0.0	0.0	0.0	0.0	0.0	0.0	0.0	0.0	0.0	0.0	0.0	0.0	0.0	0.0	0.0	0.0
k__Bacteria;p__Actinobacteria;c__Actinobacteria;o__Actinomycetales;f__Cellulomonadaceae;Other	0.000279876854184	5.4347826087e-05	0.0	0.0	0.0	0.0	2.43054711616e-05	0.000178417437331	0.0	0.0	0.0	0.0	0.0	0.0	0.0	2.11873384465e-05	0.0	0.0	0.0	0.0	0.0	0.0	0.0	0.0	0.0
k__Bacteria;p__Actinobacteria;c__Actinobacteria;o__Actinomycetales;f__Cellulomonadaceae;g__Cellulomonas	0.000279876854184	0.000489130434783	0.0	0.0	0.0	2.8718302174e-05	0.0	8.92087186654e-05	0.0	0.0	0.0	0.0	0.0	0.0	0.0	0.0	0.0	0.0	0.0	0.0	0.0	0.0	2.06249355471e-05	0.0	0.0
k__Bacteria;p__Actinobacteria;c__Actinobacteria;o__Actinomycetales;f__Corynebacteriaceae;g__Corynebacterium	0.0	0.000108695652174	0.0	3.00489798371e-05	0.0	0.0	0.0	0.0	0.0	0.0	0.0	0.0	0.0	0.0	0.0	0.0	0.0	0.0	0.0	0.0	0.0	0.0	0.0	0.0	0.0
k__Bacteria;p__Actinobacteria;c__Actinobacteria;o__Actinomycetales;f__Dermabacteraceae;g__	0.0	5.4347826087e-05	2.37276070708e-05	0.0	0.0	8.61549065219e-05	0.0	0.000148681197776	0.0	0.0	0.0	0.0	0.0	0.0	0.0	0.0	0.0	0.0	0.0	0.0	0.0	0.0	0.0	0.0	0.0
k__Bacteria;p__Actinobacteria;c__Actinobacteria;o__Actinomycetales;f__Dermabacteraceae;g__Brachybacterium	0.0	0.0	2.37276070708e-05	0.0	0.0	5.7436604348e-05	0.0	0.0	0.0	0.0	0.0	0.0	0.0	0.0	0.0	0.0	0.0	0.0	0.0	0.0	0.0	0.0	0.0	0.0	0.0
k__Bacteria;p__Actinobacteria;c__Actinobacteria;o__Actinomycetales;f__Dietziaceae;g__Dietzia	0.0	0.0	0.0	0.0	0.0	0.0	0.0	0.000178417437331	0.0	0.0	0.0	0.0	0.0	0.0	0.0	0.0	0.0	0.0	0.0	0.0	0.0	0.0	0.0	0.0	0.0
k__Bacteria;p__Actinobacteria;c__Actinobacteria;o__Actinomycetales;f__Geodermatophilaceae;g__	9.32922847281e-05	0.000108695652174	0.0	0.0	0.0	0.0	0.0	0.0	0.0	0.0	0.0	0.0	0.0	0.0	0.0	0.0	0.0	0.0	0.0	0.0	0.0	0.0	0.0	0.0	0.0
k__Bacteria;p__Actinobacteria;c__Actinobacteria;o__Actinomycetales;f__Gordoniaceae;g__Gordonia	0.000139938427092	5.4347826087e-05	0.0	0.0	0.0	0.0	0.0	0.0	0.0	0.0	0.0	0.0	0.0	0.0	0.0	0.0	0.0	0.0	0.0	0.0	0.0	0.0	0.0	0.0	0.0
k__Bacteria;p__Actinobacteria;c__Actinobacteria;o__Actinomycetales;f__Intrasporangiaceae;Other	0.0	0.0	0.0	0.0	0.0	0.0	0.0	8.92087186654e-05	0.0	0.0	0.0	0.0	0.0	0.0	0.0	0.0	0.0	0.0	0.0	0.0	0.0	0.0	0.0	0.0	0.0
k__Bacteria;p__Actinobacteria;c__Actinobacteria;o__Actinomycetales;f__Kineosporiaceae;Other	0.000559753708368	0.00108695652174	0.0	0.0	0.0	0.0	0.0	0.0	0.0	0.0	0.0	0.0	0.0	0.0	0.0	0.0	0.0	0.0	0.0	0.0	0.0	0.0	0.0	0.0	0.0
k__Bacteria;p__Actinobacteria;c__Actinobacteria;o__Actinomycetales;f__Kineosporiaceae;g__	4.6646142364e-05	0.000108695652174	0.0	0.0	0.0	0.0	0.0	0.0	0.0	0.0	0.0	0.0	0.0	0.0	0.0	0.0	0.0	0.0	0.0	0.0	0.0	0.0	0.0	0.0	0.0
k__Bacteria;p__Actinobacteria;c__Actinobacteria;o__Actinomycetales;f__Kineosporiaceae;g__Kineococcus	0.0	0.000163043478261	0.0	0.0	0.0	0.0	0.0	0.0	0.0	0.0	0.0	0.0	0.0	0.0	0.0	0.0	0.0	0.0	0.0	0.0	0.0	0.0	0.0	0.0	0.0
k__Bacteria;p__Actinobacteria;c__Actinobacteria;o__Actinomycetales;f__Microbacteriaceae;Other	0.000513107566004	0.000489130434783	0.0	0.0	0.0	0.0	0.0	0.000654197270213	0.0	0.0	0.0	0.0	0.0	0.0	0.0	0.0	0.0	0.0	2.12201591512e-05	4.75907198096e-05	2.38652092979e-05	0.0	0.0	0.0	1.88957333434e-05
k__Bacteria;p__Actinobacteria;c__Actinobacteria;o__Actinomycetales;f__Microbacteriaceae;g__	0.00205243026402	0.00288043478261	0.0	0.0	0.0	0.0	0.0	0.000386571114217	0.0	0.0	0.0	0.0	0.0	2.19538968167e-05	0.0	0.000148311369126	0.0	0.0	0.0	0.0	0.0	0.0	0.0	0.0	0.0
k__Bacteria;p__Actinobacteria;c__Actinobacteria;o__Actinomycetales;f__Microbacteriaceae;g__Agrococcus	0.000139938427092	5.4347826087e-05	0.0	0.0	0.0	0.0	0.0	0.0	0.0	0.0	0.0	0.0	0.0	0.0	0.0	0.0	0.0	0.0	0.0	0.0	0.0	0.0	0.0	0.0	0.0
k__Bacteria;p__Actinobacteria;c__Actinobacteria;o__Actinomycetales;f__Microbacteriaceae;g__Agromyces	0.000139938427092	0.000108695652174	0.0	0.0	0.0	0.0	0.0	0.0	0.0	0.0	0.0	0.0	0.0	0.0	0.0	0.0	0.0	0.0	0.0	0.0	0.0	0.0	0.0	0.0	0.0
k__Bacteria;p__Actinobacteria;c__Actinobacteria;o__Actinomycetales;f__Microbacteriaceae;g__Clavibacter	0.0	0.0	0.0	0.0	0.0	0.0	0.0	0.0	0.0	0.0	0.0	0.0	0.0	0.0	0.0	0.0	0.0	0.0	0.0	0.0	0.0	0.0	0.0	0.0	0.0
k__Bacteria;p__Actinobacteria;c__Actinobacteria;o__Actinomycetales;f__Microbacteriaceae;g__Cryocola	4.6646142364e-05	0.0	0.0	0.0	0.0	0.0	0.0	0.0	0.0	0.0	0.0	0.0	0.0	0.0	0.0	0.0	0.0	0.0	0.0	0.0	0.0	0.0	0.0	0.0	0.0
k__Bacteria;p__Actinobacteria;c__Actinobacteria;o__Actinomycetales;f__Microbacteriaceae;g__Curtobacterium	0.00335852225021	0.00445652173913	0.0	0.0	0.0	0.0	0.0	0.0	0.0	0.0	0.0	5.42108259019e-05	0.0	6.58616904501e-05	0.0	2.11873384465e-05	3.70103073706e-05	0.0	0.0	0.0	0.0	0.0	0.0	0.0	3.77914666868e-05
k__Bacteria;p__Actinobacteria;c__Actinobacteria;o__Actinomycetales;f__Microbacteriaceae;g__Leucobacter	4.6646142364e-05	0.000163043478261	0.0	0.0	2.59564969112e-05	0.0	0.0	0.00303309643462	0.0	0.0	0.0	0.0	0.0	0.0	0.0	0.0	0.0	0.0	0.0	0.0	0.0	0.0	0.0	0.0	0.0
k__Bacteria;p__Actinobacteria;c__Actinobacteria;o__Actinomycetales;f__Microbacteriaceae;g__Microbacterium	0.0269614702864	0.00929347826087	0.0	3.00489798371e-05	0.0	0.0	0.0	0.00630408278569	2.68564522627e-05	7.0330906917e-05	0.0	8.13162388529e-05	0.0	0.0001317233809	4.1067761807e-05	0.000105936692233	9.25257684265e-05	1.9453360568e-05	0.0	2.37953599048e-05	2.38652092979e-05	4.21594047092e-05	6.18748066412e-05	0.0	0.0
k__Bacteria;p__Actinobacteria;c__Actinobacteria;o__Actinomycetales;f__Microbacteriaceae;g__Mycetocola	0.000186584569456	0.0	0.0	0.0	0.0	0.0	0.0	0.0	0.0	0.0	0.0	0.0	0.0	0.0	0.0	0.0	0.0	0.0	0.0	0.0	0.0	0.0	0.0	0.0	0.0
k__Bacteria;p__Actinobacteria;c__Actinobacteria;o__Actinomycetales;f__Microbacteriaceae;g__Pseudoclavibacter	0.000186584569456	0.0	0.0	0.0	0.0	0.0	0.0	0.000178417437331	0.0	0.0	0.0	2.7105412951e-05	0.0	0.0	0.0	0.0	0.0	0.0	0.0	0.0	0.0	0.0	0.0	0.0	0.0
k__Bacteria;p__Actinobacteria;c__Actinobacteria;o__Actinomycetales;f__Micrococcaceae;Other	9.32922847281e-05	5.4347826087e-05	0.0	0.0	0.0	0.0	0.0	0.000208153676886	0.0	0.0	0.0	0.0	0.0	0.0	0.0	0.0	0.0	0.0	0.0	0.0	0.0	0.0	0.0	0.0	0.0
k__Bacteria;p__Actinobacteria;c__Actinobacteria;o__Actinomycetales;f__Micrococcaceae;g__	0.0	5.4347826087e-05	0.0	0.0	0.0	0.0	0.0	0.0025870528413	0.0	0.0	0.0	0.0	0.0	0.0	2.05338809035e-05	0.0	0.0	0.0	0.0	0.0	0.0	0.0	0.0	0.0	0.0
k__Bacteria;p__Actinobacteria;c__Actinobacteria;o__Actinomycetales;f__Micrococcaceae;g__Arthrobacter	9.32922847281e-05	0.000217391304348	0.0	0.0	0.0	0.0	0.0	0.0217669273544	2.68564522627e-05	0.0	0.0	0.0	7.52577578205e-05	0.0	6.16016427105e-05	0.0	0.0	0.0	0.0	0.0	0.0	0.0	4.12498710942e-05	0.0	0.0
k__Bacteria;p__Actinobacteria;c__Actinobacteria;o__Actinomycetales;f__Micrococcaceae;g__Nesterenkonia	0.0	0.0	0.0	0.0	0.0	0.0	0.0	0.0	0.0	0.0	0.0	0.0	0.0	0.0	0.0	0.0	0.0	0.0	0.0	0.0	0.0	0.0	0.0	0.0	0.0
k__Bacteria;p__Actinobacteria;c__Actinobacteria;o__Actinomycetales;f__Mycobacteriaceae;g__Mycobacterium	0.00205243026402	0.0020652173913	2.37276070708e-05	0.0	2.59564969112e-05	2.8718302174e-05	2.43054711616e-05	2.97362395551e-05	0.0	0.0	2.38095238095e-05	0.0	0.0	0.000219538968167	0.000266940451745	4.23746768931e-05	0.000240566997909	0.000155626884544	2.12201591512e-05	7.13860797145e-05	0.0	6.32391070638e-05	2.06249355471e-05	4.34253951711e-05	0.0
k__Bacteria;p__Actinobacteria;c__Actinobacteria;o__Actinomycetales;f__Nocardiaceae;g__Rhodococcus	0.000186584569456	0.000108695652174	0.0	0.0	0.0	0.0	0.0	8.92087186654e-05	2.68564522627e-05	0.0	0.0	0.0	0.0	0.0	0.0	0.0	0.0	0.0	0.0	0.0	0.0	0.0	0.0	0.0	0.0
k__Bacteria;p__Actinobacteria;c__Actinobacteria;o__Actinomycetales;f__Nocardioidaceae;g__	0.000373169138912	0.000108695652174	0.0	0.0	0.0	0.0	0.0	0.000208153676886	0.0	0.0	0.0	0.0	0.0	0.0	0.0	0.0	0.0	0.0	0.0	0.0	0.0	0.0	0.0	0.0	0.0
k__Bacteria;p__Actinobacteria;c__Actinobacteria;o__Actinomycetales;f__Nocardioidaceae;g__Aeromicrobium	0.0	5.4347826087e-05	0.0	0.0	0.0	0.0	0.0	0.0	0.0	0.0	0.0	0.0	0.0	0.0	0.0	0.0	0.0	0.0	0.0	0.0	0.0	0.0	0.0	0.0	0.0
k__Bacteria;p__Actinobacteria;c__Actinobacteria;o__Actinomycetales;f__Nocardioidaceae;g__Nocardioides	0.000139938427092	0.000108695652174	0.0	0.0	0.0	0.0	0.0	0.0	0.0	0.0	0.0	0.0	0.0	0.0	0.0	0.0	0.0	0.0	0.0	0.0	0.0	0.0	0.0	0.0	0.0
k__Bacteria;p__Actinobacteria;c__Actinobacteria;o__Actinomycetales;f__Promicromonosporaceae;g__Cellulosimicrobium	0.00023323071182	0.000163043478261	0.0	0.0	0.0	0.0	0.0	0.0	0.0	0.0	0.0	0.0	0.0	0.0	0.0	6.35620153396e-05	0.0	0.0	0.0	0.0	0.0	0.0	0.0	0.0	0.0
k__Bacteria;p__Actinobacteria;c__Actinobacteria;o__Actinomycetales;f__Pseudonocardiaceae;g__Pseudonocardia	9.32922847281e-05	0.0	0.0	0.0	0.0	0.0	0.0	0.0	0.0	0.0	0.0	0.0	0.0	0.0	0.0	0.0	0.0	0.0	0.0	0.0	0.0	0.0	0.0	0.000108563487928	0.0
k__Bacteria;p__Actinobacteria;c__Thermoleophilia;o__Gaiellales;f__Gaiellaceae;g__	0.0	0.0	0.0	0.0	0.0	0.0	0.0	0.000118944958221	0.0	0.0	0.0	0.0	0.0	0.0	0.0	0.0	0.0	0.0	0.0	0.0	0.0	0.0	0.0	0.0	0.0
k__Bacteria;p__Armatimonadetes;c__Armatimonadia;o__Armatimonadales;f__Armatimonadaceae;g__	0.0	0.0	0.0	0.0	0.0	0.0	0.0	0.0	0.0	0.0	0.0	0.0	0.0	0.0	0.0	0.0	0.0	0.0	0.0	0.0	0.0	0.0	0.0	0.0	0.0
k__Bacteria;p__Armatimonadetes;c__[Fimbriimonadia];o__[Fimbriimonadales];f__[Fimbriimonadaceae];g__Fimbriimonas	4.6646142364e-05	0.0	0.0	0.0	0.0	0.0	0.0	0.0	0.0	0.0	0.0	0.0	0.0	0.0	0.0	0.0	0.0	0.0	0.0	0.0	0.0	0.0	0.0	0.0	0.0
k__Bacteria;p__Bacteroidetes;c__Bacteroidia;o__Bacteroidales;f__Porphyromonadaceae;g__Paludibacter	0.0	0.0	0.0	0.0	0.0	0.0	0.0003159711251	0.0	0.0	0.0	0.0	0.0	0.0	0.0	0.0	0.0	0.0	0.0	0.0	0.0	0.0	0.0	0.0	0.0	0.0
k__Bacteria;p__Bacteroidetes;c__Bacteroidia;o__Bacteroidales;f__Prevotellaceae;g__Prevotella	0.0	0.0	0.0	0.0	0.0	0.0	0.0	0.0	0.0	0.0	0.0	0.0	0.0	0.0	0.0	0.0	0.0	0.0	0.0	0.000118976799524	0.0	6.32391070638e-05	0.0	2.17126975855e-05	0.0
k__Bacteria;p__Bacteroidetes;c__Bacteroidia;o__Bacteroidales;f__[Paraprevotellaceae];g__CF231	0.0	0.0	0.0	0.0	0.0	0.0	0.0	0.0	0.0	0.0	0.0	0.0	0.0	0.0	8.2135523614e-05	0.0	0.0	0.0	0.0	0.0	0.0	0.0	0.0	0.0	0.0
k__Bacteria;p__Bacteroidetes;c__Cytophagia;o__Cytophagales;f__Cytophagaceae;g__	0.000373169138912	0.000434782608696	0.0	0.0	0.0	0.0	0.000170138298131	0.0	0.0	0.0	0.0	0.0	0.0	0.0	0.0	0.0	0.0	0.0	0.0	0.0	0.0	0.0	0.0	0.0	0.0
k__Bacteria;p__Bacteroidetes;c__Cytophagia;o__Cytophagales;f__Cytophagaceae;g__Dyadobacter	0.000139938427092	0.000380434782609	0.0	0.0	0.0	0.0	0.0	8.92087186654e-05	0.0	0.0	0.0	0.0	0.0	0.0	0.0	0.0	0.0	0.0	0.0	0.0	0.0	0.0	0.0	0.0	0.0
k__Bacteria;p__Bacteroidetes;c__Cytophagia;o__Cytophagales;f__Cytophagaceae;g__Emticicia	4.6646142364e-05	5.4347826087e-05	0.0	0.0	0.0	0.0	0.0	0.0	0.0	0.0	0.0	0.0	0.0	0.0	0.0	0.0	0.0	0.0	0.0	0.0	0.0	0.0	0.0	0.0	0.0
k__Bacteria;p__Bacteroidetes;c__Cytophagia;o__Cytophagales;f__Cytophagaceae;g__Hymenobacter	0.00069969213546	0.000815217391304	0.0	0.0	0.0	0.0	0.0	0.0	0.0	0.0	0.0	0.0	0.0	2.19538968167e-05	0.0	0.0	0.0	0.0	0.0	0.0	0.0	0.0	0.0	0.0	0.0
k__Bacteria;p__Bacteroidetes;c__Cytophagia;o__Cytophagales;f__Cytophagaceae;g__Larkinella	0.0	0.0	0.0	0.0	0.0	0.0	0.0	0.0	0.0	0.0	0.0	0.0	0.0	0.0	0.0	0.0	0.0	0.0	0.0	0.0	0.0	0.0	0.0	0.0	0.0
k__Bacteria;p__Bacteroidetes;c__Cytophagia;o__Cytophagales;f__Cytophagaceae;g__Leadbetterella	4.6646142364e-05	5.4347826087e-05	0.0	0.0	0.0	0.0	0.0	0.0	0.0	0.0	0.0	0.0	0.0	0.0	0.0	0.0	0.0	0.0	0.0	0.0	0.0	0.0	0.0	0.0	0.0
k__Bacteria;p__Bacteroidetes;c__Cytophagia;o__Cytophagales;f__Cytophagaceae;g__Spirosoma	0.00111950741674	0.000978260869565	0.0	0.0	0.0	0.0	0.0	0.0	0.0	0.0	0.0	0.0	0.0	0.0	0.0	0.0	0.0	0.0	0.0	0.0	0.0	0.0	0.0	0.0	0.0
k__Bacteria;p__Bacteroidetes;c__Flavobacteriia;o__Flavobacteriales;f__Flavobacteriaceae;g__	0.00335852225021	0.00108695652174	0.0	0.000120195919349	0.0	5.7436604348e-05	0.0	0.0172172827024	5.37129045253e-05	0.0	0.0	0.0	0.0	4.39077936334e-05	0.0	0.000275435399805	0.0	5.83600817041e-05	0.0	0.0	0.0	0.0	2.06249355471e-05	0.0	0.0
k__Bacteria;p__Bacteroidetes;c__Flavobacteriia;o__Flavobacteriales;f__Flavobacteriaceae;g__Flavobacterium	0.00363839910439	0.0016847826087	0.0	0.0	0.0	0.0	0.0	0.000386571114217	0.0	0.0	0.0	0.0	0.0	0.0	0.000123203285421	4.23746768931e-05	0.0	0.0	0.0	2.37953599048e-05	0.0	0.0	0.0	0.0	0.0
k__Bacteria;p__Bacteroidetes;c__Flavobacteriia;o__Flavobacteriales;f__Flavobacteriaceae;g__Myroides	0.0	0.0	0.0	0.0	0.0	0.0	0.0	0.00645276398347	0.0	0.0	0.0	0.0	0.0	0.0	0.0	0.0	0.0	0.0	0.0	0.0	0.0	0.0	0.0	0.0	0.0
k__Bacteria;p__Bacteroidetes;c__Flavobacteriia;o__Flavobacteriales;f__[Weeksellaceae];g__	0.0	0.000163043478261	0.0	0.0	0.0	0.0	0.0	0.0	0.0	0.0	0.0	0.0	0.0	0.0	0.0	0.0	0.0	0.0	0.0	0.0	0.0	0.0	0.0	0.0	0.0
k__Bacteria;p__Bacteroidetes;c__Flavobacteriia;o__Flavobacteriales;f__[Weeksellaceae];g__Chryseobacterium	0.0172590726747	0.0104891304348	4.74552141417e-05	0.000570930616906	0.000155738981467	0.00120616869131	7.29164134847e-05	0.000148681197776	5.37129045253e-05	3.51654534585e-05	0.0	0.0	0.000275945112009	0.000702524698134	0.00190965092402	0.000381372092038	0.000647680378986	0.000447427293065	6.36604774536e-05	0.000404521118382	0.0	0.000400514344737	0.000268124162112	6.51380927566e-05	1.88957333434e-05
k__Bacteria;p__Bacteroidetes;c__Flavobacteriia;o__Flavobacteriales;f__[Weeksellaceae];g__Elizabethkingia	4.6646142364e-05	0.000217391304348	0.0	0.0	0.0	8.61549065219e-05	0.0	0.0	0.0	0.0	0.0	0.0	0.0	0.0	2.05338809035e-05	0.0	0.0	0.0	0.0	0.0	0.0	0.00027403613061	0.0	0.0	0.0
k__Bacteria;p__Bacteroidetes;c__Flavobacteriia;o__Flavobacteriales;f__[Weeksellaceae];g__Wautersiella	0.0	0.000271739130435	0.0	0.0	0.0	0.0	2.43054711616e-05	0.04879716911	0.0	0.0	0.0	0.0	0.0	0.0	6.16016427105e-05	0.0	0.0	0.0	0.0	0.0	0.0	0.0	0.0	0.0	0.0
k__Bacteria;p__Bacteroidetes;c__Sphingobacteriia;o__Sphingobacteriales;f__Sphingobacteriaceae;g__	0.00163261498274	0.00211956521739	0.0	0.0	0.0	2.8718302174e-05	0.0	0.00142733949865	0.0	0.0	0.0	0.0	0.0	0.0	0.000143737166324	2.11873384465e-05	0.0	0.0	0.0	9.51814396193e-05	0.0	0.0	0.0	0.0	0.0
k__Bacteria;p__Bacteroidetes;c__Sphingobacteriia;o__Sphingobacteriales;f__Sphingobacteriaceae;g__Mucilaginibacter	9.32922847281e-05	5.4347826087e-05	0.0	0.0	0.0	0.0	0.0	0.0	0.0	0.0	0.0	0.0	0.0	0.0	0.0	0.0	0.0	0.0	0.0	0.0	0.0	0.0	0.0	0.0	0.0
k__Bacteria;p__Bacteroidetes;c__Sphingobacteriia;o__Sphingobacteriales;f__Sphingobacteriaceae;g__Pedobacter	0.00163261498274	0.00103260869565	0.0	0.0	0.0	0.0	0.0	0.000237889916441	0.0	0.0	0.0	0.0	0.0	0.0	0.0	0.0	0.0	0.0	0.0	0.0	0.0	6.32391070638e-05	0.0	0.0	0.0
k__Bacteria;p__Bacteroidetes;c__Sphingobacteriia;o__Sphingobacteriales;f__Sphingobacteriaceae;g__Sphingobacterium	0.155798115496	0.0266847826087	0.000498279748487	0.000751224495928	0.000129782484556	0.00043077453261	9.72218846462e-05	0.158702310506	0.0	7.0330906917e-05	0.000119047619048	0.000108421651804	0.000275945112009	0.00173435784852	0.00517453798768	0.000508496122717	0.000832731915839	0.000175080245112	0.000148541114058	0.00069006543724	0.000143191255787	0.000168637618837	0.000391873775394	6.51380927566e-05	9.44786667171e-05
k__Bacteria;p__Bacteroidetes;c__[Saprospirae];o__[Saprospirales];f__Chitinophagaceae;g__	0.0018191995522	0.00130434782609	0.0	0.0	2.59564969112e-05	0.0	0.0	0.000416307353772	2.68564522627e-05	0.0	0.0	5.42108259019e-05	0.000100343677094	0.0	0.00273100616016	4.23746768931e-05	0.000111030922112	1.9453360568e-05	0.0	4.75907198096e-05	0.0	2.10797023546e-05	0.0	6.51380927566e-05	1.88957333434e-05
k__Bacteria;p__Bacteroidetes;c__[Saprospirae];o__[Saprospirales];f__Chitinophagaceae;g__Chitinophaga	0.000373169138912	0.000217391304348	7.11828212125e-05	0.0	0.0	0.0	0.0	0.0	0.0	0.0	0.0	0.0	0.0	0.0	0.0	0.0	0.0	0.0	0.0	0.0	0.0	0.0	0.0	0.0	0.0
k__Bacteria;p__Bacteroidetes;c__[Saprospirae];o__[Saprospirales];f__Chitinophagaceae;g__Niabella	9.32922847281e-05	0.000434782608696	0.0	0.0	0.0	0.0	0.0	0.0	0.0	0.0	0.0	0.0	0.0	0.0	0.0	0.0	1.85051536853e-05	0.0	0.0	0.0	0.0	0.0	0.0	0.0	0.0
k__Bacteria;p__Bacteroidetes;c__[Saprospirae];o__[Saprospirales];f__Chitinophagaceae;g__Sediminibacterium	0.0	0.0	0.0	0.0	0.0	0.0	0.0	0.0	2.68564522627e-05	0.000105496360376	0.000309523809524	0.0	0.000301031031282	2.19538968167e-05	2.05338809035e-05	0.0	7.40206147412e-05	0.0	0.0	0.0	0.0	4.21594047092e-05	0.0	0.0	0.0
k__Bacteria;p__Chloroflexi;c__Chloroflexi;o__Herpetosiphonales;f__;g__	4.6646142364e-05	0.000163043478261	0.0	0.0	0.0	0.0	0.0	0.0	0.0	0.0	0.0	0.0	0.0	0.0	0.0	0.0	0.0	0.0	0.0	0.0	0.0	0.0	0.0	0.0	0.0
k__Bacteria;p__Firmicutes;c__Bacilli;o__Bacillales;Other;Other	4.6646142364e-05	0.0	2.37276070708e-05	0.000150244899186	0.0	0.000114873208696	0.000243054711616	0.000178417437331	5.37129045253e-05	0.000175827267293	4.7619047619e-05	0.000108421651804	7.52577578205e-05	0.000153677277717	0.000205338809035	0.000360184753591	0.00027757730528	9.72668028402e-05	0.00016976127321	0.000166567519334	0.000143191255787	0.000210797023546	0.000247499226565	4.34253951711e-05	0.00011337440006
k__Bacteria;p__Firmicutes;c__Bacilli;o__Bacillales;f__;g__	0.0	0.0	0.0	0.0	0.0	0.0	0.0	0.0	2.68564522627e-05	0.0	0.0	0.0	0.000225773273462	0.0	0.0	0.0	7.40206147412e-05	0.0	0.0	0.0	0.0	0.0	0.0	0.0	0.0
k__Bacteria;p__Firmicutes;c__Bacilli;o__Bacillales;f__Alicyclobacillaceae;g__Alicyclobacillus	9.32922847281e-05	0.0	0.0	9.01469395114e-05	0.000571042932046	2.8718302174e-05	0.0	0.0	0.0	0.00024615817421	0.0	0.00607161250102	0.0	0.0	0.000123203285421	0.0	0.0	1.9453360568e-05	0.0	0.0	0.0	2.10797023546e-05	0.0	0.0	0.0
k__Bacteria;p__Firmicutes;c__Bacilli;o__Bacillales;f__Bacillaceae;g__	0.0	0.0	0.000237276070708	0.000360587758046	5.19129938224e-05	0.000775394158697	0.000802080548331	5.94724791103e-05	0.000295420974889	0.000421985441502	2.38095238095e-05	8.13162388529e-05	0.000175601434915	0.000153677277717	0.000965092402464	0.000254248061359	0.000296082458965	0.000252893687384	0.000403183023873	0.000499702558001	0.000119326046489	0.000231876725901	0.000247499226565	0.00019541427827	0.000151165866747
k__Bacteria;p__Firmicutes;c__Bacilli;o__Bacillales;f__Bacillaceae;g__Bacillus	0.000839630562552	0.000217391304348	0.00163720488789	0.00531866943117	0.000960390385714	0.0175181643261	0.0109617674939	0.000743405988879	0.00126225325634	0.00478250167036	0.00169047619048	0.00176185184181	0.00832852519881	0.00142700329308	0.00229979466119	0.00118649095301	0.00205407205907	0.00124501507635	0.00205835543767	0.00145151695419	0.000405708558064	0.00124370243892	0.001093121584	0.000564530137224	0.00088809946714
k__Bacteria;p__Firmicutes;c__Bacilli;o__Bacillales;f__Paenibacillaceae;Other	0.0	0.0	0.0	0.0	5.19129938224e-05	8.61549065219e-05	0.0	0.0	0.0	0.0	0.0	0.000135527064755	0.000200687354188	0.0	2.05338809035e-05	4.23746768931e-05	3.70103073706e-05	0.0	6.36604774536e-05	9.51814396193e-05	0.0	0.0	0.0	0.0	3.77914666868e-05
k__Bacteria;p__Firmicutes;c__Bacilli;o__Bacillales;f__Paenibacillaceae;g__Cohnella	0.0	0.0	0.000166093249496	0.0	0.0	0.0	0.0	0.0	0.0	0.0	0.0	0.0	0.0	0.0	0.0	0.0	0.0	0.0	2.12201591512e-05	0.0	0.0	0.0	0.0	2.17126975855e-05	0.00011337440006
k__Bacteria;p__Firmicutes;c__Bacilli;o__Bacillales;f__Paenibacillaceae;g__Paenibacillus	0.00158596884038	0.00163043478261	0.00123383556768	0.00159259593137	0.000960390385714	0.0020964360587	0.000534720365554	0.000594724791103	0.00051027259299	0.000808805429546	0.00183333333333	0.00384896863904	0.00431477811504	0.000768386388584	0.0017864476386	0.00360184753591	0.00216510298118	0.000661414259313	0.00318302387268	0.00161808447353	0.000930743162618	0.000758869284766	0.00125812106837	0.000868507903422	0.000661350667019
k__Bacteria;p__Firmicutes;c__Bacilli;o__Bacillales;f__Planococcaceae;g__	0.0	0.0	0.0	9.01469395114e-05	0.0	5.7436604348e-05	0.0	0.0	0.0	0.0	0.0	2.7105412951e-05	5.0171838547e-05	0.0	0.0	0.0	0.0	0.0	0.0	2.37953599048e-05	0.0	0.0	0.0	0.0	0.0
k__Bacteria;p__Firmicutes;c__Bacilli;o__Bacillales;f__Planococcaceae;g__Rummeliibacillus	0.0	0.0	0.0	0.0	0.0	0.0	0.0	0.00092182342621	0.0	0.0	0.0	0.0	0.0	0.0	0.0	0.0	0.0	0.0	2.12201591512e-05	0.0	0.0	0.0	0.0	0.0	0.0
k__Bacteria;p__Firmicutes;c__Bacilli;o__Bacillales;f__Planococcaceae;g__Sporosarcina	0.0	0.0	0.0	6.00979596743e-05	0.0	0.0	0.0	0.0	0.0	0.0	0.0	0.0	2.50859192735e-05	0.0	0.0	2.11873384465e-05	0.0	0.0	0.0	0.0	0.0	0.0	0.0	0.0	0.0
k__Bacteria;p__Firmicutes;c__Bacilli;o__Bacillales;f__Staphylococcaceae;g__Jeotgalicoccus	0.0	0.0	0.0	0.0	0.0	0.0	0.0	0.0	0.0	0.0	0.0	0.0	0.000150515515641	0.0	0.0	0.0	0.0	0.0	0.0	0.0	0.0	0.0	0.0	0.0	0.0
k__Bacteria;p__Firmicutes;c__Bacilli;o__Bacillales;f__Staphylococcaceae;g__Staphylococcus	0.0	0.000217391304348	0.0	0.0	2.59564969112e-05	0.0	0.0	0.00115971334265	8.0569356788e-05	0.0	0.0	0.0	0.0	0.0	2.05338809035e-05	0.0	0.0	0.0	8.48806366048e-05	0.000142772159429	0.0	0.0	0.0	0.0	0.0
k__Bacteria;p__Firmicutes;c__Bacilli;o__Lactobacillales;Other;Other	0.0	0.0	0.000877921461621	0.00174284083055	0.000804651404246	0.00416415381523	0.00337846049146	0.000386571114217	0.000134282261313	0.000843970883005	0.000714285714286	0.00084026780148	0.00210721721897	0.000987925356751	0.000266940451745	0.000381372092038	0.000333092766335	0.000136173523976	0.000318302387268	0.000190362879239	2.38652092979e-05	8.43188094184e-05	0.000164999484377	6.51380927566e-05	5.66872000302e-05
k__Bacteria;p__Firmicutes;c__Bacilli;o__Lactobacillales;f__;g__	0.0	0.0	2.37276070708e-05	0.0	2.59564969112e-05	2.8718302174e-05	0.0	0.0	2.68564522627e-05	0.0	0.0	2.7105412951e-05	0.000100343677094	0.00019758507135	6.16016427105e-05	2.11873384465e-05	1.85051536853e-05	5.83600817041e-05	0.000127320954907	2.37953599048e-05	4.77304185958e-05	4.21594047092e-05	4.12498710942e-05	2.17126975855e-05	1.88957333434e-05
k__Bacteria;p__Firmicutes;c__Bacilli;o__Lactobacillales;f__Aerococcaceae;g__	0.0	0.0	0.0	0.0	0.0	0.0	0.0	0.0	0.0	0.0	0.0	0.0	0.0	0.0	0.0	0.0	0.0	0.0	0.0	0.0	0.0	0.0	0.0	0.0	0.0
k__Bacteria;p__Firmicutes;c__Bacilli;o__Lactobacillales;f__Aerococcaceae;g__Aerococcus	0.0	0.0	2.37276070708e-05	0.0	0.0	0.0	0.0	0.0	0.0	0.0	0.0	0.0	0.0	0.0	2.05338809035e-05	0.0	0.0	0.0	0.0	0.0	0.0	0.0	0.0	0.0	0.0
k__Bacteria;p__Firmicutes;c__Bacilli;o__Lactobacillales;f__Carnobacteriaceae;g__Carnobacterium	0.0	0.0	0.0	0.0	0.0	0.0	2.43054711616e-05	0.0	2.68564522627e-05	0.0	0.0	0.0	0.0	0.0	0.0	0.0	0.0	0.0	2.12201591512e-05	0.0	0.0	0.0	0.0	0.0	0.0
k__Bacteria;p__Firmicutes;c__Bacilli;o__Lactobacillales;f__Enterococcaceae;Other	0.0	5.4347826087e-05	0.0	0.0	0.0	0.0	0.0	0.00154628445687	0.0	0.0	0.0	2.7105412951e-05	0.0	0.0	4.1067761807e-05	0.0	0.0	1.9453360568e-05	0.0	2.37953599048e-05	0.0	0.0	0.0	0.0	0.0
k__Bacteria;p__Firmicutes;c__Bacilli;o__Lactobacillales;f__Enterococcaceae;g__	0.0	0.0	0.0	0.0	0.0	2.8718302174e-05	2.43054711616e-05	8.92087186654e-05	0.0	0.0	0.0	0.0	0.0	0.0	0.0	0.0	1.85051536853e-05	0.0	0.0	0.0	0.0	0.0	0.0	0.0	0.0
k__Bacteria;p__Firmicutes;c__Bacilli;o__Lactobacillales;f__Enterococcaceae;g__Enterococcus	0.000186584569456	0.000217391304348	0.0	0.0	0.0	0.0	0.0	0.0298254482738	2.68564522627e-05	0.0	0.0	2.7105412951e-05	2.50859192735e-05	0.0	0.000924024640657	2.11873384465e-05	1.85051536853e-05	1.9453360568e-05	6.36604774536e-05	2.37953599048e-05	0.0	0.0	0.000185624419924	0.0	5.66872000302e-05
k__Bacteria;p__Firmicutes;c__Bacilli;o__Lactobacillales;f__Lactobacillaceae;Other	0.0	0.0	4.74552141417e-05	9.01469395114e-05	0.0	0.000172309813044	4.86109423231e-05	2.97362395551e-05	2.68564522627e-05	3.51654534585e-05	0.000690476190476	0.0	0.000100343677094	0.000219538968167	6.16016427105e-05	4.23746768931e-05	9.25257684265e-05	5.83600817041e-05	4.24403183024e-05	7.13860797145e-05	0.000119326046489	0.000126478214128	2.06249355471e-05	0.0019541427827	5.66872000302e-05
k__Bacteria;p__Firmicutes;c__Bacilli;o__Lactobacillales;f__Lactobacillaceae;g__	0.0	0.0	0.000118638035354	0.000240391838697	0.0	0.000402056230436	0.000145832826969	5.94724791103e-05	0.000214851618101	0.000105496360376	0.00261904761905	0.0	0.000125429596368	0.000439077936334	0.000184804928131	6.35620153396e-05	0.000129536075797	9.72668028402e-05	4.24403183024e-05	0.000214158239143	7.15956278937e-05	8.43188094184e-05	0.000226874291018	0.0022581205489	5.66872000302e-05
k__Bacteria;p__Firmicutes;c__Bacilli;o__Lactobacillales;f__Lactobacillaceae;g__Lactobacillus	0.000932922847281	0.00146739130435	0.981065369557	0.973647044683	0.991901572964	0.953878406709	0.978902851032	0.552588539653	0.929367530549	0.527165312797	0.94869047619	0.974033014393	0.974763565211	0.960153677278	0.890472279261	0.967668121531	0.976091341439	0.959361929773	0.930419098143	0.924592504462	0.917044532481	0.985433925673	0.986366917603	0.98039343408	0.990892256528
k__Bacteria;p__Firmicutes;c__Bacilli;o__Lactobacillales;f__Lactobacillaceae;g__Pediococcus	0.0	0.0	7.11828212125e-05	0.0	0.0	0.0	0.0	8.92087186654e-05	0.0	0.0	0.000285714285714	0.0	0.0	0.000570801317234	0.000123203285421	6.35620153396e-05	1.85051536853e-05	0.000155626884544	2.12201591512e-05	0.000118976799524	0.0	0.0	2.06249355471e-05	0.00336546812576	5.66872000302e-05
k__Bacteria;p__Firmicutes;c__Bacilli;o__Lactobacillales;f__Leuconostocaceae;Other	0.0	0.0	0.0	0.0	0.0	0.0	0.0	0.0	0.0	0.0	0.0	0.0	0.0	0.0	2.05338809035e-05	0.0	0.0	0.0	6.36604774536e-05	0.0	0.0	0.0	0.0	0.0	0.0
k__Bacteria;p__Firmicutes;c__Bacilli;o__Lactobacillales;f__Leuconostocaceae;g__	9.32922847281e-05	0.000326086956522	0.000759283426266	0.000390636737883	0.000155738981467	0.000689239252175	0.000145832826969	0.000148681197776	8.0569356788e-05	0.000316489081127	0.000547619047619	0.0	0.000275945112009	0.00261251372119	0.00517453798768	0.000635620153396	0.00101778345269	0.000486334014201	0.000615384615385	0.00104699583581	9.54608371915e-05	0.000358354940028	0.000556873259771	0.000477679346882	0.000283436000151
k__Bacteria;p__Firmicutes;c__Bacilli;o__Lactobacillales;f__Leuconostocaceae;g__Leuconostoc	0.000139938427092	0.00070652173913	0.00028473128485	6.00979596743e-05	5.19129938224e-05	0.000201028115218	2.43054711616e-05	0.0	0.0	0.00024615817421	2.38095238095e-05	5.42108259019e-05	0.00050171838547	0.000570801317234	0.000451745379877	0.0	0.000203556690538	0.000486334014201	0.000594164456233	0.000356930398572	2.38652092979e-05	0.000147557916482	0.000185624419924	0.000130276185513	3.77914666868e-05
k__Bacteria;p__Firmicutes;c__Bacilli;o__Lactobacillales;f__Leuconostocaceae;g__Weissella	0.000279876854184	0.000326086956522	0.000118638035354	9.01469395114e-05	0.000155738981467	0.000229746417392	0.0	0.0	0.000187995165839	7.0330906917e-05	0.000166666666667	5.42108259019e-05	2.50859192735e-05	0.000856201975851	0.00125256673511	0.00055087079961	0.000370103073706	0.000311253769089	0.00016976127321	0.000499702558001	4.77304185958e-05	2.10797023546e-05	0.000164999484377	0.000238839673441	0.00011337440006
k__Bacteria;p__Firmicutes;c__Bacilli;o__Lactobacillales;f__Streptococcaceae;g__Lactococcus	0.000653045993096	0.000326086956522	0.000118638035354	0.0	0.0	8.61549065219e-05	4.86109423231e-05	0.0	0.0	0.000105496360376	7.14285714286e-05	0.000162632477706	0.0	4.39077936334e-05	2.05338809035e-05	0.0	0.0	0.0	0.0	0.0	0.0	2.10797023546e-05	0.0	2.17126975855e-05	0.0
k__Bacteria;p__Firmicutes;c__Bacilli;o__Lactobacillales;f__Streptococcaceae;g__Streptococcus	0.0	0.0	0.0	0.0	5.19129938224e-05	0.0	2.43054711616e-05	0.00199232805019	0.0	0.0	0.0	8.13162388529e-05	0.0	0.0	0.0	0.0	0.0	0.0	0.0	0.000380725758477	0.0	0.0	0.0	0.0	0.0
k__Bacteria;p__Firmicutes;c__Bacilli;o__Turicibacterales;f__Turicibacteraceae;g__Turicibacter	0.0	5.4347826087e-05	2.37276070708e-05	0.0	5.19129938224e-05	0.0	0.0	0.000862350947099	0.000107425809051	0.0	0.0	0.0	0.0	0.0	0.0	0.0	0.0	0.0	0.0	0.0	0.0	0.0	2.06249355471e-05	0.0	0.0
k__Bacteria;p__Firmicutes;c__Clostridia;o__Clostridiales;Other;Other	0.0	0.0	9.49104282833e-05	0.000150244899186	7.78694907335e-05	0.000258464719566	9.72218846462e-05	0.000505516072437	0.000107425809051	0.0	0.000190476190476	0.000189737890657	0.000175601434915	6.58616904501e-05	0.000164271047228	0.000169498707572	0.000129536075797	0.0	8.48806366048e-05	2.37953599048e-05	0.0	6.32391070638e-05	0.000123749613282	2.17126975855e-05	3.77914666868e-05
k__Bacteria;p__Firmicutes;c__Clostridia;o__Clostridiales;f__;g__	0.0	0.0	7.11828212125e-05	3.00489798371e-05	0.0	0.000172309813044	0.0	0.000297362395551	2.68564522627e-05	0.0	0.0	0.000216843303608	0.0	0.0	0.0	0.0	3.70103073706e-05	0.0	4.24403183024e-05	9.51814396193e-05	0.0	0.0	0.0	2.17126975855e-05	0.0
k__Bacteria;p__Firmicutes;c__Clostridia;o__Clostridiales;f__Christensenellaceae;g__	0.0	0.0	0.0	0.0	0.0	0.0	0.0	0.0	0.0	0.0	0.0	0.000108421651804	0.0	0.0	0.0	0.0	0.0	0.0	0.0	0.0	0.0	0.0	0.0	0.0	0.0
k__Bacteria;p__Firmicutes;c__Clostridia;o__Clostridiales;f__Clostridiaceae;Other	0.0	0.0	0.0	0.0	0.0	2.8718302174e-05	0.0	8.92087186654e-05	0.0	0.0	0.0	2.7105412951e-05	0.0	0.0	0.0	0.0	0.0	0.0	2.12201591512e-05	4.75907198096e-05	0.0	0.0	0.0	4.34253951711e-05	0.0
k__Bacteria;p__Firmicutes;c__Clostridia;o__Clostridiales;f__Clostridiaceae;g__	0.0	0.0	0.000189820856567	9.01469395114e-05	7.78694907335e-05	0.00014359151087	0.0	0.000297362395551	8.0569356788e-05	0.000210992720751	0.000333333333333	0.00170764101591	0.000576976143291	0.0	2.05338809035e-05	0.0	0.0	0.0	0.0	0.0	0.0	0.0	0.0	0.0	1.88957333434e-05
k__Bacteria;p__Firmicutes;c__Clostridia;o__Clostridiales;f__Clostridiaceae;g__Clostridium	0.0	0.000271739130435	2.37276070708e-05	3.00489798371e-05	2.59564969112e-05	0.00043077453261	0.0	0.0	0.000295420974889	0.000175827267293	7.14285714286e-05	0.00157211395116	0.000576976143291	0.0	0.000287474332649	0.0	7.40206147412e-05	0.0	6.36604774536e-05	2.37953599048e-05	2.38652092979e-05	2.10797023546e-05	0.0	2.17126975855e-05	1.88957333434e-05
k__Bacteria;p__Firmicutes;c__Clostridia;o__Clostridiales;f__Clostridiaceae;g__SMB53	0.0	0.0	0.0	0.0	2.59564969112e-05	0.0	0.0	2.97362395551e-05	0.0	0.0	0.0	8.13162388529e-05	0.0	0.0	0.0	0.0	0.0	0.0	0.0	4.75907198096e-05	0.0	0.0	0.0	0.0	0.0
k__Bacteria;p__Firmicutes;c__Clostridia;o__Clostridiales;f__Lachnospiraceae;Other	0.0	0.0	0.0	0.0	0.0	0.0	0.0	5.94724791103e-05	5.37129045253e-05	0.0	2.38095238095e-05	0.0	0.0	2.19538968167e-05	0.000225872689938	0.000105936692233	5.55154610559e-05	0.0	0.000127320954907	0.0	2.38652092979e-05	6.32391070638e-05	4.12498710942e-05	2.17126975855e-05	1.88957333434e-05
k__Bacteria;p__Firmicutes;c__Clostridia;o__Clostridiales;f__Lachnospiraceae;g__	0.0	0.000326086956522	0.000379641713133	0.000450734697557	0.000129782484556	0.000976422273915	0.000388887538585	0.000654197270213	0.000241708070364	0.000421985441502	0.000333333333333	0.00116553275689	0.00092817901312	0.000241492864984	0.00145790554415	0.000508496122717	0.000573659764244	0.000116720163408	0.000488063660477	0.000214158239143	0.000119326046489	0.000442673749447	0.000474373517583	0.000173701580684	0.000472393333585
k__Bacteria;p__Firmicutes;c__Clostridia;o__Clostridiales;f__Lachnospiraceae;g__Clostridium	0.0	0.0	0.0	0.0	0.0	0.0	0.0	0.000118944958221	0.0	0.0	0.0	0.0	0.0	0.0	0.0	0.0	0.0	0.0	0.0	0.0	0.0	0.0	0.0	0.0	0.0
k__Bacteria;p__Firmicutes;c__Clostridia;o__Clostridiales;f__Lachnospiraceae;g__Coprococcus	0.00023323071182	5.4347826087e-05	0.000403369320204	0.000360587758046	0.000311477962934	0.000373337928262	0.000388887538585	0.000832614707544	0.00080569356788	0.000632978162253	0.00109523809524	0.00140948147345	0.000752577578205	0.00100987925357	0.00268993839836	0.000953430230094	0.00111030922112	0.000622507538177	0.000318302387268	0.00176085663296	9.54608371915e-05	0.000442673749447	0.000309374033206	0.00104220948411	0.0011337440006
k__Bacteria;p__Firmicutes;c__Clostridia;o__Clostridiales;f__Peptostreptococcaceae;Other	0.0	0.0	0.0	0.0	0.0	0.0	0.0	0.000118944958221	0.0	0.0	0.0	0.0	0.0	0.0	0.0	0.0	0.0	0.0	0.0	0.0	0.0	0.0	0.0	0.0	0.0
k__Bacteria;p__Firmicutes;c__Clostridia;o__Clostridiales;f__Peptostreptococcaceae;g__	0.0	0.0	0.0	6.00979596743e-05	0.0	0.00028718302174	0.0	0.0	0.0	0.0	0.0	8.13162388529e-05	0.0	0.0	0.0	0.0	0.0	0.0	0.0	2.37953599048e-05	0.0	0.0	0.00014437454883	0.0	0.0
k__Bacteria;p__Firmicutes;c__Clostridia;o__Clostridiales;f__Ruminococcaceae;g__	0.0	0.0	0.0	0.0	0.0	0.0	0.0	0.0	0.0	0.0	0.0	0.0	0.0	0.0	0.0	0.0	0.0	0.0	0.000233421750663	0.0	0.0	0.0	0.0	0.0	0.0
k__Bacteria;p__Firmicutes;c__Clostridia;o__Clostridiales;f__Ruminococcaceae;g__Ruminococcus	0.0	0.0	0.0	0.0	0.0	0.0	0.0	0.0	0.0	0.0	0.0	0.0	0.0	0.0	0.0	0.0	0.0	0.0	0.0	0.0	0.0	8.43188094184e-05	0.0	0.000108563487928	0.0
k__Bacteria;p__Firmicutes;c__Clostridia;o__Clostridiales;f__Veillonellaceae;g__	0.0	0.0	0.0	0.0	0.0	0.0	0.0	2.97362395551e-05	0.0	0.0	0.0	0.000189737890657	0.0	0.0	0.000225872689938	4.23746768931e-05	0.0	0.0	8.48806366048e-05	0.0	0.0	0.0	0.0	0.0	0.0
k__Bacteria;p__Fusobacteria;c__Fusobacteriia;o__Fusobacteriales;f__Leptotrichiaceae;g__Leptotrichia	0.0	0.0	0.0	0.0	0.0	0.0	0.0	0.0	0.0	0.0	0.0	0.000135527064755	0.0	0.0	0.0	0.0	0.0	0.0	0.0	0.0	0.0	0.0	0.0	0.0	0.0
k__Bacteria;p__Gemmatimonadetes;c__Gemm-3;o__;f__;g__	4.6646142364e-05	0.0	0.0	0.0	0.0	0.0	0.0	0.0	0.0	0.0	0.0	0.0	0.0	0.0	0.0	0.0	0.0	0.0	0.0	0.0	0.0	0.0	0.0	0.0	0.0
k__Bacteria;p__Planctomycetes;c__Phycisphaerae;o__WD2101;f__;g__	0.0	0.0	0.0	0.0	0.0	0.0	0.0	0.0	0.0	0.0	0.0	0.0	0.0	0.0	0.0	0.0	0.0	0.0	0.0	0.0	0.0	0.0	0.0	0.0	0.0
k__Bacteria;p__Planctomycetes;c__Planctomycetia;o__Gemmatales;f__Gemmataceae;g__Gemmata	0.0	0.0	0.0	0.0	0.0	0.0	0.0	0.0	0.0	0.0	0.0	0.0	0.0	6.58616904501e-05	0.0	0.0	0.0	0.000136173523976	0.0	0.0	0.0	0.0	0.0	0.0	0.0
k__Bacteria;p__Planctomycetes;c__Planctomycetia;o__Gemmatales;f__Isosphaeraceae;g__	0.000279876854184	0.000271739130435	0.0	0.0	0.0	0.0	0.0	0.0	0.0	0.0	0.0	0.0	0.0	0.0	0.0	0.0	1.85051536853e-05	0.0	0.0	0.0	0.0	0.0	0.0	0.0	0.0
k__Bacteria;p__Planctomycetes;c__Planctomycetia;o__Planctomycetales;f__Planctomycetaceae;g__Planctomyces	4.6646142364e-05	0.000108695652174	0.0	0.0	0.0	0.0	0.0	0.0	0.0	0.0	0.0	0.0	0.0	0.0	0.0	0.0	0.0	0.0	0.0	0.0	0.0	0.0	0.0	0.0	0.0
k__Bacteria;p__Proteobacteria;Other;Other;Other;Other	0.00023323071182	0.0	0.0	0.0	0.0	0.0	0.0	0.0	0.0	0.0	0.0	0.0	0.0	0.0	0.0	0.0	0.0	0.0	0.0	0.0	0.0	0.0	0.0	0.0	0.0
k__Bacteria;p__Proteobacteria;c__Alphaproteobacteria;Other;Other;Other	4.6646142364e-05	0.000108695652174	0.0	0.0	0.0	0.0	0.0	0.0	2.68564522627e-05	7.0330906917e-05	0.0	0.0	0.0	0.0	0.0	0.0	0.0	0.0	0.0	0.0	0.0	0.0	0.0	0.0	0.0
k__Bacteria;p__Proteobacteria;c__Alphaproteobacteria;o__;f__;g__	0.0	0.0	0.0	3.00489798371e-05	2.59564969112e-05	0.0	0.0	0.0	0.0	0.0	0.0	0.0	0.0	8.78155872667e-05	0.000102669404517	0.0	1.85051536853e-05	0.0	0.0	0.0	0.0	0.0	0.0	0.0	0.0
k__Bacteria;p__Proteobacteria;c__Alphaproteobacteria;o__BD7-3;f__;g__	0.000139938427092	0.000217391304348	0.0	9.01469395114e-05	0.0	0.0	0.0	0.0	0.0	0.0	0.0	0.0	0.0	0.0	0.0	0.0	5.55154610559e-05	0.0	0.0	0.0	0.0	0.0	0.0	6.51380927566e-05	0.0
k__Bacteria;p__Proteobacteria;c__Alphaproteobacteria;o__Caulobacterales;f__Caulobacteraceae;Other	0.0	0.0	0.0	0.0	0.0	0.0	0.0	0.0	0.0	0.0	0.0	0.0	0.0	0.0	2.05338809035e-05	0.0	0.0	0.0	0.0	0.0	0.0	0.0	0.0	0.0	0.0
k__Bacteria;p__Proteobacteria;c__Alphaproteobacteria;o__Caulobacterales;f__Caulobacteraceae;g__	0.0046646142364	0.00309782608696	0.000166093249496	6.00979596743e-05	7.78694907335e-05	0.000315901323914	0.0	0.000237889916441	0.0	0.000175827267293	0.0	0.0	0.000200687354188	4.39077936334e-05	0.000143737166324	0.000233060722912	0.000129536075797	0.00019453360568	6.36604774536e-05	7.13860797145e-05	9.54608371915e-05	0.000168637618837	0.0	8.68507903422e-05	9.44786667171e-05
k__Bacteria;p__Proteobacteria;c__Alphaproteobacteria;o__Caulobacterales;f__Caulobacteraceae;g__Asticcacaulis	9.32922847281e-05	0.0	0.0	3.00489798371e-05	0.0	0.0	0.0	0.0	0.0	0.0	0.0	0.0	0.0	0.0	0.0	0.0	0.0	0.0	0.0	0.0	0.0	0.0	0.0	0.0	0.0
k__Bacteria;p__Proteobacteria;c__Alphaproteobacteria;o__Caulobacterales;f__Caulobacteraceae;g__Brevundimonas	0.000139938427092	5.4347826087e-05	0.0	0.0	0.0	0.0	0.0	0.00966427785542	0.0	0.0	0.0	0.0	0.0	0.0	0.0	0.0	0.0	0.0	0.0	0.0	0.0	0.0	0.0	0.0	0.0
k__Bacteria;p__Proteobacteria;c__Alphaproteobacteria;o__Caulobacterales;f__Caulobacteraceae;g__Caulobacter	0.0	5.4347826087e-05	0.0	0.0	0.0	0.0	0.0	0.0	0.0	0.0	0.0	0.0	0.0	0.0	0.0	0.0	0.0	0.0	0.0	0.0	0.0	0.0	0.0	0.0	0.0
k__Bacteria;p__Proteobacteria;c__Alphaproteobacteria;o__Caulobacterales;f__Caulobacteraceae;g__Mycoplana	0.00130609198619	0.000163043478261	0.0	0.0	0.0	0.0	0.0	2.97362395551e-05	0.0	0.0	0.0	0.0	0.0	2.19538968167e-05	0.0	0.0	0.0	0.0	0.0	0.0	0.0	0.0	0.0	0.0	0.0
k__Bacteria;p__Proteobacteria;c__Alphaproteobacteria;o__Caulobacterales;f__Caulobacteraceae;g__Phenylobacterium	0.000279876854184	0.00070652173913	0.0	6.00979596743e-05	0.0	0.0	0.0	0.0	0.0	0.0	0.0	0.0	0.0	0.0	0.000123203285421	0.0	0.0	0.0	0.0	0.0	0.0	0.0	0.0	0.0	0.0
k__Bacteria;p__Proteobacteria;c__Alphaproteobacteria;o__Rhizobiales;Other;Other	0.000186584569456	0.000869565217391	0.0	0.0	2.59564969112e-05	0.0	0.0	0.000118944958221	0.0	0.0	0.0	0.0	0.0	0.0	0.0	0.0	0.0	0.0	0.0	0.0	0.0	0.0	0.0	0.0	0.0
k__Bacteria;p__Proteobacteria;c__Alphaproteobacteria;o__Rhizobiales;f__;g__	0.00107286127437	0.00135869565217	0.0	0.0	0.0	0.0	0.0	0.0	0.0	0.0	0.0	0.0	0.0	6.58616904501e-05	0.000225872689938	4.23746768931e-05	5.55154610559e-05	0.0	0.0	0.0	0.0	0.0	2.06249355471e-05	2.17126975855e-05	0.0
k__Bacteria;p__Proteobacteria;c__Alphaproteobacteria;o__Rhizobiales;f__Aurantimonadaceae;Other	4.6646142364e-05	0.0	0.0	0.0	0.0	0.0	0.0	0.0	0.0	0.0	0.0	0.0	0.0	0.0	4.1067761807e-05	0.0	0.0	0.0	0.0	0.0	0.0	0.0	0.0	0.0	0.0
k__Bacteria;p__Proteobacteria;c__Alphaproteobacteria;o__Rhizobiales;f__Aurantimonadaceae;g__	0.0018191995522	0.00141304347826	0.0	0.0	0.0	0.0	0.0	0.0	0.0	0.0	0.0	0.0	0.0	0.0	0.000246406570842	0.0	9.25257684265e-05	3.89067211361e-05	0.0	0.0	0.0	0.0	0.000123749613282	6.51380927566e-05	0.00011337440006
k__Bacteria;p__Proteobacteria;c__Alphaproteobacteria;o__Rhizobiales;f__Bradyrhizobiaceae;Other	0.000653045993096	0.00119565217391	9.49104282833e-05	0.0	0.0	0.0	0.0	2.97362395551e-05	0.0	0.0	4.7619047619e-05	8.13162388529e-05	0.0	0.0	6.16016427105e-05	6.35620153396e-05	0.0	0.0	0.0	0.0	2.38652092979e-05	0.0	0.0	0.0	5.66872000302e-05
k__Bacteria;p__Proteobacteria;c__Alphaproteobacteria;o__Rhizobiales;f__Bradyrhizobiaceae;g__	4.6646142364e-05	5.4347826087e-05	0.0	0.0	0.0	0.0	0.0	2.97362395551e-05	0.0	7.0330906917e-05	7.14285714286e-05	0.000135527064755	0.0	0.0	6.16016427105e-05	0.0	3.70103073706e-05	0.0	0.0	0.0	0.0	0.0	0.0	0.0	1.88957333434e-05
k__Bacteria;p__Proteobacteria;c__Alphaproteobacteria;o__Rhizobiales;f__Bradyrhizobiaceae;g__Balneimonas	4.6646142364e-05	0.000108695652174	0.0	0.0	0.0	0.0	0.0	0.0	0.0	0.0	0.0	0.0	0.0	0.0	0.0	0.0	0.0	0.0	0.0	0.0	0.0	0.0	0.0	0.0	0.0
k__Bacteria;p__Proteobacteria;c__Alphaproteobacteria;o__Rhizobiales;f__Bradyrhizobiaceae;g__Bosea	0.00023323071182	0.000217391304348	2.37276070708e-05	0.0	0.0	0.0	0.0	0.0	0.0	0.0	0.0	0.0	0.0	0.0	0.0	0.0	0.0	0.0	0.0	0.0	0.0	0.0	0.0	0.0	0.0
k__Bacteria;p__Proteobacteria;c__Alphaproteobacteria;o__Rhizobiales;f__Bradyrhizobiaceae;g__Bradyrhizobium	0.000186584569456	0.000217391304348	0.0	0.0	0.0	0.0	0.0	0.0	0.0	0.0	0.0	0.000189737890657	0.0	0.0	4.1067761807e-05	0.0	0.0	0.0	0.0	0.0	0.0	0.0	0.0	0.0	0.0
k__Bacteria;p__Proteobacteria;c__Alphaproteobacteria;o__Rhizobiales;f__Brucellaceae;Other	9.32922847281e-05	0.000163043478261	0.0	0.0	0.0	0.0	0.0	0.00514436944304	0.0	0.0	0.0	0.0	0.0	0.0	0.0	0.0	0.0	0.0	0.0	0.0	0.0	0.0	0.0	0.0	0.0
k__Bacteria;p__Proteobacteria;c__Alphaproteobacteria;o__Rhizobiales;f__Brucellaceae;g__Ochrobactrum	0.0110551357403	0.00728260869565	9.49104282833e-05	0.0010517142943	5.19129938224e-05	0.00014359151087	0.0	0.00214100924797	8.0569356788e-05	3.51654534585e-05	4.7619047619e-05	2.7105412951e-05	0.0	4.39077936334e-05	0.00271047227926	0.00135598966058	0.000185051536853	0.0	0.000233421750663	0.000142772159429	4.77304185958e-05	0.0	0.000103124677735	4.34253951711e-05	3.77914666868e-05
k__Bacteria;p__Proteobacteria;c__Alphaproteobacteria;o__Rhizobiales;f__Hyphomicrobiaceae;g__Devosia	0.00289206082657	0.00597826086957	9.49104282833e-05	0.000240391838697	0.0	0.0	0.0	0.000475779832882	0.0	0.0	0.0	8.13162388529e-05	0.0	0.000241492864984	0.000266940451745	4.23746768931e-05	0.000111030922112	1.9453360568e-05	0.0	9.51814396193e-05	0.0	0.000168637618837	4.12498710942e-05	8.68507903422e-05	5.66872000302e-05
k__Bacteria;p__Proteobacteria;c__Alphaproteobacteria;o__Rhizobiales;f__Hyphomicrobiaceae;g__Hyphomicrobium	0.0	0.0	0.0	0.0	0.0	0.0	0.0	0.0	0.0	0.0	0.0	0.0	0.0	0.0	0.0	0.0	0.0	0.0	0.0	0.0	0.0	0.0	0.0	0.0	0.0
k__Bacteria;p__Proteobacteria;c__Alphaproteobacteria;o__Rhizobiales;f__Hyphomicrobiaceae;g__Rhodoplanes	4.6646142364e-05	0.000271739130435	0.0	0.0	0.0	0.0	0.0	0.0	0.0	0.0	0.0	0.0	0.0	0.0	0.000225872689938	0.0	0.0	0.0	0.0	0.0	0.0	0.0	0.0	0.0	0.0
k__Bacteria;p__Proteobacteria;c__Alphaproteobacteria;o__Rhizobiales;f__Methylobacteriaceae;g__	0.0104020897472	0.0125	0.000118638035354	0.000450734697557	2.59564969112e-05	5.7436604348e-05	9.72218846462e-05	0.0	5.37129045253e-05	0.0	9.52380952381e-05	0.0	7.52577578205e-05	0.000175631174533	6.16016427105e-05	2.11873384465e-05	0.000203556690538	7.78134422722e-05	0.0	0.000214158239143	2.38652092979e-05	8.43188094184e-05	0.0	0.0	0.0
k__Bacteria;p__Proteobacteria;c__Alphaproteobacteria;o__Rhizobiales;f__Methylobacteriaceae;g__Methylobacterium	0.00293870696893	0.00396739130435	0.0	6.00979596743e-05	2.59564969112e-05	0.0	0.0	0.0	0.0	0.0	0.0	0.0	0.0	0.000219538968167	8.2135523614e-05	0.000296622738252	5.55154610559e-05	0.000213986966248	2.12201591512e-05	0.000118976799524	4.77304185958e-05	0.0	4.12498710942e-05	0.0	3.77914666868e-05
k__Bacteria;p__Proteobacteria;c__Alphaproteobacteria;o__Rhizobiales;f__Methylocystaceae;g__	0.000326522996548	0.000760869565217	0.0	9.01469395114e-05	2.59564969112e-05	0.0	0.0	0.0	0.0	0.0	0.0	0.0	0.0	6.58616904501e-05	0.000349075975359	0.0	0.0	0.0	2.12201591512e-05	0.0	0.0	0.0	0.0	0.0	0.0
k__Bacteria;p__Proteobacteria;c__Alphaproteobacteria;o__Rhizobiales;f__Phyllobacteriaceae;Other	9.32922847281e-05	0.000108695652174	0.0	0.0	0.0	0.0	0.0	0.0	0.0	0.0	0.0	0.0	0.0	0.0	4.1067761807e-05	0.000105936692233	0.0	0.0	0.0	0.0	0.0	0.0	0.0	0.0	0.0
k__Bacteria;p__Proteobacteria;c__Alphaproteobacteria;o__Rhizobiales;f__Phyllobacteriaceae;g__	0.0	0.000380434782609	0.0	0.0	0.0	0.0	0.0	2.97362395551e-05	0.0	0.0	0.0	0.0	0.0	0.0	0.0	0.0	0.0	0.0	0.0	0.0	0.0	0.0	0.0	0.0	0.0
k__Bacteria;p__Proteobacteria;c__Alphaproteobacteria;o__Rhizobiales;f__Phyllobacteriaceae;g__Mesorhizobium	0.0	5.4347826087e-05	0.0	0.0	0.0	0.0	0.0	0.0	0.0	0.0	0.0	0.0	0.0	0.0	2.05338809035e-05	2.11873384465e-05	0.0	0.0	0.0	0.0	0.0	0.0	0.0	0.0	0.0
k__Bacteria;p__Proteobacteria;c__Alphaproteobacteria;o__Rhizobiales;f__Rhizobiaceae;Other	0.000746338277824	0.000760869565217	0.0	0.0	0.0	0.0	0.0	2.97362395551e-05	0.0	0.0	0.0	0.0	0.0	0.0	0.0	2.11873384465e-05	0.0	0.0	0.0	0.0	0.0	0.0	2.06249355471e-05	0.0	0.0
k__Bacteria;p__Proteobacteria;c__Alphaproteobacteria;o__Rhizobiales;f__Rhizobiaceae;g__	0.00265883011475	0.00657608695652	0.000261003677779	0.000180293879023	0.0	0.0	2.43054711616e-05	0.0	0.0	0.0	0.0	0.000162632477706	0.0	0.000153677277717	4.1067761807e-05	0.000211873384465	0.000185051536853	0.000116720163408	0.0	0.0	4.77304185958e-05	0.0	0.0	8.68507903422e-05	7.55829333736e-05
k__Bacteria;p__Proteobacteria;c__Alphaproteobacteria;o__Rhizobiales;f__Rhizobiaceae;g__Agrobacterium	0.0361041141898	0.0185869565217	0.000166093249496	0.000180293879023	0.000129782484556	0.00043077453261	4.86109423231e-05	0.000624461030658	8.0569356788e-05	0.000175827267293	0.000261904761905	0.0	0.000125429596368	0.000987925356751	0.00197125256674	0.00169498707572	0.000185051536853	0.000389067211361	0.000339522546419	0.000142772159429	9.54608371915e-05	0.000379434642383	0.000185624419924	0.00039082855654	0.000321227466838
k__Bacteria;p__Proteobacteria;c__Alphaproteobacteria;o__Rhizobiales;f__Rhizobiaceae;g__Kaistia	0.000979568989645	0.00228260869565	0.0	0.0	0.0	0.0	0.0	0.0	0.0	0.0	0.0	0.0	0.0	0.0	0.0	0.0	0.0	0.0	0.0	0.0	0.0	0.0	0.0	0.0	0.0
k__Bacteria;p__Proteobacteria;c__Alphaproteobacteria;o__Rhizobiales;f__Rhizobiaceae;g__Rhizobium	0.0016792611251	0.00163043478261	0.0	0.0	0.0	0.0	0.0	0.0	8.0569356788e-05	0.0	0.0	0.0	0.0	0.000285400658617	0.000349075975359	0.000169498707572	3.70103073706e-05	0.0	0.0	0.0	2.38652092979e-05	0.0	0.0	0.0	0.0
k__Bacteria;p__Proteobacteria;c__Alphaproteobacteria;o__Rhizobiales;f__Xanthobacteraceae;g__Labrys	4.6646142364e-05	5.4347826087e-05	0.0	0.0	0.0	0.0	0.0	0.0	0.0	0.0	0.0	0.0	0.0	2.19538968167e-05	0.0	0.0	0.0	0.0	0.0	0.0	0.0	0.0	0.0	0.0	0.0
k__Bacteria;p__Proteobacteria;c__Alphaproteobacteria;o__Rhodobacterales;f__Hyphomonadaceae;g__	0.0	5.4347826087e-05	0.0	0.0	0.0	0.0	0.0	0.0	0.0	0.0	0.0	0.0	0.0	0.0	0.0	0.0	0.0	0.0	0.0	0.0	0.0	0.0	0.0	0.0	0.0
k__Bacteria;p__Proteobacteria;c__Alphaproteobacteria;o__Rhodobacterales;f__Rhodobacteraceae;Other	4.6646142364e-05	0.000163043478261	0.0	0.0	0.0	0.0	0.0	0.000773142228434	0.0	0.0	0.0	0.0	0.0	0.0	2.05338809035e-05	0.0	0.0	0.0	0.0	0.0	0.0	0.0	0.0	0.0	0.0
k__Bacteria;p__Proteobacteria;c__Alphaproteobacteria;o__Rhodobacterales;f__Rhodobacteraceae;g__	0.0	0.0	0.0	0.0	0.0	0.0	0.0	0.000505516072437	0.0	0.0	0.0	0.0	0.0	0.0	0.0	0.0	0.0	0.0	0.0	0.0	0.0	0.0	0.0	0.0	0.0
k__Bacteria;p__Proteobacteria;c__Alphaproteobacteria;o__Rhodobacterales;f__Rhodobacteraceae;g__Anaerospora	0.0	0.0	0.0	0.0	0.0	0.0	0.0	0.000386571114217	0.0	0.0	0.0	0.0	0.0	0.0	0.0	0.0	0.0	0.0	0.0	0.0	0.0	0.0	0.0	0.0	0.0
k__Bacteria;p__Proteobacteria;c__Alphaproteobacteria;o__Rhodobacterales;f__Rhodobacteraceae;g__Jannaschia	0.0	0.0	0.0	0.0	0.0	0.0	0.0	0.00092182342621	0.0	0.0	0.0	0.0	0.0	0.0	0.0	0.0	0.0	0.0	0.0	0.0	0.0	0.0	0.0	0.0	0.0
k__Bacteria;p__Proteobacteria;c__Alphaproteobacteria;o__Rhodobacterales;f__Rhodobacteraceae;g__Paracoccus	0.0	0.000163043478261	0.0	0.0	0.0	0.0	0.0	0.00451990841238	0.0	0.0	0.0	0.0	0.0	0.0	8.2135523614e-05	0.0	0.0	0.0	0.0	0.0	0.0	0.0	0.0	0.0	0.0
k__Bacteria;p__Proteobacteria;c__Alphaproteobacteria;o__Rhodobacterales;f__Rhodobacteraceae;g__Rhodobacter	9.32922847281e-05	5.4347826087e-05	0.0	0.0	0.0	0.0	0.0	0.000208153676886	0.0	0.0	0.0	0.0	0.0	6.58616904501e-05	0.0	0.0	0.0	0.0	0.0	0.0	0.0	0.0	4.12498710942e-05	0.0	0.0
k__Bacteria;p__Proteobacteria;c__Alphaproteobacteria;o__Rhodospirillales;f__;g__	0.0	0.0	0.0	0.0	0.0	0.0	0.0	0.0	0.0	0.0	0.0	0.0	0.0	0.0	0.0	0.0	0.0	0.0	4.24403183024e-05	0.0	0.0	0.0	0.0	0.0	0.0
k__Bacteria;p__Proteobacteria;c__Alphaproteobacteria;o__Rhodospirillales;f__Acetobacteraceae;Other	0.0	0.000163043478261	0.0	0.0	0.0	0.0	0.0	0.0	0.0	0.0	0.0	0.0	0.0	0.0	0.0	0.0	0.0	0.0	0.0	0.0	0.0	0.0	0.0	0.0	0.0
k__Bacteria;p__Proteobacteria;c__Alphaproteobacteria;o__Rhodospirillales;f__Acetobacteraceae;g__	0.00242559940293	0.00222826086957	0.0	0.0	2.59564969112e-05	2.8718302174e-05	0.0	0.0	0.000214851618101	0.000386819988044	9.52380952381e-05	0.0	0.0	0.0	4.1067761807e-05	2.11873384465e-05	0.0	1.9453360568e-05	6.36604774536e-05	0.000261748958953	0.000119326046489	0.0	0.0	2.17126975855e-05	0.0
k__Bacteria;p__Proteobacteria;c__Alphaproteobacteria;o__Rhodospirillales;f__Acetobacteraceae;g__Acetobacter	0.0	0.0	0.0	0.0	0.0	0.000258464719566	7.29164134847e-05	0.0181093698891	0.0607761514704	0.457186060414	0.0362857142857	0.0014907977123	0.000275945112009	0.000175631174533	0.0	2.11873384465e-05	7.40206147412e-05	0.0238109133353	0.0516710875332	0.0531588340274	0.0786358646365	0.00223444844959	0.000412498710942	0.000238839673441	1.88957333434e-05
k__Bacteria;p__Proteobacteria;c__Alphaproteobacteria;o__Rhodospirillales;f__Acetobacteraceae;g__Acidisoma	0.000139938427092	5.4347826087e-05	0.0	0.0	0.0	0.0	0.0	0.0	0.0	0.0	0.0	0.0	0.0	0.0	2.05338809035e-05	0.000105936692233	0.0	0.0	0.0	0.0	0.0	0.0	0.0	0.0	0.0
k__Bacteria;p__Proteobacteria;c__Alphaproteobacteria;o__Rhodospirillales;f__Acetobacteraceae;g__Gluconobacter	0.000186584569456	0.000326086956522	0.0	0.0	0.0	0.0	0.0	0.0	0.0	0.0	0.0	0.000135527064755	0.0	0.0	0.00166324435318	0.0	0.0	0.0	6.36604774536e-05	0.0	0.0	0.0	0.0	0.0	0.0
k__Bacteria;p__Proteobacteria;c__Alphaproteobacteria;o__Rhodospirillales;f__Acetobacteraceae;g__Roseococcus	0.0	5.4347826087e-05	0.0	0.0	0.0	0.0	0.0	0.0	0.0	0.0	0.0	0.0	0.0	0.0	0.0	0.0	0.0	0.0	0.0	0.0	0.0	0.0	0.0	0.0	0.0
k__Bacteria;p__Proteobacteria;c__Alphaproteobacteria;o__Rhodospirillales;f__Acetobacteraceae;g__Roseomonas	4.6646142364e-05	5.4347826087e-05	0.0	0.0	0.0	0.0	0.0	0.0	2.68564522627e-05	0.0	0.0	0.0	0.0	0.0	0.0	0.0	0.0	0.0	0.0	0.0	0.0	0.0	0.0	0.0	0.0
k__Bacteria;p__Proteobacteria;c__Alphaproteobacteria;o__Rhodospirillales;f__Rhodospirillaceae;g__	4.6646142364e-05	0.0	0.0	0.0	0.0	0.0	0.0	0.000297362395551	0.0	0.0	0.0	0.0	0.0	0.0	0.0	0.0	0.0	0.0	0.0	0.0	0.0	0.0	0.0	0.0	0.0
k__Bacteria;p__Proteobacteria;c__Alphaproteobacteria;o__Rhodospirillales;f__Rhodospirillaceae;g__Azospirillum	0.000513107566004	0.000869565217391	9.49104282833e-05	0.0	5.19129938224e-05	2.8718302174e-05	0.0	0.0	0.0	0.0	0.0	0.0	0.0	0.0	0.0	2.11873384465e-05	0.000129536075797	5.83600817041e-05	0.0	0.0	0.0	0.0	0.0	0.0	0.0
k__Bacteria;p__Proteobacteria;c__Alphaproteobacteria;o__Rhodospirillales;f__Rhodospirillaceae;g__Skermanella	0.0	0.0	0.0	0.0	0.0	0.0	0.0	0.0	0.0	0.0	0.0	0.0	0.0	0.0	0.0	4.23746768931e-05	0.0	0.0	0.0	0.0	0.0	0.0	0.0	0.0	0.0
k__Bacteria;p__Proteobacteria;c__Alphaproteobacteria;o__Rickettsiales;f__;g__	0.0	0.0	0.0	0.0	0.0	5.7436604348e-05	0.0	0.0	0.0	0.0	0.0	0.0	5.0171838547e-05	0.0	0.0	0.0	0.0	1.9453360568e-05	0.0	0.0	0.0	0.000147557916482	0.0	0.0	1.88957333434e-05
k__Bacteria;p__Proteobacteria;c__Alphaproteobacteria;o__Rickettsiales;f__mitochondria;Other	0.0023323071182	0.0135869565217	0.0	0.0	0.0	0.000258464719566	2.43054711616e-05	5.94724791103e-05	2.68564522627e-05	0.0	0.0	0.0	0.0	0.000307354555434	0.0	6.35620153396e-05	7.40206147412e-05	3.89067211361e-05	0.0	0.000118976799524	0.0	2.10797023546e-05	2.06249355471e-05	0.0	0.0
k__Bacteria;p__Proteobacteria;c__Alphaproteobacteria;o__Sphingomonadales;Other;Other	0.000139938427092	0.0	0.0	0.0	0.0	0.0	0.0	0.0	0.0	0.0	0.0	0.0	0.0	0.0	0.0	0.0	0.0	0.0	0.0	0.0	0.0	0.0	0.0	0.0	0.0
k__Bacteria;p__Proteobacteria;c__Alphaproteobacteria;o__Sphingomonadales;f__;g__	0.0	5.4347826087e-05	0.0	0.0	0.0	0.0	0.0	0.0	0.0	0.0	0.0	0.0	0.0	0.0	0.0	0.0	0.0	0.0	0.0	0.0	0.0	0.0	0.0	0.0	0.0
k__Bacteria;p__Proteobacteria;c__Alphaproteobacteria;o__Sphingomonadales;f__Erythrobacteraceae;g__	0.000186584569456	5.4347826087e-05	0.0	0.0	0.0	0.0	0.0	0.000118944958221	0.0	0.0	0.0	0.0	0.0	0.0	0.0	0.0	0.0	0.0	0.0	0.0	0.0	0.0	0.0	0.0	0.0
k__Bacteria;p__Proteobacteria;c__Alphaproteobacteria;o__Sphingomonadales;f__Sphingomonadaceae;Other	0.000606399850732	0.000760869565217	0.0	0.0	0.0	0.00014359151087	0.0	0.000564988551548	0.0	0.0	0.0	0.0	0.0	6.58616904501e-05	6.16016427105e-05	2.11873384465e-05	1.85051536853e-05	1.9453360568e-05	0.0	0.0	0.0	0.0	0.0	0.0	0.0
k__Bacteria;p__Proteobacteria;c__Alphaproteobacteria;o__Sphingomonadales;f__Sphingomonadaceae;g__	0.000886276704917	0.00222826086957	0.0	0.0	0.0	0.0	0.0	0.0	0.0	0.0	0.0	0.0	0.0	6.58616904501e-05	4.1067761807e-05	0.000105936692233	0.0	0.0	0.0	2.37953599048e-05	0.0	0.0	4.12498710942e-05	0.0	0.0
k__Bacteria;p__Proteobacteria;c__Alphaproteobacteria;o__Sphingomonadales;f__Sphingomonadaceae;g__Blastomonas	0.00023323071182	0.000489130434783	0.0	0.0	0.0	0.0	0.0	0.0	0.0	0.0	0.0	0.0	0.0	0.0001317233809	4.1067761807e-05	0.0	5.55154610559e-05	0.0	0.0	0.0	0.0	0.0	0.0	0.0	0.0
k__Bacteria;p__Proteobacteria;c__Alphaproteobacteria;o__Sphingomonadales;f__Sphingomonadaceae;g__Novosphingobium	0.00606399850732	0.0066847826087	0.0	0.0	0.0	0.000402056230436	2.43054711616e-05	0.000148681197776	0.0	0.00024615817421	0.0	0.0	0.0	0.000219538968167	0.00431211498973	0.000423746768931	7.40206147412e-05	0.000350160490225	0.0	0.000118976799524	7.15956278937e-05	4.21594047092e-05	0.0	4.34253951711e-05	0.0
k__Bacteria;p__Proteobacteria;c__Alphaproteobacteria;o__Sphingomonadales;f__Sphingomonadaceae;g__Sphingobium	0.0289672544081	0.0128260869565	0.0	0.000180293879023	2.59564969112e-05	0.000114873208696	2.43054711616e-05	0.0	2.68564522627e-05	3.51654534585e-05	0.0	5.42108259019e-05	0.0	0.000504939626784	0.000677618069815	0.000190686046019	0.000370103073706	0.000272347047953	0.000466843501326	0.0	0.0	6.32391070638e-05	0.000371248839847	2.17126975855e-05	3.77914666868e-05
k__Bacteria;p__Proteobacteria;c__Alphaproteobacteria;o__Sphingomonadales;f__Sphingomonadaceae;g__Sphingomonas	0.0744005970706	0.0533695652174	0.000925376675762	0.000991616334625	0.000129782484556	0.00218259096522	0.00046180395207	0.000267626155996	0.000563985497516	0.000738474522629	0.0	0.000623424497872	0.000376288789103	0.00428100987925	0.00583162217659	0.00230941989067	0.00149891744851	0.00175080245112	0.000488063660477	0.000975609756098	0.000190921674383	0.00107506482008	0.000598123130865	0.00112906027445	0.000151165866747
k__Bacteria;p__Proteobacteria;c__Alphaproteobacteria;o__Sphingomonadales;f__Sphingomonadaceae;g__Sphingopyxis	0.000326522996548	0.00119565217391	0.0	0.0	0.0	5.7436604348e-05	0.0	0.000118944958221	0.0	0.0	0.0	0.0	0.0	0.000307354555434	8.2135523614e-05	0.000105936692233	3.70103073706e-05	0.0	0.0	2.37953599048e-05	0.0	0.0	0.0	0.0	0.0
k__Bacteria;p__Proteobacteria;c__Betaproteobacteria;Other;Other;Other	4.6646142364e-05	0.0	0.0	0.0	0.0	0.0	0.0	0.0	0.0	0.0	0.0	0.0	0.0	0.0	0.0	0.0	0.0	0.0	0.0	0.0	0.0	0.0	0.0	0.0	0.0
k__Bacteria;p__Proteobacteria;c__Betaproteobacteria;o__Burkholderiales;Other;Other	4.6646142364e-05	0.00054347826087	0.0	0.0	0.0	0.0	0.0	8.92087186654e-05	0.0	0.0	0.0	0.0	0.0	0.0	0.0	0.0	0.0	0.0	0.0	0.0	0.0	0.0	0.0	0.0	0.0
k__Bacteria;p__Proteobacteria;c__Betaproteobacteria;o__Burkholderiales;f__;g__	4.6646142364e-05	0.000217391304348	0.0	0.0	0.0	0.0	0.0	0.0	0.0	0.0	0.0	0.0	0.0	0.0	6.16016427105e-05	0.0	0.0	0.0	0.0	0.0	0.0	0.0	0.0	0.0	0.0
k__Bacteria;p__Proteobacteria;c__Betaproteobacteria;o__Burkholderiales;f__Alcaligenaceae;Other	0.000186584569456	0.000108695652174	0.0	0.0	0.0	0.0	0.0	0.000267626155996	0.0	0.0	0.0	0.0	0.0	0.0	2.05338809035e-05	0.0	0.0	0.0	0.0	0.0	0.0	0.0	0.0	0.0	0.0
k__Bacteria;p__Proteobacteria;c__Betaproteobacteria;o__Burkholderiales;f__Alcaligenaceae;g__	0.00382498367385	0.00233695652174	0.0	3.00489798371e-05	0.0	0.000114873208696	0.0	2.97362395551e-05	2.68564522627e-05	0.0	0.0	0.0	2.50859192735e-05	4.39077936334e-05	6.16016427105e-05	0.000148311369126	5.55154610559e-05	0.0	0.0	2.37953599048e-05	0.0	0.0	0.000103124677735	4.34253951711e-05	0.000132270133404
k__Bacteria;p__Proteobacteria;c__Betaproteobacteria;o__Burkholderiales;f__Alcaligenaceae;g__Achromobacter	0.0394159902976	0.0305434782609	0.000379641713133	0.00114186123381	0.000207651975289	0.00028718302174	0.000194443769292	0.00151654821731	0.000187995165839	0.00024615817421	0.000166666666667	8.13162388529e-05	0.000100343677094	0.00169045005488	0.00303901437372	0.000720369507183	0.000462628842133	0.000505787374769	0.000700265251989	0.000999405116002	7.15956278937e-05	0.000611311368283	0.000412498710942	0.00058624283481	0.00071803786705
k__Bacteria;p__Proteobacteria;c__Betaproteobacteria;o__Burkholderiales;f__Alcaligenaceae;g__Pigmentiphaga	0.000186584569456	0.000108695652174	0.0	0.0	0.0	0.0	0.0	0.0	0.0	0.0	0.0	0.0	7.52577578205e-05	0.0	0.0	0.0	0.0	0.0	0.0	0.0	0.0	0.0	0.0	0.0	0.0
k__Bacteria;p__Proteobacteria;c__Betaproteobacteria;o__Burkholderiales;f__Burkholderiaceae;g__	4.6646142364e-05	0.0	0.0	0.0	0.0	0.0	0.0	0.0	0.0	0.0	0.0	0.0	0.0	0.0	0.0	0.0	0.0	0.0	2.12201591512e-05	0.0	0.0	2.10797023546e-05	0.0	2.17126975855e-05	0.0
k__Bacteria;p__Proteobacteria;c__Betaproteobacteria;o__Burkholderiales;f__Burkholderiaceae;g__Burkholderia	0.00751002892061	0.0205434782609	7.11828212125e-05	9.01469395114e-05	0.0	8.61549065219e-05	0.0	8.92087186654e-05	2.68564522627e-05	0.0	0.0	0.0	0.0	0.00019758507135	0.00195071868583	2.11873384465e-05	7.40206147412e-05	0.0	4.24403183024e-05	7.13860797145e-05	0.0	6.32391070638e-05	0.000103124677735	0.0	0.0
k__Bacteria;p__Proteobacteria;c__Betaproteobacteria;o__Burkholderiales;f__Burkholderiaceae;g__Pandoraea	0.000792984420188	0.00103260869565	0.0	0.0	0.0	0.000315901323914	4.86109423231e-05	0.0	0.0	7.0330906917e-05	0.0	0.0	0.0	0.00019758507135	6.16016427105e-05	0.0	0.0	0.0	2.12201591512e-05	0.0	0.0	0.000126478214128	0.0	0.0	0.0
k__Bacteria;p__Proteobacteria;c__Betaproteobacteria;o__Burkholderiales;f__Burkholderiaceae;g__Salinispora	0.000326522996548	0.000869565217391	0.0	0.0	0.0	0.0	0.0	0.0	0.0	0.0	0.0	0.0	0.0	2.19538968167e-05	0.0	4.23746768931e-05	0.0	0.0	0.0	0.0	0.0	0.0	0.0	0.0	0.0
k__Bacteria;p__Proteobacteria;c__Betaproteobacteria;o__Burkholderiales;f__Comamonadaceae;Other	0.0121279970146	0.019347826087	0.000308458891921	0.000270440818534	7.78694907335e-05	0.000315901323914	9.72218846462e-05	0.00392518362128	0.000161138713576	0.00024615817421	0.000119047619048	0.000135527064755	0.000301031031282	0.00059275521405	0.0017453798768	0.000296622738252	0.000370103073706	0.000136173523976	0.000551724137931	0.000142772159429	2.38652092979e-05	8.43188094184e-05	0.0	0.000130276185513	0.000132270133404
k__Bacteria;p__Proteobacteria;c__Betaproteobacteria;o__Burkholderiales;f__Comamonadaceae;g__	0.00592406008023	0.00695652173913	0.000118638035354	3.00489798371e-05	0.000103825987645	0.000172309813044	2.43054711616e-05	0.000802878467989	2.68564522627e-05	0.0	2.38095238095e-05	0.000189737890657	2.50859192735e-05	4.39077936334e-05	0.000123203285421	8.47493537862e-05	9.25257684265e-05	7.78134422722e-05	0.0	0.0	0.0	4.21594047092e-05	0.0	6.51380927566e-05	0.0
k__Bacteria;p__Proteobacteria;c__Betaproteobacteria;o__Burkholderiales;f__Comamonadaceae;g__Comamonas	0.00121279970146	0.00201086956522	4.74552141417e-05	0.0	0.0	0.0	0.0	0.026138154569	0.0	7.0330906917e-05	0.0	0.0	0.0	0.0	0.0	2.11873384465e-05	0.0	5.83600817041e-05	2.12201591512e-05	0.0	0.0	0.0	0.0	6.51380927566e-05	0.0
k__Bacteria;p__Proteobacteria;c__Betaproteobacteria;o__Burkholderiales;f__Comamonadaceae;g__Delftia	0.00363839910439	0.00657608695652	7.11828212125e-05	0.0	0.0	0.0	0.0	0.0	0.0	0.0	0.0	0.0	0.0	0.000548847420417	0.000739219712526	0.000381372092038	0.000203556690538	0.0	0.000127320954907	0.000166567519334	0.0	0.0	0.0	0.0	1.88957333434e-05
k__Bacteria;p__Proteobacteria;c__Betaproteobacteria;o__Burkholderiales;f__Comamonadaceae;g__Hylemonella	0.000139938427092	0.000217391304348	0.0	0.0	0.0	2.8718302174e-05	0.0	0.0	2.68564522627e-05	0.0	0.0	0.0	0.0	2.19538968167e-05	4.1067761807e-05	0.0	1.85051536853e-05	0.0	0.0	2.37953599048e-05	0.0	0.0	2.06249355471e-05	0.0	0.0
k__Bacteria;p__Proteobacteria;c__Betaproteobacteria;o__Burkholderiales;f__Comamonadaceae;g__Leptothrix	4.6646142364e-05	0.0	0.0	0.0	0.0	0.0	0.0	0.0	0.0	0.0	0.0	0.0	0.0	0.0	0.0	0.0	0.0	0.0	0.0	0.0	0.0	0.0	0.0	0.0	0.0
k__Bacteria;p__Proteobacteria;c__Betaproteobacteria;o__Burkholderiales;f__Comamonadaceae;g__Limnohabitans	0.0	0.0	0.0	0.0	0.0	0.0	0.0	0.0	0.0	0.0	0.0	0.0	0.0	0.0	0.0	0.0	0.0	0.0	0.0	0.0	0.0	0.0	0.0	0.0	0.0
k__Bacteria;p__Proteobacteria;c__Betaproteobacteria;o__Burkholderiales;f__Comamonadaceae;g__Methylibium	0.000139938427092	5.4347826087e-05	0.0	0.0	0.0	0.0	0.0	0.0	0.0	0.0	0.0	0.0	0.0	0.0	2.05338809035e-05	0.0	0.0	0.0	0.0	0.0	0.0	0.0	0.0	0.0	0.0
k__Bacteria;p__Proteobacteria;c__Betaproteobacteria;o__Burkholderiales;f__Comamonadaceae;g__Paucibacter	0.00023323071182	0.000271739130435	0.0	0.0	2.59564969112e-05	0.0	0.0	0.0	0.0	0.0	0.0	0.0	0.0	0.0	0.000102669404517	0.0	1.85051536853e-05	0.0	0.0	0.0	2.38652092979e-05	2.10797023546e-05	0.0	0.0	0.0
k__Bacteria;p__Proteobacteria;c__Betaproteobacteria;o__Burkholderiales;f__Comamonadaceae;g__Variovorax	9.32922847281e-05	0.000217391304348	0.0	0.0	0.0	0.0	0.0	0.0	0.0	0.0	0.0	0.0	0.0	0.0	0.0	2.11873384465e-05	0.0	0.0	0.0	0.0	0.0	0.0	0.0	0.0	0.0
k__Bacteria;p__Proteobacteria;c__Betaproteobacteria;o__Burkholderiales;f__Oxalobacteraceae;Other	0.000839630562552	0.000271739130435	0.0	0.0	0.0	0.0	0.0	2.97362395551e-05	0.0	0.0	0.0	0.0	0.0	2.19538968167e-05	0.0	2.11873384465e-05	0.0	0.0	0.0	0.0	0.0	2.10797023546e-05	0.0	0.0	0.0
k__Bacteria;p__Proteobacteria;c__Betaproteobacteria;o__Burkholderiales;f__Oxalobacteraceae;g__	0.0166060266816	0.00733695652174	0.000213548463637	0.000150244899186	2.59564969112e-05	5.7436604348e-05	2.43054711616e-05	0.00098129590532	0.0	0.0	0.000166666666667	0.0	0.0	0.00046103183315	0.00215605749487	0.00112292893767	0.000555154610559	0.000330707129657	2.12201591512e-05	0.000214158239143	4.77304185958e-05	4.21594047092e-05	4.12498710942e-05	0.000151988883099	0.0
k__Bacteria;p__Proteobacteria;c__Betaproteobacteria;o__Burkholderiales;f__Oxalobacteraceae;g__Cupriavidus	0.000279876854184	0.0	0.0	0.0	0.0	0.0	0.0	0.0	0.0	0.0	0.0	0.0	0.0	0.0	0.0	0.0	0.0	0.0	0.0	0.0	0.0	0.0	0.0	0.0	0.0
k__Bacteria;p__Proteobacteria;c__Betaproteobacteria;o__Burkholderiales;f__Oxalobacteraceae;g__Janthinobacterium	0.000186584569456	0.000652173913043	0.0	0.0	0.0	0.0	0.0	0.0	0.0	0.0	0.0	0.0	0.0	8.78155872667e-05	2.05338809035e-05	6.35620153396e-05	3.70103073706e-05	0.0	0.0	0.0	0.0	0.0	0.0	4.34253951711e-05	0.0
k__Bacteria;p__Proteobacteria;c__Betaproteobacteria;o__Burkholderiales;f__Oxalobacteraceae;g__Ralstonia	0.0	0.000108695652174	0.0	0.0	0.0	0.0	0.0	0.0	0.0	0.0	0.0	0.0	0.0	0.0	0.0	0.0	0.0	0.0	0.0	0.0	0.0	0.0	0.0	0.0	0.0
k__Bacteria;p__Proteobacteria;c__Betaproteobacteria;o__Neisseriales;f__Neisseriaceae;Other	0.0	0.000217391304348	0.0	0.0	0.0	0.0	0.0	0.0	0.0	0.0	0.0	0.0	0.0	0.0	0.0	0.0	0.0	0.0	0.0	0.0	0.0	0.0	0.0	0.0	0.0
k__Bacteria;p__Proteobacteria;c__Betaproteobacteria;o__Neisseriales;f__Neisseriaceae;g__	0.0	0.0	0.0	0.0	0.0	0.0	0.0	0.0	0.0	0.0	0.0	0.0	0.0	0.0	0.0	0.0	0.0	0.0	0.0	0.000166567519334	0.0	0.0	0.0	0.0	0.0
k__Bacteria;p__Proteobacteria;c__Betaproteobacteria;o__Procabacteriales;f__Procabacteriaceae;g__	0.0	0.000108695652174	0.0	0.0	0.0	0.0	0.0	0.0	0.0	0.0	0.0	0.0	0.0	0.0	0.0	0.0	0.0	0.0	0.0	0.0	0.0	0.0	0.0	0.0	0.0
k__Bacteria;p__Proteobacteria;c__Deltaproteobacteria;o__Bdellovibrionales;f__Bacteriovoracaceae;g__	4.6646142364e-05	5.4347826087e-05	0.0	0.0	0.0	0.0	0.0	0.0	0.0	0.0	0.0	0.0	0.0	0.0	0.0	0.0	0.0	0.0	0.0	0.0	0.0	0.0	0.0	0.0	0.0
k__Bacteria;p__Proteobacteria;c__Deltaproteobacteria;o__Bdellovibrionales;f__Bdellovibrionaceae;g__Bdellovibrio	0.000419815281276	0.000326086956522	0.0	3.00489798371e-05	0.0	0.0	0.0	2.97362395551e-05	0.0	0.0	0.0	5.42108259019e-05	0.0	0.0	0.0	0.0	0.0	7.78134422722e-05	0.000127320954907	2.37953599048e-05	0.0	0.0	0.0	6.51380927566e-05	0.0
k__Bacteria;p__Proteobacteria;c__Deltaproteobacteria;o__Myxococcales;Other;Other	0.0	0.000217391304348	0.0	0.0	0.0	0.0	0.0	0.0	0.0	0.0	0.0	0.0	0.0	0.0	0.0	0.0	0.0	0.0	0.0	0.0	0.0	0.0	0.0	0.0	0.0
k__Bacteria;p__Proteobacteria;c__Deltaproteobacteria;o__Myxococcales;f__;g__	0.000139938427092	0.00891304347826	0.0	0.0	0.0	0.000114873208696	0.0	0.0	0.0	0.0	0.0	0.0	0.0	0.0	0.0	0.0	0.0	0.0	0.0	0.0	0.0	0.0	0.0	0.0	0.0
k__Bacteria;p__Proteobacteria;c__Deltaproteobacteria;o__Myxococcales;f__Cystobacteraceae;Other	0.0	0.00125	0.0	0.0	0.0	0.0	0.0	0.0	0.0	0.0	0.0	0.0	0.0	0.0	0.0	0.0	0.0	0.0	0.0	0.0	0.0	0.0	0.0	0.0	0.0
k__Bacteria;p__Proteobacteria;c__Deltaproteobacteria;o__Myxococcales;f__OM27;g__	0.0	0.0	0.0	0.0	0.0	0.0	0.0	0.0	0.0	0.0	0.0	0.0	0.0	0.0	0.0	0.0	0.0	0.0	0.0	0.0	0.0	0.0	0.0	0.0	0.0
k__Bacteria;p__Proteobacteria;c__Deltaproteobacteria;o__Spirobacillales;f__;g__	9.32922847281e-05	0.0	0.0	0.0	0.0	0.0	0.0	0.0	0.0	0.0	0.0	0.0	0.0	0.0	0.0	0.0	0.0	0.0	0.0	0.0	0.0	0.0	0.0	0.0	0.0
k__Bacteria;p__Proteobacteria;c__Gammaproteobacteria;Other;Other;Other	0.00023323071182	5.4347826087e-05	0.0	9.01469395114e-05	0.0	0.0	2.43054711616e-05	0.0	0.0	0.0	0.0	0.0	0.0	0.0	0.0	0.0	0.0	0.0	0.0	0.0	0.0	0.0	0.0	0.0	0.0
k__Bacteria;p__Proteobacteria;c__Gammaproteobacteria;o__;f__;g__	0.0	0.0	0.0	0.0	0.0	0.0	0.0	0.0	0.0	0.0	0.0	0.0	0.0	0.0	0.0	0.0	0.0	0.0	0.0	0.0	0.0	0.0	0.0	6.51380927566e-05	0.0
k__Bacteria;p__Proteobacteria;c__Gammaproteobacteria;o__Aeromonadales;f__Aeromonadaceae;g__	0.000139938427092	0.000652173913043	0.0	0.0	0.0	0.0	0.0	0.0	0.0	0.0	0.0	0.0	0.0	0.0	2.05338809035e-05	0.0	0.0	0.0	0.0	0.0	0.0	0.0	0.0	0.0	0.0
k__Bacteria;p__Proteobacteria;c__Gammaproteobacteria;o__Alteromonadales;f__Alteromonadaceae;Other	0.0	0.0	0.0	0.0	0.0	0.0	0.0	2.97362395551e-05	0.0	0.0	0.0	0.0	0.0	0.0	0.0	0.0	0.0	0.0	0.0	0.0	0.0	0.0	0.0	0.0	0.0
k__Bacteria;p__Proteobacteria;c__Gammaproteobacteria;o__Alteromonadales;f__Alteromonadaceae;g__Cellvibrio	0.0	0.000434782608696	0.0	0.0	0.0	0.0	0.0	0.000237889916441	0.0	0.0	0.0	0.0	0.0	0.0	0.0	0.0	0.0	0.0	0.0	0.0	0.0	0.0	0.0	0.0	0.0
k__Bacteria;p__Proteobacteria;c__Gammaproteobacteria;o__Alteromonadales;f__[Chromatiaceae];g__	0.000139938427092	0.0	0.0	0.0	0.0	0.0	0.0	0.0	0.0	0.0	0.0	0.0	0.0	0.0	0.0	0.0	0.0	0.0	0.0	0.0	0.0	0.0	0.0	0.0	0.0
k__Bacteria;p__Proteobacteria;c__Gammaproteobacteria;o__Enterobacteriales;f__Enterobacteriaceae;Other	0.00802313648661	0.0417934782609	0.000237276070708	0.000120195919349	7.78694907335e-05	0.000172309813044	7.29164134847e-05	0.000743405988879	2.68564522627e-05	3.51654534585e-05	2.38095238095e-05	8.13162388529e-05	7.52577578205e-05	0.000351262349067	0.000965092402464	0.000317810076698	0.000259072151594	0.00019453360568	0.000190981432361	9.51814396193e-05	7.15956278937e-05	2.10797023546e-05	0.000164999484377	0.000108563487928	5.66872000302e-05
k__Bacteria;p__Proteobacteria;c__Gammaproteobacteria;o__Enterobacteriales;f__Enterobacteriaceae;g__	0.0367105140405	0.0947826086957	0.00106774231819	0.000661077556417	0.00044126044749	0.00169437982826	0.000121527355808	0.0146004936216	0.000590841949778	0.000316489081127	0.000285714285714	0.000162632477706	0.000301031031282	0.00162458836443	0.00457905544148	0.00118649095301	0.000555154610559	0.00106993483124	0.000403183023873	0.000785246876859	0.000214786883681	0.00050591285651	0.000659997937506	0.000477679346882	0.000226748800121
k__Bacteria;p__Proteobacteria;c__Gammaproteobacteria;o__Enterobacteriales;f__Enterobacteriaceae;g__Cronobacter	9.32922847281e-05	0.000108695652174	0.0	0.0	0.0	0.0	0.0	0.0	0.0	0.0	0.0	0.0	0.0	0.0	0.0	0.0	0.0	0.0	0.0	0.0	0.0	0.0	0.0	0.0	0.0
k__Bacteria;p__Proteobacteria;c__Gammaproteobacteria;o__Enterobacteriales;f__Enterobacteriaceae;g__Enterobacter	0.00023323071182	0.00054347826087	0.0	0.0	0.0	0.0	0.0	2.97362395551e-05	0.0	0.0	0.0	0.0	0.0	0.0	0.0	0.0	0.0	1.9453360568e-05	0.0	0.0	0.0	0.0	0.0	0.0	0.0
k__Bacteria;p__Proteobacteria;c__Gammaproteobacteria;o__Enterobacteriales;f__Enterobacteriaceae;g__Erwinia	0.00620393693442	0.0111413043478	9.49104282833e-05	3.00489798371e-05	0.0	0.000258464719566	2.43054711616e-05	0.000237889916441	0.0	0.0	9.52380952381e-05	8.13162388529e-05	2.50859192735e-05	0.000109769484083	0.000513347022587	6.35620153396e-05	9.25257684265e-05	3.89067211361e-05	6.36604774536e-05	7.13860797145e-05	4.77304185958e-05	0.0	4.12498710942e-05	0.0	3.77914666868e-05
k__Bacteria;p__Proteobacteria;c__Gammaproteobacteria;o__Enterobacteriales;f__Enterobacteriaceae;g__Klebsiella	0.0239294710327	0.337173913043	0.00251512634951	0.00207337960876	0.000674868919691	0.00224002756957	0.000559025836716	0.000862350947099	0.000671411306566	0.000773639976087	0.000333333333333	0.000542108259019	0.000752577578205	0.00232711306257	0.0175154004107	0.00230941989067	0.00210958752012	0.00142009532147	0.00116710875332	0.00166567519334	0.000190921674383	0.000526992558865	0.000948747035166	0.00102049678652	0.000661350667019
k__Bacteria;p__Proteobacteria;c__Gammaproteobacteria;o__Enterobacteriales;f__Enterobacteriaceae;g__Morganella	9.32922847281e-05	0.0	0.0	0.0	0.0	0.0	0.0	0.0	0.0	3.51654534585e-05	0.0	0.0	0.0	0.0	0.000102669404517	0.0	0.0	0.0	2.12201591512e-05	0.0	0.0	2.10797023546e-05	0.0	0.0	0.0
k__Bacteria;p__Proteobacteria;c__Gammaproteobacteria;o__Enterobacteriales;f__Enterobacteriaceae;g__Pantoea	0.0	0.0	0.0	0.0	0.0	0.0	0.0	0.0	0.0	0.0	0.0	0.0	0.0	0.0	0.0	0.0	0.0	0.0	0.0	0.0	0.0	0.0	0.0	0.0	0.0
k__Bacteria;p__Proteobacteria;c__Gammaproteobacteria;o__Enterobacteriales;f__Enterobacteriaceae;g__Plesiomonas	4.6646142364e-05	0.000271739130435	0.0	0.0	0.0	0.0	0.0	0.0	0.0	0.0	0.0	0.0	0.0	0.0	0.0	0.0	0.0	0.0	0.0	0.0	0.0	0.0	0.0	0.0	0.0
k__Bacteria;p__Proteobacteria;c__Gammaproteobacteria;o__Enterobacteriales;f__Enterobacteriaceae;g__Proteus	0.0	0.0	0.0	0.0	0.0	0.0	0.0	0.0	0.0	0.0	2.38095238095e-05	0.0	0.0	0.0	0.0	2.11873384465e-05	3.70103073706e-05	0.0	0.0	0.0	0.0	0.0	0.0	0.0	0.0
k__Bacteria;p__Proteobacteria;c__Gammaproteobacteria;o__Enterobacteriales;f__Enterobacteriaceae;g__Providencia	9.32922847281e-05	0.000271739130435	0.0	0.0	0.0	0.0	0.0	0.0	0.0	0.0	0.0	0.0	0.0	0.0	0.000266940451745	0.0	0.000111030922112	0.0	0.0	2.37953599048e-05	0.0	2.10797023546e-05	6.18748066412e-05	0.0	0.0
k__Bacteria;p__Proteobacteria;c__Gammaproteobacteria;o__Enterobacteriales;f__Enterobacteriaceae;g__Serratia	0.0113350125945	0.0355434782609	0.00194566377981	0.000961567354788	0.000389347453668	0.00183797133913	0.0003159711251	0.00130839454043	0.00051027259299	0.000281323627668	0.000357142857143	0.000433686607215	0.000376288789103	0.00217343578485	0.00459958932238	0.00197042247553	0.00168396898536	0.000641960898745	0.00106100795756	0.00104699583581	9.54608371915e-05	0.00082210839183	0.000577498195318	0.000716519020323	0.000434601866898
k__Bacteria;p__Proteobacteria;c__Gammaproteobacteria;o__Enterobacteriales;f__Enterobacteriaceae;g__Trabulsiella	9.32922847281e-05	0.00070652173913	0.0	3.00489798371e-05	0.0	0.0	0.0	5.94724791103e-05	0.0	0.0	0.0	0.0	2.50859192735e-05	0.0	0.0	0.0	1.85051536853e-05	0.0	0.0	0.0	0.0	0.0	0.0	0.0	0.0
k__Bacteria;p__Proteobacteria;c__Gammaproteobacteria;o__Oceanospirillales;f__Halomonadaceae;g__Kushneria	0.0	0.0	0.0	0.0	0.0	0.0	0.0	0.000178417437331	0.0	0.0	0.0	0.0	0.0	0.0	0.0	0.0	0.0	0.0	0.0	0.0	0.0	0.0	0.0	0.0	0.0
k__Bacteria;p__Proteobacteria;c__Gammaproteobacteria;o__Pseudomonadales;f__Moraxellaceae;Other	0.000186584569456	0.000597826086957	0.0	0.0	0.0	0.0	0.0	0.0	0.0	0.0	0.0	0.0	0.0	2.19538968167e-05	0.0	0.0	0.0	0.0	0.0	0.0	0.0	0.0	0.0	0.0	0.0
k__Bacteria;p__Proteobacteria;c__Gammaproteobacteria;o__Pseudomonadales;f__Moraxellaceae;g__Acinetobacter	0.0018191995522	0.00255434782609	0.000213548463637	0.000510832657231	2.59564969112e-05	0.0	9.72218846462e-05	0.0128460554878	8.0569356788e-05	0.0	0.0	0.0	0.0	0.00114160263447	0.00131416837782	0.000211873384465	0.000388608227391	0.000291800408521	0.00036074270557	0.000190362879239	0.0	0.000295115832964	0.000247499226565	6.51380927566e-05	7.55829333736e-05
k__Bacteria;p__Proteobacteria;c__Gammaproteobacteria;o__Pseudomonadales;f__Moraxellaceae;g__Psychrobacter	0.0	0.0	0.0	0.0	0.0	0.0	0.0	8.92087186654e-05	0.0	0.0	0.0	0.0	0.0	0.0	0.0	0.0	0.0	0.0	0.0	0.0	0.0	0.0	0.0	0.0	0.0
k__Bacteria;p__Proteobacteria;c__Gammaproteobacteria;o__Pseudomonadales;f__Pseudomonadaceae;Other	0.00172590726747	0.000217391304348	0.0	0.0	0.0	0.0	0.0	0.0	0.0	0.0	0.0	0.0	0.0	0.0	0.0	0.0	0.0	0.0	0.0	0.0	0.0	0.0	0.0	0.0	0.0
k__Bacteria;p__Proteobacteria;c__Gammaproteobacteria;o__Pseudomonadales;f__Pseudomonadaceae;g__	0.00429144509749	0.000815217391304	0.0	0.0	0.0	0.0	0.0	5.94724791103e-05	0.0	0.0	0.0	0.0	0.0	0.0	0.0	0.000127124030679	0.0	1.9453360568e-05	0.0	0.0	0.0	2.10797023546e-05	0.0	0.0	0.0
k__Bacteria;p__Proteobacteria;c__Gammaproteobacteria;o__Pseudomonadales;f__Pseudomonadaceae;g__Pseudomonas	0.0348446683459	0.0123913043478	9.49104282833e-05	9.01469395114e-05	0.0	0.0	0.0	0.000267626155996	5.37129045253e-05	0.0	0.0	0.0	0.0	6.58616904501e-05	4.1067761807e-05	0.000169498707572	0.0	0.000116720163408	0.0	0.0	0.0	6.32391070638e-05	2.06249355471e-05	0.0	0.0
k__Bacteria;p__Proteobacteria;c__Gammaproteobacteria;o__Thiotrichales;f__Piscirickettsiaceae;g__Methylophaga	0.0	0.0	0.0	0.0	0.0	0.0	0.0	0.000118944958221	0.0	0.0	0.0	0.0	0.0	0.0	0.0	0.0	0.0	0.0	0.0	0.0	0.0	0.0	0.0	0.0	0.0
k__Bacteria;p__Proteobacteria;c__Gammaproteobacteria;o__Xanthomonadales;f__Sinobacteraceae;g__	0.0	0.0	0.00028473128485	0.000120195919349	0.000155738981467	2.8718302174e-05	2.43054711616e-05	0.000148681197776	0.000214851618101	0.0	0.000380952380952	0.0	0.0	8.78155872667e-05	0.000184804928131	8.47493537862e-05	1.85051536853e-05	7.78134422722e-05	0.000233421750663	9.51814396193e-05	0.0	8.43188094184e-05	6.18748066412e-05	4.34253951711e-05	5.66872000302e-05
k__Bacteria;p__Proteobacteria;c__Gammaproteobacteria;o__Xanthomonadales;f__Sinobacteraceae;g__Nevskia	0.0	0.0	0.0	0.0	0.0	0.000114873208696	0.0	0.0	0.0	3.51654534585e-05	0.0	0.0	0.0	0.0	0.0	0.0	0.0	0.0	0.0	2.37953599048e-05	0.0	0.0	0.0	0.0	0.0
k__Bacteria;p__Proteobacteria;c__Gammaproteobacteria;o__Xanthomonadales;f__Xanthomonadaceae;Other	0.00410486052803	0.00489130434783	0.0	0.0	0.0	0.0	0.0	0.000773142228434	0.0	0.0	0.0	0.0	0.0	2.19538968167e-05	0.000123203285421	0.0	0.0	0.0	0.0	2.37953599048e-05	0.0	0.0	0.0	0.0	0.0
k__Bacteria;p__Proteobacteria;c__Gammaproteobacteria;o__Xanthomonadales;f__Xanthomonadaceae;g__	0.0125011661536	0.00902173913043	4.74552141417e-05	9.01469395114e-05	0.0	0.000172309813044	0.000121527355808	0.000178417437331	0.000187995165839	0.0	7.14285714286e-05	0.000108421651804	2.50859192735e-05	0.000109769484083	0.000492813141684	6.35620153396e-05	1.85051536853e-05	3.89067211361e-05	0.0	7.13860797145e-05	0.0	6.32391070638e-05	6.18748066412e-05	4.34253951711e-05	0.000151165866747
k__Bacteria;p__Proteobacteria;c__Gammaproteobacteria;o__Xanthomonadales;f__Xanthomonadaceae;g__Dokdonella	0.000186584569456	0.000652173913043	0.0	0.0	2.59564969112e-05	0.0	2.43054711616e-05	0.0	0.0	3.51654534585e-05	0.0	0.0	0.0	4.39077936334e-05	0.000492813141684	0.0	0.0	0.0	0.0	0.0	0.0	0.0	0.0	0.0	3.77914666868e-05
k__Bacteria;p__Proteobacteria;c__Gammaproteobacteria;o__Xanthomonadales;f__Xanthomonadaceae;g__Luteibacter	0.00251889168766	0.00673913043478	7.11828212125e-05	0.0	0.0	2.8718302174e-05	0.0	0.0	0.000241708070364	3.51654534585e-05	4.7619047619e-05	5.42108259019e-05	0.0	0.000285400658617	0.00145790554415	0.000127124030679	0.000111030922112	7.78134422722e-05	4.24403183024e-05	4.75907198096e-05	0.0	4.21594047092e-05	0.000247499226565	6.51380927566e-05	1.88957333434e-05
k__Bacteria;p__Proteobacteria;c__Gammaproteobacteria;o__Xanthomonadales;f__Xanthomonadaceae;g__Luteimonas	0.0312995615263	0.0016847826087	0.000142365642425	0.000150244899186	0.0	0.000114873208696	0.0	0.000356834874662	0.0	0.0	0.000309523809524	0.0	0.0	0.000241492864984	2.05338809035e-05	0.000593245476503	9.25257684265e-05	0.0	2.12201591512e-05	0.0	0.0	6.32391070638e-05	0.000123749613282	0.0	0.0
k__Bacteria;p__Proteobacteria;c__Gammaproteobacteria;o__Xanthomonadales;f__Xanthomonadaceae;g__Lysobacter	0.0	0.0	0.0	0.0	0.0	0.0	0.0	0.0	0.0	0.0	0.0	0.0	0.0	6.58616904501e-05	0.0	0.0	0.0	0.0	0.0	0.0	0.0	0.0	0.0	0.0	0.0
k__Bacteria;p__Proteobacteria;c__Gammaproteobacteria;o__Xanthomonadales;f__Xanthomonadaceae;g__Pseudoxanthomonas	0.00284541468421	0.00298913043478	0.000166093249496	0.0	2.59564969112e-05	0.0	2.43054711616e-05	2.97362395551e-05	0.0	0.0	0.0	0.0	0.000351202869829	0.0002634467618	0.000431211498973	2.11873384465e-05	0.000185051536853	0.0	0.000212201591512	0.000214158239143	0.0	0.0	0.0	0.0	0.0
k__Bacteria;p__Proteobacteria;c__Gammaproteobacteria;o__Xanthomonadales;f__Xanthomonadaceae;g__Stenotrophomonas	0.282255807445	0.0653260869565	0.000783011033337	0.00276450614502	0.000233608472201	0.00169437982826	0.000340276596262	0.0160575693598	0.000429703236202	0.000562647255336	0.000333333333333	0.000325264955412	0.000752577578205	0.00386388583974	0.0145995893224	0.00300860205941	0.00118432983586	0.0019453360568	0.000763925729443	0.00235574063058	0.000190921674383	0.000674550475347	0.00107249664845	0.00110734757686	0.000434601866898
k__Bacteria;p__Tenericutes;c__Mollicutes;o__RF39;f__;g__	0.0	0.0	0.0	0.0	0.0	0.0	0.0	0.0	0.0	0.0	0.0	0.0	0.0	0.0	0.0	0.0	0.0	0.0	0.0	0.0	0.0	0.0	0.0	0.000151988883099	0.0
k__Bacteria;p__Verrucomicrobia;c__Verrucomicrobiae;o__Verrucomicrobiales;f__Verrucomicrobiaceae;g__	4.6646142364e-05	0.000434782608696	0.0	0.0	0.0	0.0	0.0	0.0	0.0	0.0	0.0	0.0	0.0	0.0	0.0	0.0	0.0	0.0	0.0	0.0	0.0	0.0	0.0	0.0	0.0
k__Bacteria;p__Verrucomicrobia;c__Verrucomicrobiae;o__Verrucomicrobiales;f__Verrucomicrobiaceae;g__Luteolibacter	0.000186584569456	0.000163043478261	0.0	0.0	0.0	0.0	0.0	0.0	0.0	0.0	0.0	0.0	0.0	0.0	0.0	0.0	0.0	0.0	0.0	7.13860797145e-05	0.0	0.0	0.0	0.0	0.0
k__Bacteria;p__Verrucomicrobia;c__Verrucomicrobiae;o__Verrucomicrobiales;f__Verrucomicrobiaceae;g__Prosthecobacter	0.00023323071182	0.000108695652174	0.0	0.0	0.0	0.0	0.0	0.0	0.0	0.0	0.0	0.0	0.0	0.0	0.0	0.0	0.0	0.0	0.0	0.0	0.0	0.0	0.0	0.0	0.0
k__Bacteria;p__Verrucomicrobia;c__[Spartobacteria];o__[Chthoniobacterales];f__[Chthoniobacteraceae];g__Candidatus Xiphinematobacter	4.6646142364e-05	0.0	0.0	0.0	0.0	0.0	0.0	0.0	0.0	0.0	0.0	0.0	0.0	0.0	0.0	0.0	0.0	0.0	0.0	0.0	0.0	0.0	0.0	0.0	0.0
k__Bacteria;p__Verrucomicrobia;c__[Spartobacteria];o__[Chthoniobacterales];f__[Chthoniobacteraceae];g__Chthoniobacter	9.32922847281e-05	5.4347826087e-05	0.0	0.0	0.0	0.0	0.0	0.0	0.0	0.0	0.0	0.0	0.0	0.0	0.0	0.0	0.0	0.0	0.0	0.0	0.0	0.0	0.0	0.0	0.0