Eigvals	22
1.75611165985	0.905916468189	0.32090214507	0.143897606726	0.115702531514	0.0884881225694	0.0386326845654	0.0286372497789	0.0271386473722	0.0185961051392	0.0172725608197	0.0138732594193	0.00934729030541	0.00704918779554	0.00497631027623	0.00354814467481	0.00308804003115	0.000215397664328	0.0	0.0	0.0	0.0

Proportion explained	22
0.501260193605	0.258582568874	0.0915975191346	0.0410737789945	0.0330258460626	0.0252578320985	0.0110272184779	0.00817414615291	0.00774638876726	0.00530802651987	0.00493023728414	0.00395994905189	0.00266806755816	0.00201210282918	0.00142042576763	0.00101277369047	0.000881442552463	6.14825796053e-05	0.0	0.0	0.0	0.0

Species	0	0

Site	22	22
669	-0.19159054296	0.00605301128614	0.0604197005413	-0.0208368916056	-0.00469279493013	0.0157892125018	-0.021599763431	0.0217817096568	-0.00192159727096	0.0422206146281	-0.0215539994521	0.0442165218346	-0.0195959304616	0.0181100183176	0.0255320044864	0.0264330753904	0.00852160562864	-0.00239826285375	-0.0	0.0	0.0	0.0
668	-0.176012025233	0.016775348547	0.046099791855	-0.0267290973693	-0.00906170883729	0.00476767771136	0.0115812874814	0.0143490557381	-0.0293348768851	0.0298035552364	0.0374185512061	-0.00224468137024	-0.0191700156607	-0.0533655023726	0.00289521453902	-0.00970776920945	0.0192914120841	0.00344309222123	-0.0	0.0	0.0	0.0
667	-0.145388227743	0.0133653935839	-0.0376726766834	0.0573648998288	-0.11938020505	0.106437437801	0.0560298698254	-0.113920424825	0.012280615314	0.0247310570695	0.0129108623387	0.0164359975494	0.00667155552576	0.00419616972741	0.00278105275758	0.0029771381801	-0.00410972323553	0.00038935962063	-0.0	0.0	0.0	0.0
665	-0.178252412698	0.00587005842392	0.051981854513	-0.0377461699302	-0.0668472085802	0.0117194622778	-0.0208824752199	0.0373221563613	0.036033520961	-0.0445286378611	0.0760582193327	-0.0152149283725	0.0228642899287	0.0129884018713	0.00163221086643	0.0119899638214	0.0065620501394	-0.00472427800767	-0.0	0.0	0.0	0.0
664	-0.227367717147	-0.0460483285565	0.165331036695	-0.0688749768315	0.0845993774281	-0.0606800147028	0.0985235799277	-0.0237094975544	0.0522160293188	-0.051012355498	-0.0304922560276	0.000398715239909	0.000591338179567	-0.00592176139977	0.00123853311339	-0.00576474666067	0.00502378663099	0.000149412697155	-0.0	0.0	0.0	0.0
663	-0.115155501925	0.0660842811936	-0.134200683833	0.0427635471797	-0.000201309706637	0.00229706600194	0.018992901953	0.0354838196094	0.0184687890128	-0.0201591342172	-0.00598371781754	0.0152280941256	0.0183191086536	-0.032400628534	0.0375895297115	-0.000273869934287	-0.0234800400673	-0.000757882587557	-0.0	0.0	0.0	0.0
662	-0.121678847906	0.0588039509888	-0.102198404626	0.0446604436328	-0.0165807495022	0.0265710106634	0.0234179219392	0.0411470232092	0.0322448413328	0.00966869450934	-0.0275581737374	0.0115369915315	-0.0227174530463	0.0207064819035	-0.0010122045637	-0.0266095316199	0.023450727738	-0.00355060356401	-0.0	0.0	0.0	0.0
660	0.581175971313	0.200386520158	0.162223781841	-0.219255470873	-0.0602494589276	0.0437848837442	0.00682942782582	-0.0145547836904	-0.0200524047484	-0.0101720662253	0.00195893935552	0.00222774270389	-0.00320694327048	0.00145500827325	-0.000269795464071	-0.000992486922888	0.00150772656562	-0.000295647363318	-0.0	0.0	0.0	0.0
692	0.446473065507	-0.713495517221	-0.0398943552623	-0.0180877785863	0.0678502663968	-0.0217097119372	-0.0232759492633	-0.0294076331348	0.0145571673728	-0.00220986182097	-0.00812437494628	0.00158192259068	-0.00112066840513	0.000984110086068	0.00676246930052	0.0016902355627	3.58494477262e-05	-0.000763653084845	-0.0	0.0	0.0	0.0
694	0.151216492614	-0.449489148458	-0.0295079399171	0.0351683454664	-0.108366810125	0.0373277089085	0.0319686748628	0.05489939817	-0.0252270698234	0.00514337431951	0.0128096583795	-0.00343355685124	0.000137241995071	-0.00191463979044	-0.0103889237099	-0.00299175002709	-0.000504732657852	0.00136057865957	-0.0	0.0	0.0	0.0
657	0.52076194142	0.237972554361	-0.140257488182	0.0127036233343	0.16802162842	0.158295789496	0.00595137414306	0.0192875592707	0.00588669407174	0.000661161417721	0.00244549279421	-0.00796624144909	0.00563135872524	-0.000556561584499	-0.00266263151061	0.000732043263164	-0.000879675780383	-4.00103091632e-05	-0.0	0.0	0.0	0.0
658	0.515900260369	0.235799058488	-0.187410170224	-0.0331924369865	-0.0855332046207	-0.181971676205	0.000418018029623	-0.0072866941264	0.00334159826699	0.0136280000097	-0.00624912726364	0.00520223005168	-0.00412754765967	-0.0010775063241	0.00370943182764	0.00193108265223	-0.000296168237019	-0.000118474997686	-0.0	0.0	0.0	0.0
659	0.443861984726	0.148804740978	0.303538974134	0.259850176337	-0.00715834509464	-0.0385294278348	-0.0111595105715	0.00358907639501	0.0158597032365	0.00307886797796	0.00435723862707	-0.000761056774403	0.00565638534647	0.000596210987579	-0.00190156923666	-0.0015566058871	-1.8031548991e-05	0.000620663503757	-0.0	0.0	0.0	0.0
678	-0.167842555346	0.0232337615043	-0.0157896907896	-0.0095776806868	-0.0665606257018	0.0137266217504	-0.0422411229215	-0.0127892241701	-0.0392932340821	0.000983771500453	-0.0379098820591	-0.0535187430042	0.0354644941291	0.0140622608908	0.017464168027	-0.0215009725268	0.0020760152361	-8.75661450382e-05	-0.0	0.0	0.0	0.0
679	-0.210875706045	-0.00278477854518	0.0419613480934	-0.0178759559179	0.103657766968	-0.046111536285	-0.00461651757025	-0.0107587352587	-0.021135192219	0.0497870183208	-0.0151872061566	-0.0162708400098	0.0460137791075	-0.0127710719737	-0.0121902073194	0.0161115860939	0.0122228572752	-0.00268721835193	-0.0	0.0	0.0	0.0
674	-0.186657321177	0.0189796016036	0.0013084941672	-0.0142727564615	0.0684157340659	-0.0394422682645	0.000126776578685	-0.0192699508606	0.0193978190146	0.0421568553486	0.0362547086322	-0.0538044083715	-0.0447902416661	0.00863410567145	-0.000660830580936	-0.00556164261909	-0.0212001794492	-0.00319629679036	-0.0	0.0	0.0	0.0
675	-0.202758972337	-0.00168357351795	0.120404279211	-0.0085970648796	0.0574914014741	0.0043548279147	-0.0683260865621	-0.0134158291945	-0.0434265895517	-0.0338651398055	0.00234221205261	0.00532494557265	-0.0223600447057	0.013756354362	0.0199298422947	-0.00227616018316	-0.00099199175729	0.00533967254804	-0.0	0.0	0.0	0.0
677	-0.146264783595	0.0295201440036	0.0242683551912	0.00549257960097	-0.0881805212961	0.0515532687533	-0.0462461780882	0.0133044918839	0.0137708100468	-0.025686767242	-0.0633661825098	-0.0205627517965	-0.0249274498572	-0.025214220129	-0.0270470747779	0.0169717209928	-0.0102636543501	-0.00191187316136	-0.0	0.0	0.0	0.0
670	-0.150232055429	0.040803415903	-0.0520701283383	-0.022041477173	-0.00593059074831	-0.0132232845138	0.0511174748723	0.0456942557343	0.0202824005945	0.0184310197635	-0.00363004101533	-0.0168369792572	0.00919896902663	0.0275853749444	-0.01026835986	0.0141489920502	-0.00649442500817	0.00944729372306	-0.0	0.0	0.0	0.0
672	-0.101202932079	0.06157502243	-0.159463836466	0.0848811249722	0.0423597087441	-0.0396464329257	0.0424391811175	-0.0215992707318	-0.0984133107698	-0.0532632479195	0.011188099114	0.00589651138285	-0.0123320749941	0.00862065532605	-0.0121385492917	0.010199740992	0.00450029230188	-0.00214865221543	-0.0	0.0	0.0	0.0
673	-0.14199598473	0.0505386545864	-0.164321448744	0.00526071015015	0.0192919123591	-0.0185783343685	-0.093877397234	-0.0398904437899	0.0621610002679	-0.0178344666673	0.0157975560913	0.0221227242964	0.00634298213323	-0.0050677650748	-0.0162493369736	-0.00417841199197	0.00940088273857	0.00359680190405	-0.0	0.0	0.0	0.0
680	-0.1961141296	-0.00106417173943	0.0852492068229	-0.0510576932011	0.0270557372647	-0.0167322804873	-0.0151714876948	0.019743941308	-0.0276967134608	0.0184376871553	0.00651342306144	0.0604417903775	0.0174568669761	0.00659450482149	-0.0247449736356	-0.0217716314164	-0.0243545836945	-0.00166645544543	-0.0	0.0	0.0	0.0

Biplot	0	0

Site constraints	0	0
