# Constructed from biom file
#OTU ID	145	146	147	148	150	151	152	153	155	156	157	158	160	161	162	163	165	166	167	168	170	171
Unassigned;Other;Other;Other;Other;Other	0.00828220858896	0.00755461784523	0.00778356481481	0.00726267169077	0.000515796260477	0.000519054773938	0.000282559043067	0.000521077588453	0.000417288939647	0.00701523909616	0.00162566118309	0.00324058205839	0.000249221183801	0.000451292631036	0.000172481766213	0.000227045681591	0.00140103005308	0.00166834723623	0.000647816477403	0.000446177743993	0.000925634845786	0.00129375951294
k__Bacteria;p__Acidobacteria;c__Acidobacteriia;o__Acidobacteriales;f__Acidobacteriaceae;g__Terriglobus	0.000245398773006	0.000306268291023	0.000202546296296	0.000820469186824	0.0	0.0	0.0	0.0	0.0	0.0	0.0	0.0	0.0	0.0	0.0	0.0	0.0	9.16674305619e-05	9.52671290298e-05	0.0	0.0	0.0
k__Bacteria;p__Acidobacteria;c__[Chloracidobacteria];o__RB41;f__Ellin6075;g__	6.13496932515e-05	0.0	8.68055555556e-05	0.0	0.0	0.0	0.0	0.0	0.0	0.0	0.0	0.0	0.0	0.0	0.0	0.0	0.0	0.0	0.0	0.0	0.0	0.0
k__Bacteria;p__Actinobacteria;c__Acidimicrobiia;o__Acidimicrobiales;f__;g__	9.20245398773e-05	0.0	0.0	0.0	0.0	2.73186723125e-05	0.0	0.0	0.0	0.0	0.0	0.0	6.23052959502e-05	0.0	7.39207569486e-05	0.0	1.9732817649e-05	0.0	0.0	0.0	0.0	0.0
k__Bacteria;p__Actinobacteria;c__Actinobacteria;o__Actinomycetales;Other;Other	0.0	0.0	0.0	0.0	0.0	0.0	0.0	0.0	0.0	7.88229111929e-05	0.0	0.0	0.0	0.0	0.0	0.0	0.0	0.0	0.0	0.0	0.0	0.0
k__Bacteria;p__Actinobacteria;c__Actinobacteria;o__Actinomycetales;f__;g__	0.0	0.0	0.0	0.0	0.0	0.0	0.0	0.0	0.0	0.000131371518655	0.0	0.0	0.0	0.000150430877012	0.0	0.0	0.0	0.0	0.0	0.0	0.0	0.0
k__Bacteria;p__Actinobacteria;c__Actinobacteria;o__Actinomycetales;f__Actinomycetaceae;g__Actinomyces	0.0	0.0	0.0	0.0	0.0	0.0	0.0	0.0	0.0	0.0	0.0	0.0	0.0	0.0	0.000172481766213	0.0	0.0	0.0	0.0	0.0	0.0	0.0
k__Bacteria;p__Actinobacteria;c__Actinobacteria;o__Actinomycetales;f__Beutenbergiaceae;Other	0.0	0.000102089430341	0.0	0.0	0.0	0.0	0.0	0.0	0.0	7.88229111929e-05	0.0	0.0	0.0	0.0	0.0	0.0	0.0	0.0	0.0	0.0	0.0	0.0
k__Bacteria;p__Actinobacteria;c__Actinobacteria;o__Actinomycetales;f__Beutenbergiaceae;g__Salana	0.0	0.000238208670796	0.000115740740741	9.11632429804e-05	0.0	0.0	0.0	0.0	0.0	0.0	0.0	0.0	0.0	0.0	0.0	0.0	0.0	0.000348336236135	1.9053425806e-05	0.0	0.0	0.0
k__Bacteria;p__Actinobacteria;c__Actinobacteria;o__Actinomycetales;f__Bogoriellaceae;g__Georgenia	0.0	0.0	0.0	0.0	0.0	0.0	0.0	0.0	0.0	0.0	0.0	0.0	0.0	0.0	0.0	0.0	0.0	5.50004583372e-05	0.0	0.0	0.0	0.0
k__Bacteria;p__Actinobacteria;c__Actinobacteria;o__Actinomycetales;f__Brevibacteriaceae;g__Brevibacterium	6.13496932515e-05	6.80596202273e-05	2.89351851852e-05	3.03877476601e-05	0.0	0.0	0.0	0.0	0.0	0.000210194429848	0.0	0.0	0.0	0.0	0.0	0.0	0.0	0.0	0.0	0.0	0.0	0.0
k__Bacteria;p__Actinobacteria;c__Actinobacteria;o__Actinomycetales;f__Cellulomonadaceae;Other	0.000184049079755	0.000340298101137	0.000115740740741	9.11632429804e-05	0.0	0.0	0.0	0.0	0.0	0.0	0.0	0.0	0.0	0.0	0.0	0.0	0.0	0.0	0.0	0.0	0.0	0.0
k__Bacteria;p__Actinobacteria;c__Actinobacteria;o__Actinomycetales;f__Cellulomonadaceae;g__Cellulomonas	0.000153374233129	0.000238208670796	0.000260416666667	0.000182326485961	0.0	0.0	0.0	2.60538794226e-05	0.0	0.000131371518655	0.0	0.0	0.0	0.0	0.0	0.0	0.0	0.0	0.0	0.0	0.0	0.0
k__Bacteria;p__Actinobacteria;c__Actinobacteria;o__Actinomycetales;f__Corynebacteriaceae;g__Corynebacterium	0.0	0.0	5.78703703704e-05	0.0	0.0	2.73186723125e-05	0.0	0.0	0.0	0.0	0.0	0.0	0.0	0.0	0.0	0.0	0.0	0.0	0.0	0.0	0.0	0.0
k__Bacteria;p__Actinobacteria;c__Actinobacteria;o__Actinomycetales;f__Dermabacteraceae;g__Brachybacterium	6.13496932515e-05	3.40298101137e-05	2.89351851852e-05	0.000121550990641	0.000107457554266	0.0	0.0	0.000130269397113	0.0	0.000131371518655	0.0	0.0	0.0	0.0	0.0	0.0	0.0	0.0	0.0	0.0	0.0	0.0
k__Bacteria;p__Actinobacteria;c__Actinobacteria;o__Actinomycetales;f__Dietziaceae;g__Dietzia	0.0	0.0	0.0	0.0	0.0	0.0	0.0	0.0	0.0	0.000157645822386	0.0	0.0	0.0	0.0	0.0	0.0	0.0	0.0	0.0	0.0	0.0	0.0
k__Bacteria;p__Actinobacteria;c__Actinobacteria;o__Actinomycetales;f__Geodermatophilaceae;g__	0.000306748466258	0.000136119240455	5.78703703704e-05	9.11632429804e-05	0.0	0.0	0.0	0.0	0.0	0.0	0.0	0.0	0.0	0.0	0.0	0.0	0.0	0.0	0.0	0.0	0.0	0.0
k__Bacteria;p__Actinobacteria;c__Actinobacteria;o__Actinomycetales;f__Gordoniaceae;g__Gordonia	9.20245398773e-05	0.000136119240455	2.89351851852e-05	0.000121550990641	0.0	0.0	0.0	0.0	0.0	0.0	0.0	0.0	0.0	0.0	0.0	0.0	0.0	0.0	0.0	0.0	0.0	0.0
k__Bacteria;p__Actinobacteria;c__Actinobacteria;o__Actinomycetales;f__Intrasporangiaceae;Other	3.06748466258e-05	0.0	0.0	3.03877476601e-05	0.0	0.0	0.0	0.0	0.0	0.000105097214924	0.0	0.0	0.0	0.0	0.0	0.0	0.0	0.0	0.0	0.0	0.0	0.0
k__Bacteria;p__Actinobacteria;c__Actinobacteria;o__Actinomycetales;f__Kineosporiaceae;Other	0.000644171779141	0.000442387531478	0.000694444444444	0.000607754953203	0.0	0.0	0.0	0.0	0.0	0.0	0.0	0.0	0.0	0.0	0.0	0.0	0.0	0.0	0.0	0.0	0.0	0.0
k__Bacteria;p__Actinobacteria;c__Actinobacteria;o__Actinomycetales;f__Kineosporiaceae;g__Kineococcus	9.20245398773e-05	0.0	0.000115740740741	3.03877476601e-05	0.0	0.0	0.0	0.0	0.0	0.0	0.0	0.0	0.0	0.0	0.0	0.0	0.0	0.0	0.0	0.0	0.0	0.0
k__Bacteria;p__Actinobacteria;c__Actinobacteria;o__Actinomycetales;f__Microbacteriaceae;Other	0.000766871165644	0.00132716259443	0.000636574074074	0.000911632429804	0.0	0.0	0.0	0.0	0.0	0.000630583289543	0.0	0.0	0.0	0.0	0.0	0.0	0.0	0.0	0.0	0.0	0.0	1.90258751903e-05
k__Bacteria;p__Actinobacteria;c__Actinobacteria;o__Actinomycetales;f__Microbacteriaceae;g__	0.00153374233129	0.00136119240455	0.00147569444444	0.00127628540173	0.0	0.0	0.0	0.0	0.0	0.000341565948502	0.0	0.0	0.0	0.0	0.0	0.0	1.9732817649e-05	0.0	0.00019053425806	0.0	0.0	0.0
k__Bacteria;p__Actinobacteria;c__Actinobacteria;o__Actinomycetales;f__Microbacteriaceae;g__Agrococcus	6.13496932515e-05	6.80596202273e-05	0.0	0.0	0.0	0.0	0.0	0.0	0.0	0.0	0.0	0.0	0.0	0.0	0.0	0.0	0.0	0.0	0.0	0.0	0.0	0.0
k__Bacteria;p__Actinobacteria;c__Actinobacteria;o__Actinomycetales;f__Microbacteriaceae;g__Agromyces	3.06748466258e-05	0.000102089430341	8.68055555556e-05	0.000121550990641	0.0	0.0	0.0	0.0	0.0	0.0	0.0	0.0	0.0	0.0	0.0	0.0	0.0	0.0	0.0	0.0	0.0	0.0
k__Bacteria;p__Actinobacteria;c__Actinobacteria;o__Actinomycetales;f__Microbacteriaceae;g__Clavibacter	9.20245398773e-05	0.0	0.0	0.0	0.0	0.0	0.0	0.0	0.0	0.0	0.0	0.0	0.0	0.0	0.0	0.0	0.0	0.0	0.0	0.0	0.0	0.0
k__Bacteria;p__Actinobacteria;c__Actinobacteria;o__Actinomycetales;f__Microbacteriaceae;g__Cryocola	0.0	0.0	2.89351851852e-05	6.07754953203e-05	0.0	0.0	0.0	0.0	0.0	0.0	0.0	0.0	0.0	0.0	0.0	0.0	0.0	0.0	0.0	0.0	0.0	0.0
k__Bacteria;p__Actinobacteria;c__Actinobacteria;o__Actinomycetales;f__Microbacteriaceae;g__Curtobacterium	0.00763803680982	0.00255223575852	0.00257523148148	0.00340342773794	0.0	0.0	0.0	0.0	0.0	0.0	0.0	0.0	0.0	0.0	7.39207569486e-05	0.0	7.89312705961e-05	0.0	1.9053425806e-05	3.30502032588e-05	0.0	0.0
k__Bacteria;p__Actinobacteria;c__Actinobacteria;o__Actinomycetales;f__Microbacteriaceae;g__Leucobacter	9.20245398773e-05	3.40298101137e-05	8.68055555556e-05	0.000243101981281	0.0	0.0	2.35465869222e-05	0.0	0.0	0.00357330530741	0.0	0.0	0.0	0.0	0.0	0.0	0.0	0.0	0.0	0.0	0.0	0.0
k__Bacteria;p__Actinobacteria;c__Actinobacteria;o__Actinomycetales;f__Microbacteriaceae;g__Microbacterium	0.00567484662577	0.0233104199279	0.00636574074074	0.00835663060654	0.0	5.46373446251e-05	0.0	0.0	0.0	0.00648975302154	2.42635997477e-05	0.000124637771477	0.0	0.0	7.39207569486e-05	0.0	0.000138129723543	7.33339444495e-05	0.000114320554836	8.26255081469e-05	1.74648084111e-05	0.0
k__Bacteria;p__Actinobacteria;c__Actinobacteria;o__Actinomycetales;f__Microbacteriaceae;g__Pseudoclavibacter	3.06748466258e-05	0.000170149050568	0.0	3.03877476601e-05	0.0	0.0	0.0	0.0	0.0	0.000157645822386	0.0	0.0	0.0	0.0	2.46402523162e-05	0.0	0.0	0.0	0.0	0.0	0.0	0.0
k__Bacteria;p__Actinobacteria;c__Actinobacteria;o__Actinomycetales;f__Micrococcaceae;Other	0.0	6.80596202273e-05	2.89351851852e-05	3.03877476601e-05	0.0	0.0	0.0	0.0	0.0	0.000236468733579	0.0	0.0	0.0	0.0	0.0	0.0	0.0	0.0	0.0	0.0	0.0	0.0
k__Bacteria;p__Actinobacteria;c__Actinobacteria;o__Actinomycetales;f__Micrococcaceae;g__	3.06748466258e-05	0.0	0.000144675925926	3.03877476601e-05	0.0	0.0	0.0	0.0	0.0	0.0112979506043	0.0	0.0	0.0	0.0	0.0	2.27045681591e-05	0.0	7.33339444495e-05	0.0	0.0	0.0	0.0
k__Bacteria;p__Actinobacteria;c__Actinobacteria;o__Actinomycetales;f__Micrococcaceae;g__Arthrobacter	0.0	6.80596202273e-05	2.89351851852e-05	0.0	0.0	0.0	0.0	0.0	0.0	0.0155543878087	2.42635997477e-05	0.0	0.0	0.0	0.0	4.54091363182e-05	0.0	3.66669722248e-05	0.0	0.0	0.0	0.0
k__Bacteria;p__Actinobacteria;c__Actinobacteria;o__Actinomycetales;f__Mycobacteriaceae;g__Mycobacterium	0.00125766871166	0.00166746069557	0.00133101851852	0.00206636684089	2.14915108532e-05	0.0	2.35465869222e-05	2.60538794226e-05	6.58877273127e-05	2.6274303731e-05	0.0	0.0	0.0	4.29802505749e-05	0.0	0.0	0.000236793811788	0.000330002750023	5.71602774179e-05	0.00026440162607	0.000157183275699	1.90258751903e-05
k__Bacteria;p__Actinobacteria;c__Actinobacteria;o__Actinomycetales;f__Nakamurellaceae;g__	3.06748466258e-05	0.0	2.89351851852e-05	3.03877476601e-05	0.0	0.0	0.0	0.0	0.0	0.0	0.0	0.0	0.0	0.0	0.0	0.0	0.0	0.0	0.0	0.0	0.0	0.0
k__Bacteria;p__Actinobacteria;c__Actinobacteria;o__Actinomycetales;f__Nocardiaceae;g__Rhodococcus	0.000306748466258	0.000170149050568	0.000115740740741	0.000151938738301	0.0	0.0	0.0	0.0	0.0	0.000131371518655	2.42635997477e-05	0.0	0.0	0.0	0.0	0.0	0.0	0.0	0.0	0.0	0.0	0.0
k__Bacteria;p__Actinobacteria;c__Actinobacteria;o__Actinomycetales;f__Nocardioidaceae;g__	0.000276073619632	0.000272238480909	8.68055555556e-05	0.000334265224262	0.0	0.0	0.0	0.0	0.0	0.000472937467157	0.0	0.0	0.0	0.0	0.0	0.0	0.0	0.0	0.0	0.0	0.0	0.0
k__Bacteria;p__Actinobacteria;c__Actinobacteria;o__Actinomycetales;f__Nocardioidaceae;g__Aeromicrobium	0.000122699386503	0.0	0.0	6.07754953203e-05	0.0	0.0	0.0	0.0	0.0	0.0	0.0	0.0	0.0	0.0	0.0	0.0	0.0	0.0	0.0	0.0	0.0	0.0
k__Bacteria;p__Actinobacteria;c__Actinobacteria;o__Actinomycetales;f__Nocardioidaceae;g__Nocardioides	9.20245398773e-05	0.000170149050568	0.000115740740741	0.000212714233621	0.0	0.0	0.0	0.0	0.0	0.0	0.0	0.0	0.0	0.0	0.0	0.0	0.0	0.0	0.0	0.0	0.0	0.0
k__Bacteria;p__Actinobacteria;c__Actinobacteria;o__Actinomycetales;f__Promicromonosporaceae;Other	6.13496932515e-05	0.000136119240455	0.0	9.11632429804e-05	0.0	0.0	0.0	0.0	6.58877273127e-05	0.000183920126117	0.0	0.0	0.0	0.0	0.0	0.0	0.0	0.0	3.81068516119e-05	0.0	0.0	0.0
k__Bacteria;p__Actinobacteria;c__Actinobacteria;o__Actinomycetales;f__Promicromonosporaceae;g__Cellulosimicrobium	6.13496932515e-05	0.000204178860682	8.68055555556e-05	0.000182326485961	0.0	0.0	0.0	0.0	0.0	0.0	0.0	0.0	0.0	0.0	0.0	0.0	0.0	0.0	7.62137032238e-05	0.0	0.0	0.0
k__Bacteria;p__Actinobacteria;c__Actinobacteria;o__Actinomycetales;f__Pseudonocardiaceae;g__Pseudonocardia	6.13496932515e-05	6.80596202273e-05	0.0	3.03877476601e-05	0.0	0.0	0.0	0.0	0.0	0.0	0.0	0.0	0.0	0.0	0.0	0.0	0.0	0.0	0.0	0.0	0.0	0.0
k__Bacteria;p__Actinobacteria;c__Thermoleophilia;o__Gaiellales;f__Gaiellaceae;g__	0.0	0.0	0.0	0.0	0.0	0.0	0.0	0.0	0.0	0.000131371518655	0.0	0.0	0.0	0.0	0.0	0.0	0.0	0.0	0.0	0.0	0.0	0.0
k__Bacteria;p__Actinobacteria;c__Thermoleophilia;o__Solirubrobacterales;f__;g__	0.0	0.0	0.0	0.0	0.0	0.0	0.0	0.0	0.0	7.88229111929e-05	0.0	0.0	0.0	0.0	0.0	0.0	0.0	0.0	0.0	0.0	0.0	0.0
k__Bacteria;p__Armatimonadetes;c__Armatimonadia;o__Armatimonadales;f__Armatimonadaceae;g__	0.000122699386503	0.0	0.0	0.000151938738301	0.0	0.0	0.0	0.0	0.0	0.0	0.0	0.0	0.0	0.0	0.0	0.0	0.0	0.0	0.0	0.0	0.0	0.0
k__Bacteria;p__Armatimonadetes;c__[Fimbriimonadia];o__[Fimbriimonadales];f__[Fimbriimonadaceae];g__Fimbriimonas	9.20245398773e-05	3.40298101137e-05	0.0	0.0	0.0	0.0	0.0	0.0	0.0	0.0	0.0	0.0	0.0	0.0	0.0	0.0	0.0	0.0	0.0	0.0	0.0	0.0
k__Bacteria;p__Bacteroidetes;c__Bacteroidia;o__Bacteroidales;f__Porphyromonadaceae;g__Paludibacter	0.0	0.0	0.0	0.0	0.0	0.0	0.0	0.0	0.000307476060792	0.0	0.0	0.0	0.0	0.0	0.0	0.0	0.0	0.0	0.0	0.0	0.0	0.0
k__Bacteria;p__Bacteroidetes;c__Bacteroidia;o__Bacteroidales;f__[Paraprevotellaceae];g__CF231	0.0	0.0	0.0	0.0	0.0	0.0	0.0	0.0	0.0	0.0	0.0	0.0	0.0	0.0	0.0	0.0	0.0	0.000110000916674	0.0	0.0	0.0	0.0
k__Bacteria;p__Bacteroidetes;c__Cytophagia;o__Cytophagales;f__Cytophagaceae;g__	0.000644171779141	0.000306268291023	0.000260416666667	0.000850856934484	0.0	0.0	0.0	0.0	0.000153738030396	0.0	0.0	0.0	0.0	0.0	0.0	0.0	0.0	0.0	0.0	0.0	0.0	0.0
k__Bacteria;p__Bacteroidetes;c__Cytophagia;o__Cytophagales;f__Cytophagaceae;g__Dyadobacter	0.00079754601227	0.000170149050568	0.000231481481481	0.000243101981281	0.0	0.0	0.0	0.0	0.0	7.88229111929e-05	0.0	0.0	0.0	0.0	0.0	0.0	0.0	0.0	0.0	1.65251016294e-05	0.0	0.0
k__Bacteria;p__Bacteroidetes;c__Cytophagia;o__Cytophagales;f__Cytophagaceae;g__Emticicia	6.13496932515e-05	3.40298101137e-05	2.89351851852e-05	6.07754953203e-05	0.0	0.0	0.0	0.0	0.0	0.0	0.0	0.0	0.0	0.0	0.0	0.0	0.0	0.0	0.0	0.0	0.0	0.0
k__Bacteria;p__Bacteroidetes;c__Cytophagia;o__Cytophagales;f__Cytophagaceae;g__Hymenobacter	0.00371165644172	0.000748655822501	0.000491898148148	0.000942020177464	0.0	0.0	0.0	0.0	0.0	0.0	0.0	0.0	0.0	0.0	0.0	0.0	1.9732817649e-05	0.0	0.0	0.0	0.0	0.0
k__Bacteria;p__Bacteroidetes;c__Cytophagia;o__Cytophagales;f__Cytophagaceae;g__Larkinella	0.000460122699387	0.0	0.0	6.07754953203e-05	0.0	0.0	0.0	0.0	0.0	0.0	0.0	0.0	0.0	0.0	0.0	0.0	0.0	0.0	0.0	0.0	0.0	0.0
k__Bacteria;p__Bacteroidetes;c__Cytophagia;o__Cytophagales;f__Cytophagaceae;g__Leadbetterella	3.06748466258e-05	3.40298101137e-05	2.89351851852e-05	9.11632429804e-05	0.0	0.0	0.0	0.0	0.0	0.0	0.0	0.0	0.0	0.0	0.0	0.0	0.0	0.0	0.0	0.0	0.0	0.0
k__Bacteria;p__Bacteroidetes;c__Cytophagia;o__Cytophagales;f__Cytophagaceae;g__Spirosoma	0.00122699386503	0.000952834683182	0.000607638888889	0.000577367205543	0.0	0.0	0.0	0.0	0.0	0.0	0.0	0.0	0.0	0.0	0.0	0.0	0.0	0.0	0.0	0.0	0.0	0.0
k__Bacteria;p__Bacteroidetes;c__Flavobacteriia;o__Flavobacteriales;f__Flavobacteriaceae;g__	0.000920245398773	0.00306268291023	0.000694444444444	0.00142822414003	0.0	0.000136593361563	0.0	5.21077588453e-05	0.0	0.0173147661587	4.85271994953e-05	0.0	0.0	0.0	0.0	0.0	3.94656352981e-05	0.0	0.000247694535477	0.0	5.23944252332e-05	0.0
k__Bacteria;p__Bacteroidetes;c__Flavobacteriia;o__Flavobacteriales;f__Flavobacteriaceae;g__Flavobacterium	0.00177914110429	0.00353910025182	0.00101273148148	0.00182326485961	0.0	0.0	0.0	0.0	0.0	0.000341565948502	0.0	0.0	0.0	0.0	0.0	0.0	0.0	0.000128334402787	5.71602774179e-05	0.0	0.0	0.0
k__Bacteria;p__Bacteroidetes;c__Flavobacteriia;o__Flavobacteriales;f__Flavobacteriaceae;g__Myroides	0.0	0.0	0.0	0.0	0.0	0.0	0.0	0.0	0.0	0.00691014188124	0.0	0.0	0.0	0.0	0.0	0.0	0.0	0.0	0.0	0.0	0.0	0.0
k__Bacteria;p__Bacteroidetes;c__Flavobacteriia;o__Flavobacteriales;f__[Weeksellaceae];g__	0.0	0.0	0.000173611111111	0.000121550990641	0.0	0.0	0.0	0.0	0.0	0.0	0.0	0.0	0.0	0.0	0.0	0.0	0.0	0.0	0.0	0.0	0.0	0.0
k__Bacteria;p__Bacteroidetes;c__Flavobacteriia;o__Flavobacteriales;f__[Weeksellaceae];g__Chryseobacterium	0.0105828220859	0.0143946096781	0.00630787037037	0.0111523033913	6.44745325596e-05	0.000546373446251	0.000141279521533	0.00117242457402	0.000109812878854	0.000157645822386	4.85271994953e-05	3.11594428692e-05	0.0	0.0	0.0	0.000340568522387	0.000690648617716	0.0019250160418	0.000438228793537	0.000677529166804	0.000419155401865	5.70776255708e-05
k__Bacteria;p__Bacteroidetes;c__Flavobacteriia;o__Flavobacteriales;f__[Weeksellaceae];g__Elizabethkingia	0.0	3.40298101137e-05	0.000202546296296	0.0	0.0	0.0	0.0	2.60538794226e-05	0.0	0.0	0.0	0.0	0.0	0.0	0.0	0.0	0.0	1.83334861124e-05	0.0	0.0	0.0	0.0
k__Bacteria;p__Bacteroidetes;c__Flavobacteriia;o__Flavobacteriales;f__[Weeksellaceae];g__Wautersiella	0.000306748466258	0.0	0.000144675925926	6.07754953203e-05	0.0	0.0	0.0	0.0	4.39251515418e-05	0.0485811875985	0.0	0.0	0.0	0.0	0.0	0.0	0.0	0.000110000916674	0.0	0.0	0.0	0.0
k__Bacteria;p__Bacteroidetes;c__Flavobacteriia;o__Flavobacteriales;f__[Weeksellaceae];g__Weeksella	0.0	0.0	8.68055555556e-05	0.0	0.0	0.0	0.0	0.0	0.0	0.0	0.0	0.0	0.0	0.0	0.0	0.0	0.0	0.0	0.0	0.0	0.0	0.0
k__Bacteria;p__Bacteroidetes;c__Sphingobacteriia;o__Sphingobacteriales;f__Sphingobacteriaceae;g__	0.000429447852761	0.000986864493296	0.000983796296296	0.00145861188769	0.0	0.0	0.0	0.0	0.0	0.00141881240147	0.0	0.0	0.0	0.0	0.0	0.0	0.0	1.83334861124e-05	0.0	0.0	0.0	0.0
k__Bacteria;p__Bacteroidetes;c__Sphingobacteriia;o__Sphingobacteriales;f__Sphingobacteriaceae;g__Mucilaginibacter	0.0	6.80596202273e-05	2.89351851852e-05	3.03877476601e-05	0.0	0.0	0.0	0.0	0.0	0.0	0.0	0.0	0.0	0.0	0.0	0.0	0.0	0.0	0.0	0.0	0.0	0.0
k__Bacteria;p__Bacteroidetes;c__Sphingobacteriia;o__Sphingobacteriales;f__Sphingobacteriaceae;g__Pedobacter	0.000736196319018	0.00132716259443	0.000607638888889	0.00106357116811	0.0	0.0	4.70931738445e-05	0.0	0.0	0.00028901734104	0.0	0.0	0.0	0.0	0.0	0.0	0.0	0.0	0.0	0.0	0.0	0.0
k__Bacteria;p__Bacteroidetes;c__Sphingobacteriia;o__Sphingobacteriales;f__Sphingobacteriaceae;g__Sphingobacterium	0.0319325153374	0.133056557544	0.0171875	0.02324662696	0.000494304749624	0.000819560169376	0.000117732934611	0.000521077588453	8.78503030835e-05	0.163951655281	2.42635997477e-05	9.34783286075e-05	0.000560747663551	0.000128940751725	9.85610092647e-05	0.00024975024975	0.00179568640606	0.00568338069484	0.000590656199985	0.000859305284728	0.000227042509344	0.000171232876712
k__Bacteria;p__Bacteroidetes;c__[Saprospirae];o__[Saprospirales];f__Chitinophagaceae;g__	0.00177914110429	0.00163343088546	0.000868055555556	0.000972407925125	0.0	0.0	2.35465869222e-05	0.0	0.0	0.000394114555964	2.42635997477e-05	0.0	0.0	0.0	4.92805046324e-05	9.08182726365e-05	0.0	0.00280502337519	3.81068516119e-05	0.000115675711406	3.49296168221e-05	0.0
k__Bacteria;p__Bacteroidetes;c__[Saprospirae];o__[Saprospirales];f__Chitinophagaceae;g__Chitinophaga	0.0	0.000340298101137	8.68055555556e-05	0.000151938738301	0.000107457554266	0.0	0.0	0.0	0.0	0.0	0.0	0.0	0.0	0.0	0.0	0.0	0.0	0.0	0.0	0.0	0.0	0.0
k__Bacteria;p__Bacteroidetes;c__[Saprospirae];o__[Saprospirales];f__Chitinophagaceae;g__Niabella	0.000153374233129	0.000102089430341	0.000231481481481	0.000395040719582	0.0	0.0	0.0	0.0	0.0	0.0	0.0	0.0	0.0	0.0	0.0	0.0	0.0	0.0	0.0	3.30502032588e-05	0.0	0.0
k__Bacteria;p__Bacteroidetes;c__[Saprospirae];o__[Saprospirales];f__Chitinophagaceae;g__Sediminibacterium	0.0	0.0	0.0	0.0	0.0	0.0	0.0	0.0	0.0	0.0	2.42635997477e-05	9.34783286075e-05	0.0	0.000300861754024	0.0	0.000340568522387	5.91984529471e-05	1.83334861124e-05	0.0	6.61004065175e-05	0.0	0.0
k__Bacteria;p__Chloroflexi;c__Anaerolineae;o__SBR1031;f__A4b;g__	0.0	0.0	0.0	9.11632429804e-05	0.0	0.0	0.0	0.0	0.0	0.0	0.0	0.0	0.0	0.0	0.0	0.0	0.0	0.0	0.0	0.0	0.0	0.0
k__Bacteria;p__Chloroflexi;c__Chloroflexi;o__Herpetosiphonales;f__;g__	0.0	3.40298101137e-05	8.68055555556e-05	0.0	0.0	0.0	0.0	0.0	0.0	0.0	0.0	0.0	0.0	0.0	0.0	0.0	0.0	0.0	0.0	0.0	0.0	0.0
k__Bacteria;p__Cyanobacteria;c__Chloroplast;o__Streptophyta;f__;g__	0.453803680982	0.159361600762	0.385127314815	0.46064786678	0.000171932086826	0.0002185493785	0.000117732934611	0.000468969829608	0.000153738030396	7.88229111929e-05	0.000242635997477	3.11594428692e-05	6.23052959502e-05	6.44703758623e-05	2.46402523162e-05	0.000862773590046	0.00224954121199	0.00209001741681	0.000495389070955	0.000446177743993	0.000873240420553	0.000342465753425
k__Bacteria;p__Cyanobacteria;c__ML635J-21;o__;f__;g__	3.06748466258e-05	0.0	0.0	6.07754953203e-05	0.0	0.0	0.0	0.0	0.0	0.0	0.0	0.0	0.0	0.0	0.0	0.0	0.0	0.0	0.0	0.0	0.0	0.0
k__Bacteria;p__Firmicutes;c__Bacilli;Other;Other;Other	0.0	0.0	0.0	0.0	0.0	0.0	0.0	0.0	0.0	0.0	0.0	0.0	0.0	0.0	7.39207569486e-05	0.0	0.0	1.83334861124e-05	0.0	3.30502032588e-05	0.0	0.0
k__Bacteria;p__Firmicutes;c__Bacilli;o__Bacillales;Other;Other	0.0	0.0	0.0	0.0	0.0	0.000136593361563	0.0	5.21077588453e-05	2.19625757709e-05	0.000157645822386	2.42635997477e-05	0.0	0.00018691588785	2.14901252874e-05	0.0	6.81137044773e-05	0.0	0.0	1.9053425806e-05	0.0	0.0	0.0
k__Bacteria;p__Firmicutes;c__Bacilli;o__Bacillales;f__;g__	0.0	0.0	0.0	0.0	0.0	0.0	0.0	0.0	0.0	0.0	2.42635997477e-05	0.0	0.0	0.0	0.0	0.000227045681591	0.0	0.0	0.0	6.61004065175e-05	0.0	0.0
k__Bacteria;p__Firmicutes;c__Bacilli;o__Bacillales;f__Alicyclobacillaceae;g__Alicyclobacillus	0.0	6.80596202273e-05	0.0	0.0	0.0	8.19560169376e-05	0.000565118086133	2.60538794226e-05	0.0	0.0	0.0	0.000280434985822	0.0	0.0	0.00650502661147	0.0	0.0	0.000110000916674	0.0	0.0	1.74648084111e-05	0.0
k__Bacteria;p__Firmicutes;c__Bacilli;o__Bacillales;f__Bacillaceae;g__	3.06748466258e-05	0.0	0.0	0.000121550990641	8.59660434129e-05	0.00032782406775	4.70931738445e-05	0.000859778020947	0.000900465606606	0.000157645822386	0.000363953996215	0.000405072757299	0.000373831775701	6.44703758623e-05	7.39207569486e-05	0.000227045681591	0.000217060994139	0.000623338527821	0.000304854812895	0.000545328353769	0.000296901742988	0.000456621004566
k__Bacteria;p__Firmicutes;c__Bacilli;o__Bacillales;f__Bacillaceae;g__Bacillus	0.000122699386503	0.000680596202273	0.000115740740741	0.000486203962562	0.0016548463357	0.00510859172244	0.000894770303045	0.018185607837	0.0112009136432	0.000709406200736	0.00145581598486	0.0049543514162	0.0202492211838	0.00156877914598	0.00174945791445	0.00849150849151	0.00149969414133	0.00278668988908	0.00144806036125	0.00237961463463	0.0014146494813	0.00224505327245
k__Bacteria;p__Firmicutes;c__Bacilli;o__Bacillales;f__Paenibacillaceae;Other	0.0	0.0	0.0	0.0	4.29830217064e-05	0.0	4.70931738445e-05	7.81616382679e-05	0.0	0.0	2.42635997477e-05	0.0	0.0001246105919	0.0	0.000123201261581	0.000204341113432	0.0	1.83334861124e-05	3.81068516119e-05	4.95753048881e-05	0.0	5.70776255708e-05
k__Bacteria;p__Firmicutes;c__Bacilli;o__Bacillales;f__Paenibacillaceae;g__Cohnella	0.0	0.0	0.0	0.0	0.000128949065119	0.0	0.0	0.0	0.0	0.0	0.0	0.0	6.23052959502e-05	0.0	0.0	0.0	0.0	0.0	0.0	0.0	0.0	5.70776255708e-05
k__Bacteria;p__Firmicutes;c__Bacilli;o__Bacillales;f__Paenibacillaceae;g__Paenibacillus	0.000766871165644	0.00142925202477	0.000983796296296	0.00112434666343	0.00128949065119	0.00150252697719	0.000965410063811	0.00198009483612	0.000614952121585	0.000683131897005	0.000800698791673	0.000872464400337	0.0125856697819	0.00182666064943	0.00396708062291	0.00435927708655	0.0010458393354	0.00214501787515	0.00413459339989	0.00252834054929	0.00083831080373	0.0037100456621
k__Bacteria;p__Firmicutes;c__Bacilli;o__Bacillales;f__Planococcaceae;Other	0.0	0.0	0.0	0.0	0.0	0.0	2.35465869222e-05	0.0	0.0	7.88229111929e-05	0.0	0.0	0.0	0.0	0.0	0.0	0.0	1.83334861124e-05	0.0	0.0	0.0	0.0
k__Bacteria;p__Firmicutes;c__Bacilli;o__Bacillales;f__Planococcaceae;g__	0.0	0.0	0.0	0.0	0.0	5.46373446251e-05	0.0	2.60538794226e-05	0.0	0.0	0.0	0.0	0.0	0.0	2.46402523162e-05	4.54091363182e-05	0.0	0.0	0.0	0.0	0.0	0.0
k__Bacteria;p__Firmicutes;c__Bacilli;o__Bacillales;f__Planococcaceae;g__Rummeliibacillus	0.0	0.0	0.0	0.0	0.0	0.0	0.0	0.0	0.0	0.000919600630583	0.0	0.0	0.0	0.0	0.0	0.0	0.0	0.0	0.0	0.0	0.0	1.90258751903e-05
k__Bacteria;p__Firmicutes;c__Bacilli;o__Bacillales;f__Planococcaceae;g__Sporosarcina	0.0	0.0	0.0	0.0	0.0	5.46373446251e-05	0.0	0.0	0.0	0.0	0.0	0.0	0.0	0.0	0.0	2.27045681591e-05	0.0	0.0	1.9053425806e-05	0.0	0.0	0.0
k__Bacteria;p__Firmicutes;c__Bacilli;o__Bacillales;f__Staphylococcaceae;g__Jeotgalicoccus	0.0	0.0	0.0	0.0	0.0	0.0	0.0	0.0	0.0	0.0	0.0	0.0	0.0	0.0	0.0	0.000158931977114	0.0	0.0	0.0	0.0	0.0	0.0
k__Bacteria;p__Firmicutes;c__Bacilli;o__Bacillales;f__Staphylococcaceae;g__Staphylococcus	3.06748466258e-05	0.0	0.000115740740741	0.0	0.0	0.0	2.35465869222e-05	0.0	0.0	0.00107724645297	4.85271994953e-05	0.0	0.0	0.0	0.0	0.0	0.0	0.0	0.0	0.0	0.0	5.70776255708e-05
k__Bacteria;p__Firmicutes;c__Bacilli;o__Lactobacillales;Other;Other	0.0	0.0	0.0	0.0	0.000795185901569	0.00188498838956	0.000824130542278	0.00445521338127	0.00342616182026	0.000367840252233	0.000145581598486	0.000716667185991	0.00498442367601	0.000623213633335	0.000862408831066	0.00206611570248	0.000927442429505	0.000275002291686	0.000400121941925	0.000330502032588	0.000122253658877	0.000285388127854
k__Bacteria;p__Firmicutes;c__Bacilli;o__Lactobacillales;f__;g__	9.20245398773e-05	0.0	0.0	0.0	4.29830217064e-05	0.0	2.35465869222e-05	0.0	0.0	7.88229111929e-05	2.42635997477e-05	0.0	0.0001246105919	0.0	2.46402523162e-05	6.81137044773e-05	0.000177595358841	5.50004583372e-05	1.9053425806e-05	1.65251016294e-05	8.73240420553e-05	0.000133181126332
k__Bacteria;p__Firmicutes;c__Bacilli;o__Lactobacillales;f__Aerococcaceae;g__	0.0	0.0	0.0	9.11632429804e-05	0.0	0.0	0.0	0.0	0.0	0.0	0.0	0.0	0.0	0.0	0.0	0.0	0.0	0.0	0.0	0.0	0.0	0.0
k__Bacteria;p__Firmicutes;c__Bacilli;o__Lactobacillales;f__Aerococcaceae;g__Aerococcus	6.13496932515e-05	0.0	0.0	0.0	2.14915108532e-05	0.0	0.0	0.0	0.0	0.0	0.0	0.0	0.0	0.0	0.0	0.0	0.0	1.83334861124e-05	0.0	0.0	0.0	0.0
k__Bacteria;p__Firmicutes;c__Bacilli;o__Lactobacillales;f__Enterococcaceae;Other	9.20245398773e-05	0.0	2.89351851852e-05	6.07754953203e-05	0.0	0.0	0.0	0.0	0.0	0.0015239096164	0.0	0.0	0.0	0.0	2.46402523162e-05	0.0	0.0	3.66669722248e-05	0.0	0.0	1.74648084111e-05	0.0
k__Bacteria;p__Firmicutes;c__Bacilli;o__Lactobacillales;f__Enterococcaceae;g__	0.0	0.0	0.0	0.0	0.0	0.0	0.0	2.60538794226e-05	2.19625757709e-05	7.88229111929e-05	0.0	0.0	0.0	0.0	0.0	0.0	0.0	0.0	0.0	1.65251016294e-05	0.0	0.0
k__Bacteria;p__Firmicutes;c__Bacilli;o__Lactobacillales;f__Enterococcaceae;g__Enterococcus	0.000245398773006	0.000204178860682	0.000115740740741	0.000364652971922	0.0	0.0	0.0	0.0	0.0	0.0292433000525	0.000121317998738	0.000186956657215	0.0	4.29802505749e-05	0.0	0.0	1.9732817649e-05	0.000916674305619	3.81068516119e-05	1.65251016294e-05	8.73240420553e-05	7.6103500761e-05
k__Bacteria;p__Firmicutes;c__Bacilli;o__Lactobacillales;f__Lactobacillaceae;Other	0.000184049079755	0.000102089430341	2.89351851852e-05	3.03877476601e-05	0.000171932086826	0.000628329463188	2.35465869222e-05	0.00127664009171	0.000285513485022	0.000420388859695	0.000339690396467	0.000155797214346	0.000436137071651	0.0075215438506	2.46402523162e-05	0.000317863954228	0.00118396905894	0.000751672930608	0.000304854812895	0.000198301219553	0.000541409060743	5.70776255708e-05
k__Bacteria;p__Firmicutes;c__Bacilli;o__Lactobacillales;f__Lactobacillaceae;g__	0.0	0.0	5.78703703704e-05	0.0	0.000300881151945	0.000300505395438	2.35465869222e-05	0.000859778020947	0.000131775454625	7.88229111929e-05	0.000169845198234	0.000155797214346	0.0	0.00348140029656	2.46402523162e-05	0.000113522840796	0.00116423624129	0.000220001833349	7.62137032238e-05	8.26255081469e-05	0.000139718467288	3.80517503805e-05
k__Bacteria;p__Firmicutes;c__Bacilli;o__Lactobacillales;f__Lactobacillaceae;g__Lactobacillus	0.00131901840491	0.00122507316409	0.0013599537037	0.00145861188769	0.979926928863	0.972654009015	0.991688054816	0.950732114012	0.977861723623	0.53964792433	0.927330518756	0.519988782601	0.931214953271	0.939548277566	0.972969643209	0.973004268459	0.955463030566	0.884480704006	0.965570459569	0.974650494101	0.956337978972	0.927168949772
k__Bacteria;p__Firmicutes;c__Bacilli;o__Lactobacillales;f__Lactobacillaceae;g__Pediococcus	0.0	0.0	0.0	0.0	6.44745325596e-05	0.0	0.0	2.60538794226e-05	0.0	7.88229111929e-05	0.0	0.0	0.0	0.000257881503449	0.0	0.0	0.000532786076524	0.000110000916674	5.71602774179e-05	1.65251016294e-05	0.000139718467288	0.0
k__Bacteria;p__Firmicutes;c__Bacilli;o__Lactobacillales;f__Leuconostocaceae;Other	0.0	0.0	0.0	0.0	0.0	0.0	0.0	0.0	0.0	0.0	0.0	0.0	0.0	0.0	0.0	0.0	0.0	3.66669722248e-05	0.0	0.0	0.0	7.6103500761e-05
k__Bacteria;p__Firmicutes;c__Bacilli;o__Lactobacillales;f__Leuconostocaceae;g__	3.06748466258e-05	6.80596202273e-05	0.000202546296296	6.07754953203e-05	0.000752202879862	0.000245868050813	0.000235465869222	0.000781616382679	0.000153738030396	0.000131371518655	7.2790799243e-05	0.000311594428692	0.0	0.000451292631036	0.0	0.000272454817909	0.0020127474002	0.00436336969475	0.000552549348373	0.000859305284728	0.00033183135981	0.000532724505327
k__Bacteria;p__Firmicutes;c__Bacilli;o__Lactobacillales;f__Leuconostocaceae;g__Leuconostoc	0.000153374233129	0.000102089430341	0.000405092592593	0.000850856934484	0.000300881151945	5.46373446251e-05	7.06397607667e-05	0.000182377155959	2.19625757709e-05	0.0	0.0	0.000218116100084	0.000436137071651	2.14901252874e-05	9.85610092647e-05	0.000476795931341	0.000572251711822	0.00045833715281	0.0	0.000247876524441	0.000436620210276	0.000589802130898
k__Bacteria;p__Firmicutes;c__Bacilli;o__Lactobacillales;f__Leuconostocaceae;g__Weissella	0.000306748466258	0.000204178860682	0.000173611111111	0.000151938738301	0.0	2.73186723125e-05	4.70931738445e-05	0.000130269397113	0.0	0.0	7.2790799243e-05	6.23188857383e-05	0.000249221183801	0.000128940751725	4.92805046324e-05	0.0	0.000572251711822	0.00111834265286	0.000476335645149	0.000396602439105	0.000366760976632	0.000171232876712
k__Bacteria;p__Firmicutes;c__Bacilli;o__Lactobacillales;f__Streptococcaceae;g__Lactococcus	0.000306748466258	0.000578506771932	0.000173611111111	0.000243101981281	0.000128949065119	0.0	0.0	0.000104215517691	4.39251515418e-05	0.0	2.42635997477e-05	0.000124637771477	0.0	6.44703758623e-05	0.000172481766213	0.0	3.94656352981e-05	1.83334861124e-05	0.0	1.65251016294e-05	0.0	0.0
k__Bacteria;p__Firmicutes;c__Bacilli;o__Lactobacillales;f__Streptococcaceae;g__Streptococcus	0.0	0.0	0.0	0.0	0.0	0.0	4.70931738445e-05	0.0	2.19625757709e-05	0.00202312138728	0.0	0.0	0.0	0.0	9.85610092647e-05	0.0	0.0	0.0	0.0	0.0	0.0	0.0
k__Bacteria;p__Firmicutes;c__Bacilli;o__Turicibacterales;f__Turicibacteraceae;g__Turicibacter	3.06748466258e-05	0.0	2.89351851852e-05	6.07754953203e-05	2.14915108532e-05	0.0	4.70931738445e-05	0.0	0.0	0.000761954808198	9.70543989906e-05	0.0	0.0	0.0	0.0	0.0	0.0	0.0	0.0	0.0	0.0	0.0
k__Bacteria;p__Firmicutes;c__Clostridia;o__Clostridiales;Other;Other	0.0	0.0	0.0	0.0	0.000150440575972	0.000136593361563	9.41863476889e-05	0.000260538794226	0.000109812878854	0.000525486074619	9.70543989906e-05	0.0	0.00461059190031	0.000193411127587	0.000246402523162	0.000181636545273	5.91984529471e-05	0.000220001833349	0.000209587683866	0.000115675711406	1.74648084111e-05	7.6103500761e-05
k__Bacteria;p__Firmicutes;c__Clostridia;o__Clostridiales;f__;g__	3.06748466258e-05	0.0	0.0	0.0	8.59660434129e-05	0.00010927468925	0.0	0.000416862070762	0.0	0.00026274303731	2.42635997477e-05	0.0	6.23052959502e-05	0.0	0.000344963532427	0.0	0.0	0.0	0.0	3.30502032588e-05	0.0	5.70776255708e-05
k__Bacteria;p__Firmicutes;c__Clostridia;o__Clostridiales;f__Christensenellaceae;g__	0.0	0.0	0.0	0.0	0.0	0.0	0.0	0.0	0.0	0.0	0.0	0.0	0.0	0.0	0.000123201261581	0.0	0.0	0.0	0.0	0.0	0.0	0.0
k__Bacteria;p__Firmicutes;c__Clostridia;o__Clostridiales;f__Clostridiaceae;g__	6.13496932515e-05	0.0	0.0	0.0	0.000257898130239	8.19560169376e-05	7.06397607667e-05	0.000208431035381	0.0	0.000315291644771	9.70543989906e-05	0.000218116100084	0.000436137071651	0.000429802505749	0.00179873841908	0.000635727908455	0.0	1.83334861124e-05	0.0	0.0	0.0	1.90258751903e-05
k__Bacteria;p__Firmicutes;c__Clostridia;o__Clostridiales;f__Clostridiaceae;g__Clostridium	6.13496932515e-05	0.0	0.000144675925926	0.000121550990641	2.14915108532e-05	2.73186723125e-05	0.0	0.000416862070762	0.0	0.0	0.000169845198234	0.000186956657215	0.000436137071651	8.59605011497e-05	0.00162625665287	0.000613023340296	0.0	0.000293335777798	0.0	8.26255081469e-05	0.0	5.70776255708e-05
k__Bacteria;p__Firmicutes;c__Clostridia;o__Clostridiales;f__Clostridiaceae;g__SMB53	0.0	0.0	0.0	0.0	0.0	0.0	2.35465869222e-05	0.0	0.0	7.88229111929e-05	0.0	0.0	0.0001246105919	0.0	7.39207569486e-05	0.0	0.0	0.0	0.0	0.0	0.0	0.0
k__Bacteria;p__Firmicutes;c__Clostridia;o__Clostridiales;f__Lachnospiraceae;Other	0.0	0.0	0.0	0.0	0.0	0.0	0.0	0.0	0.0	0.0	0.0	0.0	0.0	0.0	0.0	0.0	0.0	5.50004583372e-05	0.0	0.0	0.0	0.0
k__Bacteria;p__Firmicutes;c__Clostridia;o__Clostridiales;f__Lachnospiraceae;g__	0.000552147239264	0.0	0.000202546296296	0.000577367205543	0.000365355684505	0.000573692118563	0.000117732934611	0.00112031681517	0.000439251515418	0.00084077771939	0.000363953996215	0.000342753871561	0.0181308411215	0.000365332129886	0.00120737236349	0.000976296430842	0.000335457900034	0.00188834906958	0.000685923329015	0.000677529166804	0.000139718467288	0.00070395738204
k__Bacteria;p__Firmicutes;c__Clostridia;o__Clostridiales;f__Lachnospiraceae;g__Clostridium	0.0	0.0	0.0	0.0	0.0	0.0	0.0	0.0	0.0	0.000105097214924	0.0	0.0	0.0	0.0	0.0	0.0	0.0	0.0	0.0	0.0	0.0	0.0
k__Bacteria;p__Firmicutes;c__Clostridia;o__Clostridiales;f__Lachnospiraceae;g__Coprococcus	9.20245398773e-05	0.000170149050568	2.89351851852e-05	0.000182326485961	0.000429830217064	0.00032782406775	0.000282559043067	0.000364754311917	0.000417288939647	0.000735680504467	0.000752171592177	0.000654348300252	0.00249221183801	0.00116046676552	0.00142913463434	0.000817364453728	0.000966908064803	0.00262168851407	0.000952671290298	0.00109065670754	0.000646197911209	0.000285388127854
k__Bacteria;p__Firmicutes;c__Clostridia;o__Clostridiales;f__Peptostreptococcaceae;Other	0.0	0.0	0.0	0.0	0.0	0.0	0.0	0.0	0.0	0.000105097214924	0.0	0.0	0.0	0.0	0.0	0.0	0.0	0.0	0.0	0.0	0.0	0.0
k__Bacteria;p__Firmicutes;c__Clostridia;o__Clostridiales;f__Peptostreptococcaceae;g__	0.0	0.0	0.0	0.0	0.0	2.73186723125e-05	0.0	5.21077588453e-05	0.0	0.0	0.0	0.0	0.0	0.0	0.0	0.0	0.0	0.0	0.0	0.0	0.0	0.0
k__Bacteria;p__Firmicutes;c__Clostridia;o__Clostridiales;f__Ruminococcaceae;g__	0.0	0.0	0.0	0.0	0.0	0.0	0.0	0.0	0.0	0.0	0.0	0.0	0.0	0.0	0.0	0.0	0.0	0.0	0.0	0.0	0.0	0.000266362252664
k__Bacteria;p__Firmicutes;c__Clostridia;o__Clostridiales;f__Veillonellaceae;g__	6.13496932515e-05	0.0	0.0	0.0	0.0	0.0	0.0	0.0	0.0	2.6274303731e-05	0.0	0.0	0.0	0.0	0.000172481766213	0.0	0.0	0.000201668347236	3.81068516119e-05	0.0	0.0	7.6103500761e-05
k__Bacteria;p__Fusobacteria;c__Fusobacteriia;o__Fusobacteriales;f__Leptotrichiaceae;g__Leptotrichia	0.0	0.0	0.0	0.0	0.0	0.0	0.0	0.0	0.0	0.0	0.0	0.0	0.0	0.0	0.000197122018529	0.0	0.0	0.0	0.0	0.0	0.0	0.0
k__Bacteria;p__Gemmatimonadetes;c__Gemm-3;o__;f__;g__	0.0	3.40298101137e-05	0.0	0.000182326485961	0.0	0.0	0.0	0.0	0.0	0.0	0.0	0.0	0.0	0.0	0.0	0.0	0.0	0.0	0.0	0.0	0.0	0.0
k__Bacteria;p__Gemmatimonadetes;c__Gemmatimonadetes;o__Gemmatimonadales;f__;g__	9.20245398773e-05	0.0	0.0	0.0	0.0	0.0	0.0	0.0	0.0	0.0	0.0	0.0	0.0	0.0	0.0	0.0	0.0	0.0	0.0	0.0	0.0	0.0
k__Bacteria;p__Planctomycetes;c__Phycisphaerae;o__WD2101;f__;g__	6.13496932515e-05	0.0	0.0	3.03877476601e-05	0.0	0.0	0.0	0.0	0.0	0.0	0.0	0.0	0.0	0.0	0.0	0.0	0.0	0.0	0.0	0.0	0.0	0.0
k__Bacteria;p__Planctomycetes;c__Planctomycetia;o__Gemmatales;f__Gemmataceae;g__Gemmata	6.13496932515e-05	0.0	0.0	0.0	0.0	0.0	0.0	0.0	0.0	0.0	0.0	0.0	0.0	0.0	0.0	0.0	5.91984529471e-05	0.0	0.0	0.0	0.000139718467288	0.0
k__Bacteria;p__Planctomycetes;c__Planctomycetia;o__Gemmatales;f__Isosphaeraceae;g__	0.000153374233129	0.000272238480909	0.000202546296296	0.000212714233621	0.0	0.0	0.0	0.0	0.0	0.0	0.0	0.0	0.0	0.0	0.0	0.0	0.0	0.0	0.0	1.65251016294e-05	0.0	0.0
k__Bacteria;p__Planctomycetes;c__Planctomycetia;o__Pirellulales;f__Pirellulaceae;g__	0.0	3.40298101137e-05	5.78703703704e-05	0.0	0.0	0.0	0.0	0.0	0.0	0.0	0.0	0.0	0.0	0.0	0.0	0.0	0.0	0.0	0.0	0.0	0.0	0.0
k__Bacteria;p__Planctomycetes;c__Planctomycetia;o__Planctomycetales;f__Planctomycetaceae;g__Planctomyces	0.000337423312883	6.80596202273e-05	8.68055555556e-05	0.0	0.0	0.0	0.0	0.0	0.0	0.0	0.0	0.0	0.0	0.0	0.0	0.0	0.0	0.0	0.0	0.0	0.0	0.0
k__Bacteria;p__Proteobacteria;Other;Other;Other;Other	0.000122699386503	0.000204178860682	0.0	9.11632429804e-05	0.0	0.0	0.0	0.0	0.0	0.0	0.0	0.0	0.0	0.0	0.0	0.0	0.0	0.0	0.0	0.0	0.0	0.0
k__Bacteria;p__Proteobacteria;c__Alphaproteobacteria;Other;Other;Other	0.0	3.40298101137e-05	5.78703703704e-05	6.07754953203e-05	0.0	0.0	0.0	0.0	0.0	0.0	2.42635997477e-05	3.11594428692e-05	0.0	0.0	0.0	0.0	0.0	0.0	0.0	0.0	0.0	0.0
k__Bacteria;p__Proteobacteria;c__Alphaproteobacteria;o__;f__;g__	0.0	0.0	0.0	0.0	0.0	0.0	2.35465869222e-05	0.0	0.0	0.0	0.0	0.0	0.0	0.0	0.0	0.0	7.89312705961e-05	7.33339444495e-05	1.9053425806e-05	3.30502032588e-05	0.0	0.0
k__Bacteria;p__Proteobacteria;c__Alphaproteobacteria;o__BD7-3;f__;g__	9.20245398773e-05	0.000102089430341	0.000115740740741	3.03877476601e-05	0.0	8.19560169376e-05	0.0	0.0	0.0	0.0	0.0	0.0	0.0	0.0	0.0	0.0	0.0	0.0	0.0	6.61004065175e-05	0.0	0.0
k__Bacteria;p__Proteobacteria;c__Alphaproteobacteria;o__Caulobacterales;f__Caulobacteraceae;Other	3.06748466258e-05	3.40298101137e-05	2.89351851852e-05	3.03877476601e-05	4.29830217064e-05	2.73186723125e-05	2.35465869222e-05	2.60538794226e-05	0.0	5.25486074619e-05	0.0	0.0	0.0	0.0	0.0	2.27045681591e-05	0.0	3.66669722248e-05	0.0	0.0	0.0	0.0
k__Bacteria;p__Proteobacteria;c__Alphaproteobacteria;o__Caulobacterales;f__Caulobacteraceae;g__	0.00230061349693	0.00404954740353	0.00159143518519	0.00337303999028	2.14915108532e-05	0.0	4.70931738445e-05	0.000156323276536	0.0	0.000131371518655	0.0	0.0	0.0	0.0	0.0	4.54091363182e-05	7.89312705961e-05	9.16674305619e-05	0.000209587683866	9.91506097763e-05	0.000227042509344	1.90258751903e-05
k__Bacteria;p__Proteobacteria;c__Alphaproteobacteria;o__Caulobacterales;f__Caulobacteraceae;g__Asticcacaulis	9.20245398773e-05	6.80596202273e-05	0.0	0.0	0.0	2.73186723125e-05	0.0	0.0	0.0	0.0	0.0	0.0	0.0	0.0	0.0	0.0	0.0	0.0	0.0	0.0	0.0	0.0
k__Bacteria;p__Proteobacteria;c__Alphaproteobacteria;o__Caulobacterales;f__Caulobacteraceae;g__Brevundimonas	0.000122699386503	0.000102089430341	2.89351851852e-05	3.03877476601e-05	0.0	0.0	0.0	0.0	0.0	0.00995796111403	0.0	0.0	0.0	0.0	0.0	0.0	0.0	0.0	0.0	0.0	0.0	0.0
k__Bacteria;p__Proteobacteria;c__Alphaproteobacteria;o__Caulobacterales;f__Caulobacteraceae;g__Caulobacter	0.000153374233129	6.80596202273e-05	2.89351851852e-05	9.11632429804e-05	0.0	0.0	0.0	0.0	0.0	0.0	0.0	0.0	0.0	0.0	0.0	0.0	0.0	0.0	0.0	0.0	0.0	0.0
k__Bacteria;p__Proteobacteria;c__Alphaproteobacteria;o__Caulobacterales;f__Caulobacteraceae;g__Mycoplana	3.06748466258e-05	0.000986864493296	5.78703703704e-05	9.11632429804e-05	0.0	0.0	0.0	0.0	0.0	2.6274303731e-05	0.0	0.0	0.0	0.0	0.0	0.0	0.0	0.0	0.0	0.0	0.0	0.0
k__Bacteria;p__Proteobacteria;c__Alphaproteobacteria;o__Caulobacterales;f__Caulobacteraceae;g__Phenylobacterium	0.000398773006135	0.000442387531478	0.000578703703704	0.000546979457883	0.000107457554266	0.00010927468925	0.0	0.000104215517691	0.0	5.25486074619e-05	0.0	0.000186956657215	0.0	0.0	0.0	0.000136227408955	0.0	0.000220001833349	0.0	0.0	1.74648084111e-05	5.70776255708e-05
k__Bacteria;p__Proteobacteria;c__Alphaproteobacteria;o__Rhizobiales;Other;Other	0.000276073619632	0.000238208670796	0.000462962962963	0.000243101981281	0.0	0.0	2.35465869222e-05	0.0	0.0	0.000105097214924	0.0	0.0	0.0	0.0	0.0	0.0	0.0	0.0	0.0	0.0	0.0	0.0
k__Bacteria;p__Proteobacteria;c__Alphaproteobacteria;o__Rhizobiales;f__;g__	0.000521472392638	0.000884775062955	0.00083912037037	0.00118512215875	0.0	0.0	0.0	0.0	0.0	0.0	0.0	0.0	0.0	0.0	0.0	0.0	5.91984529471e-05	0.000220001833349	5.71602774179e-05	6.61004065175e-05	0.0	0.0
k__Bacteria;p__Proteobacteria;c__Alphaproteobacteria;o__Rhizobiales;f__Aurantimonadaceae;g__	0.000889570552147	0.00176955012591	0.000954861111111	0.00115473441109	0.0	0.0	0.0	0.0	0.0	0.0	0.0	0.0	0.000311526479751	0.0	0.0	0.0	0.0	0.000238335319461	0.0	9.91506097763e-05	5.23944252332e-05	0.0
k__Bacteria;p__Proteobacteria;c__Alphaproteobacteria;o__Rhizobiales;f__Bradyrhizobiaceae;Other	6.13496932515e-05	0.000102089430341	8.68055555556e-05	9.11632429804e-05	2.14915108532e-05	0.0	0.0	0.0	0.0	0.0	0.0	0.0	0.0	0.0	0.0	0.0	0.0	0.0	0.0	1.65251016294e-05	0.0	0.0
k__Bacteria;p__Proteobacteria;c__Alphaproteobacteria;o__Rhizobiales;f__Bradyrhizobiaceae;g__	9.20245398773e-05	0.000272238480909	0.000231481481481	0.000182326485961	4.29830217064e-05	0.0	0.0	0.0	0.0	2.6274303731e-05	0.0	9.34783286075e-05	0.0	0.000107450626437	0.000369603784743	0.0	0.0	0.000146667888899	1.9053425806e-05	3.30502032588e-05	0.0	0.0
k__Bacteria;p__Proteobacteria;c__Alphaproteobacteria;o__Rhizobiales;f__Bradyrhizobiaceae;g__Balneimonas	3.06748466258e-05	3.40298101137e-05	5.78703703704e-05	0.0	0.0	0.0	0.0	0.0	0.0	0.0	0.0	0.0	0.0	0.0	0.0	0.0	0.0	0.0	0.0	0.0	0.0	0.0
k__Bacteria;p__Proteobacteria;c__Alphaproteobacteria;o__Rhizobiales;f__Bradyrhizobiaceae;g__Bosea	0.000552147239264	0.000850745252841	0.00083912037037	0.000364652971922	8.59660434129e-05	0.0	0.0	0.0	0.0	0.0	0.0	0.0	0.0	0.0	0.0	0.0	0.0	3.66669722248e-05	3.81068516119e-05	0.0	0.0	0.0
k__Bacteria;p__Proteobacteria;c__Alphaproteobacteria;o__Rhizobiales;f__Brucellaceae;Other	0.000122699386503	6.80596202273e-05	8.68055555556e-05	6.07754953203e-05	0.0	0.0	0.0	0.0	0.0	0.00609563846558	0.0	0.0	0.0	0.0	0.0	0.0	0.0	0.0	0.0	0.0	0.0	0.0
k__Bacteria;p__Proteobacteria;c__Alphaproteobacteria;o__Rhizobiales;f__Brucellaceae;g__	3.06748466258e-05	6.80596202273e-05	0.0	3.03877476601e-05	0.0	0.0	0.0	0.0	0.0	0.0	0.0	0.0	0.0	0.0	0.0	0.0	0.0	0.0	0.0	0.0	0.0	0.0
k__Bacteria;p__Proteobacteria;c__Alphaproteobacteria;o__Rhizobiales;f__Brucellaceae;g__Ochrobactrum	0.00426380368098	0.00857551214864	0.00439814814815	0.00923787528868	8.59660434129e-05	0.00103810954788	7.06397607667e-05	0.000130269397113	0.0	0.00199684708355	7.2790799243e-05	0.0	0.0	0.000107450626437	2.46402523162e-05	0.0	1.9732817649e-05	0.00284169034742	0.00148616721286	0.000165251016294	0.0	0.000228310502283
k__Bacteria;p__Proteobacteria;c__Alphaproteobacteria;o__Rhizobiales;f__Hyphomicrobiaceae;g__Devosia	0.00288343558282	0.00227999727762	0.00367476851852	0.00382885620518	6.44745325596e-05	0.0002185493785	0.0	0.0	0.0	0.000446663163426	0.0	0.0	0.0	0.0	4.92805046324e-05	0.0	0.000217060994139	0.000238335319461	5.71602774179e-05	9.91506097763e-05	1.74648084111e-05	0.0
k__Bacteria;p__Proteobacteria;c__Alphaproteobacteria;o__Rhizobiales;f__Hyphomicrobiaceae;g__Hyphomicrobium	9.20245398773e-05	0.0	0.0	0.0	0.0	0.0	0.0	0.0	0.0	0.0	0.0	0.0	0.0	0.0	0.0	0.0	0.0	0.0	0.0	0.0	0.0	0.0
k__Bacteria;p__Proteobacteria;c__Alphaproteobacteria;o__Rhizobiales;f__Hyphomicrobiaceae;g__Rhodoplanes	0.000122699386503	6.80596202273e-05	0.000144675925926	3.03877476601e-05	0.0	0.0	0.0	0.0	0.0	0.0	0.0	0.0	0.0	0.0	0.0	0.0	0.0	0.000201668347236	0.0	0.0	0.0	0.0
k__Bacteria;p__Proteobacteria;c__Alphaproteobacteria;o__Rhizobiales;f__Methylobacteriaceae;g__	0.0113803680982	0.0087116313891	0.00810185185185	0.00920748754102	0.000128949065119	0.000437098757	2.35465869222e-05	2.60538794226e-05	8.78503030835e-05	0.0	4.85271994953e-05	0.0	0.0	0.000107450626437	0.0	9.08182726365e-05	0.000236793811788	7.33339444495e-05	1.9053425806e-05	0.000198301219553	5.23944252332e-05	0.0
k__Bacteria;p__Proteobacteria;c__Alphaproteobacteria;o__Rhizobiales;f__Methylobacteriaceae;g__Methylobacterium	0.00371165644172	0.00245014632818	0.00269097222222	0.00246140756047	0.0	5.46373446251e-05	2.35465869222e-05	0.0	0.0	0.0	0.0	0.0	0.0	0.0	0.0	0.0	0.000256526629437	9.16674305619e-05	0.000285801387089	4.95753048881e-05	0.000227042509344	1.90258751903e-05
k__Bacteria;p__Proteobacteria;c__Alphaproteobacteria;o__Rhizobiales;f__Methylocystaceae;g__	0.000368098159509	0.00037432791125	0.000491898148148	9.11632429804e-05	0.0	8.19560169376e-05	0.0	0.0	0.0	0.0	0.0	0.0	0.0	0.0	0.0	0.0	3.94656352981e-05	0.000330002750023	0.0	0.0	0.0	1.90258751903e-05
k__Bacteria;p__Proteobacteria;c__Alphaproteobacteria;o__Rhizobiales;f__Phyllobacteriaceae;Other	3.06748466258e-05	0.0	8.68055555556e-05	0.0	0.0	0.0	0.0	0.0	0.0	0.000105097214924	0.0	0.0	0.0	0.0	0.0	0.0	0.0	3.66669722248e-05	1.9053425806e-05	0.0	0.0	0.0
k__Bacteria;p__Proteobacteria;c__Alphaproteobacteria;o__Rhizobiales;f__Phyllobacteriaceae;g__	0.000184049079755	0.0	0.000202546296296	0.000516591710222	0.0	0.0	0.0	0.0	0.0	2.6274303731e-05	0.0	0.0	0.0	0.0	0.0	0.0	0.0	0.0	0.0	0.0	0.0	0.0
k__Bacteria;p__Proteobacteria;c__Alphaproteobacteria;o__Rhizobiales;f__Phyllobacteriaceae;g__Aminobacter	0.0	0.0	2.89351851852e-05	6.07754953203e-05	0.0	0.0	0.0	0.0	0.0	0.0	0.0	0.0	0.0	0.0	0.0	0.0	0.0	0.0	0.0	0.0	0.0	0.0
k__Bacteria;p__Proteobacteria;c__Alphaproteobacteria;o__Rhizobiales;f__Phyllobacteriaceae;g__Mesorhizobium	6.13496932515e-05	0.000136119240455	8.68055555556e-05	0.000121550990641	0.0	0.0	0.0	0.0	0.0	0.0	0.0	0.0	0.0	0.0	0.0	0.0	0.0	0.000110000916674	9.52671290298e-05	0.0	0.0	0.0
k__Bacteria;p__Proteobacteria;c__Alphaproteobacteria;o__Rhizobiales;f__Rhizobiaceae;Other	0.000613496932515	0.000986864493296	0.000636574074074	0.000942020177464	0.0	0.0	0.0	0.0	0.0	0.000157645822386	0.0	0.0	0.0	0.0	0.0	0.0	1.9732817649e-05	0.000183334861124	0.0	1.65251016294e-05	3.49296168221e-05	0.0
k__Bacteria;p__Proteobacteria;c__Alphaproteobacteria;o__Rhizobiales;f__Rhizobiaceae;g__	0.00343558282209	0.00210984822705	0.0037037037037	0.00471010088732	0.000236406619385	0.000191230706188	0.0	0.0	4.39251515418e-05	0.0	0.0	0.0	0.0	0.0	0.000221762270846	0.0	0.000157862541192	5.50004583372e-05	0.000247694535477	0.000165251016294	0.000104788850466	0.0
k__Bacteria;p__Proteobacteria;c__Alphaproteobacteria;o__Rhizobiales;f__Rhizobiaceae;g__Agrobacterium	0.0130674846626	0.0307969781529	0.0118634259259	0.0168044244561	0.000236406619385	0.000136593361563	9.41863476889e-05	0.000442915950185	6.58877273127e-05	0.000604308985812	7.2790799243e-05	0.000155797214346	6.23052959502e-05	0.000300861754024	0.0	0.000113522840796	0.000986640882452	0.00199834998625	0.00171480832254	0.000231351422811	0.000506479443921	0.000361491628615
k__Bacteria;p__Proteobacteria;c__Alphaproteobacteria;o__Rhizobiales;f__Rhizobiaceae;g__Kaistia	0.000889570552147	0.000918804873069	0.0013599537037	0.00121550990641	0.0	2.73186723125e-05	0.0	0.0	0.0	0.0	0.0	0.0	0.0	0.0	0.0	0.0	0.0	0.0	0.0	0.0	0.0	0.0
k__Bacteria;p__Proteobacteria;c__Alphaproteobacteria;o__Rhizobiales;f__Rhizobiaceae;g__Rhizobium	0.00079754601227	0.00125910297421	0.000868055555556	0.00139783639237	0.0	0.0	0.0	0.0	0.0	0.0	9.70543989906e-05	0.0	0.0	0.0	0.0	0.0	0.000276259447086	0.000403336694472	0.000152427406448	1.65251016294e-05	0.0	0.0
k__Bacteria;p__Proteobacteria;c__Alphaproteobacteria;o__Rhizobiales;f__Xanthobacteraceae;g__Labrys	0.0	3.40298101137e-05	5.78703703704e-05	0.000121550990641	0.0	0.0	0.0	0.0	0.0	0.0	0.0	0.0	0.0	0.0	0.0	0.0	1.9732817649e-05	0.0	0.0	0.0	0.0	0.0
k__Bacteria;p__Proteobacteria;c__Alphaproteobacteria;o__Rhodobacterales;f__Hyphomonadaceae;g__	9.20245398773e-05	0.0	2.89351851852e-05	0.0	0.0	0.0	0.0	0.0	0.0	0.0	0.0	0.0	0.0	0.0	0.0	0.0	0.0	0.0	0.0	0.0	0.0	0.0
k__Bacteria;p__Proteobacteria;c__Alphaproteobacteria;o__Rhodobacterales;f__Rhodobacteraceae;Other	0.000122699386503	3.40298101137e-05	0.0	9.11632429804e-05	0.0	0.0	0.0	0.0	2.19625757709e-05	0.00105097214924	0.0	0.0	0.0	0.0	0.0	0.0	0.0	1.83334861124e-05	0.0	0.0	0.0	0.0
k__Bacteria;p__Proteobacteria;c__Alphaproteobacteria;o__Rhodobacterales;f__Rhodobacteraceae;g__	0.0	0.0	0.0	0.0	0.0	0.0	0.0	0.0	0.0	0.000683131897005	0.0	0.0	0.0	0.0	0.0	0.0	0.0	0.0	0.0	0.0	0.0	0.0
k__Bacteria;p__Proteobacteria;c__Alphaproteobacteria;o__Rhodobacterales;f__Rhodobacteraceae;g__Anaerospora	0.0	0.0	0.0	0.0	0.0	0.0	0.0	0.0	0.0	0.000394114555964	0.0	0.0	0.0	0.0	0.0	0.0	0.0	0.0	0.0	0.0	0.0	0.0
k__Bacteria;p__Proteobacteria;c__Alphaproteobacteria;o__Rhodobacterales;f__Rhodobacteraceae;g__Jannaschia	0.0	0.0	0.0	0.0	0.0	0.0	0.0	0.0	0.0	0.0011035207567	0.0	0.0	0.0	0.0	0.0	0.0	0.0	0.0	0.0	0.0	0.0	0.0
k__Bacteria;p__Proteobacteria;c__Alphaproteobacteria;o__Rhodobacterales;f__Rhodobacteraceae;g__Paracoccus	6.13496932515e-05	0.0	0.000173611111111	0.0	0.0	0.0	0.0	0.0	0.0	0.00457172884919	0.0	0.0	0.0	0.0	0.0	0.0	0.0	0.000146667888899	0.0	0.0	0.0	0.0
k__Bacteria;p__Proteobacteria;c__Alphaproteobacteria;o__Rhodobacterales;f__Rhodobacteraceae;g__Rhodobacter	0.000184049079755	6.80596202273e-05	2.89351851852e-05	9.11632429804e-05	0.0	0.0	0.0	0.0	0.0	0.000105097214924	0.0	0.0	0.0	0.0	0.0	0.0	7.89312705961e-05	0.0	0.0	0.0	0.0	0.0
k__Bacteria;p__Proteobacteria;c__Alphaproteobacteria;o__Rhodospirillales;f__;g__	3.06748466258e-05	0.0	0.0	0.0	0.0	0.0	0.0	0.0	0.0	0.0	0.0	0.0	0.0	0.0	0.0	0.0	0.0	0.0	0.0	0.0	0.0	3.80517503805e-05
k__Bacteria;p__Proteobacteria;c__Alphaproteobacteria;o__Rhodospirillales;f__Acetobacteraceae;Other	0.0	0.0	0.000115740740741	0.0	0.0	0.0	0.0	0.0	0.0	0.0	0.0	0.0	0.0	0.0	0.0	0.0	0.0	0.0	0.0	0.0	0.0	0.0
k__Bacteria;p__Proteobacteria;c__Alphaproteobacteria;o__Rhodospirillales;f__Acetobacteraceae;g__	0.00226993865031	0.00217790784727	0.0013599537037	0.00200559134557	0.0	0.0	2.35465869222e-05	2.60538794226e-05	0.0	7.88229111929e-05	0.00128597078663	0.0058579752594	0.0	0.00141834826897	0.000123201261581	0.0	0.0	7.33339444495e-05	3.81068516119e-05	0.0	0.000192112892522	0.000494672754947
k__Bacteria;p__Proteobacteria;c__Alphaproteobacteria;o__Rhodospirillales;f__Acetobacteraceae;g__Acetobacter	3.06748466258e-05	0.0	0.0	0.0	0.0	0.0	0.0	0.000234484914804	6.58877273127e-05	0.0180767209669	0.0595428737808	0.456392359705	0.0	0.0361249006082	0.00133057362507	0.000272454817909	0.000157862541192	0.0	1.9053425806e-05	6.61004065175e-05	0.0235076321213	0.0521308980213
k__Bacteria;p__Proteobacteria;c__Alphaproteobacteria;o__Rhodospirillales;f__Acetobacteraceae;g__Acidisoma	0.000184049079755	6.80596202273e-05	5.78703703704e-05	0.00106357116811	0.0	0.0	0.0	0.0	0.0	0.0	0.0	0.0	0.0	0.0	0.0	0.0	0.0	0.0	7.62137032238e-05	0.0	0.0	0.0
k__Bacteria;p__Proteobacteria;c__Alphaproteobacteria;o__Rhodospirillales;f__Acetobacteraceae;g__Gluconobacter	0.000613496932515	0.000136119240455	0.000173611111111	6.07754953203e-05	0.0	0.0	0.0	0.0	0.0	0.0	0.0	0.0	0.0	0.0	0.000147841513897	0.0	0.0	0.001631680264	0.0	0.0	0.0	7.6103500761e-05
k__Bacteria;p__Proteobacteria;c__Alphaproteobacteria;o__Rhodospirillales;f__Acetobacteraceae;g__Roseococcus	9.20245398773e-05	0.0	2.89351851852e-05	3.03877476601e-05	0.0	0.0	0.0	0.0	0.0	0.0	0.0	0.0	0.0	0.0	0.0	0.0	0.0	0.0	0.0	0.0	0.0	0.0
k__Bacteria;p__Proteobacteria;c__Alphaproteobacteria;o__Rhodospirillales;f__Acetobacteraceae;g__Roseomonas	6.13496932515e-05	3.40298101137e-05	2.89351851852e-05	0.0	0.0	0.0	0.0	0.0	0.0	0.0	2.42635997477e-05	0.0	0.0	0.0	0.0	0.0	0.0	0.0	0.0	0.0	0.0	0.0
k__Bacteria;p__Proteobacteria;c__Alphaproteobacteria;o__Rhodospirillales;f__Rhodospirillaceae;g__	0.0	3.40298101137e-05	0.0	0.0	0.0	0.0	0.0	0.0	0.0	0.00026274303731	0.0	0.0	0.0	0.0	0.0	0.0	0.0	0.0	0.0	0.0	0.0	0.0
k__Bacteria;p__Proteobacteria;c__Alphaproteobacteria;o__Rhodospirillales;f__Rhodospirillaceae;g__Azospirillum	0.000521472392638	0.00037432791125	0.000491898148148	0.000668530448523	0.000107457554266	0.0	4.70931738445e-05	5.21077588453e-05	0.0	0.0	0.0	0.0	0.0	0.0	0.0	0.0	1.9732817649e-05	0.0	1.9053425806e-05	0.000115675711406	6.98592336442e-05	0.0
k__Bacteria;p__Proteobacteria;c__Alphaproteobacteria;o__Rhodospirillales;f__Rhodospirillaceae;g__Skermanella	0.00021472392638	0.0	0.0	0.0	0.0	0.0	0.0	0.0	0.0	0.0	0.0	0.0	0.0	0.0	0.0	0.0	0.0	0.0	3.81068516119e-05	0.0	0.0	0.0
k__Bacteria;p__Proteobacteria;c__Alphaproteobacteria;o__Rickettsiales;f__;g__	6.13496932515e-05	0.0	0.0	0.000182326485961	0.0	0.0	0.0	5.21077588453e-05	0.0	0.0	0.0	0.0	0.0	0.0	0.0	4.54091363182e-05	0.0	0.0	0.0	0.0	1.74648084111e-05	0.0
k__Bacteria;p__Proteobacteria;c__Alphaproteobacteria;o__Rickettsiales;f__mitochondria;Other	0.0131595092025	0.00210984822705	0.00946180555556	0.0083870183542	0.0	0.0	0.0	0.000286592673649	2.19625757709e-05	5.25486074619e-05	2.42635997477e-05	0.0	0.0	0.0	0.0	0.0	0.000355190717683	1.83334861124e-05	7.62137032238e-05	8.26255081469e-05	3.49296168221e-05	0.0
k__Bacteria;p__Proteobacteria;c__Alphaproteobacteria;o__Rickettsiales;f__mitochondria;g__Carludovica	3.06748466258e-05	3.40298101137e-05	0.000173611111111	3.03877476601e-05	0.0	0.0	0.0	0.0	0.0	0.0	0.0	0.0	0.0	0.0	0.0	0.0	0.0	0.0	0.0	0.0	0.0	0.0
k__Bacteria;p__Proteobacteria;c__Alphaproteobacteria;o__Sphingomonadales;Other;Other	0.000153374233129	0.000102089430341	0.0	3.03877476601e-05	0.0	0.0	0.0	0.0	0.0	0.0	0.0	0.0	0.0	0.0	0.0	0.0	0.0	0.0	0.0	0.0	0.0	0.0
k__Bacteria;p__Proteobacteria;c__Alphaproteobacteria;o__Sphingomonadales;f__Erythrobacteraceae;g__	0.000184049079755	0.000136119240455	8.68055555556e-05	0.000303877476601	0.0	0.0	0.0	0.0	0.0	0.000105097214924	0.0	0.0	0.0	0.0	0.0	0.0	0.0	0.0	0.0	0.0	0.0	0.0
k__Bacteria;p__Proteobacteria;c__Alphaproteobacteria;o__Sphingomonadales;f__Sphingomonadaceae;Other	0.000552147239264	0.000476417341591	0.000231481481481	0.000334265224262	0.0	0.0	0.0	0.0	0.0	0.000656857593274	0.0	0.0	0.0	0.0	0.0	0.0	9.86640882452e-05	3.66669722248e-05	1.9053425806e-05	0.0	0.0	0.0
k__Bacteria;p__Proteobacteria;c__Alphaproteobacteria;o__Sphingomonadales;f__Sphingomonadaceae;g__	0.00165644171779	0.000884775062955	0.00141782407407	0.00145861188769	0.0	0.0	0.0	2.60538794226e-05	0.0	0.0	0.0	0.0	0.0	0.0	0.0	0.0	0.0	1.83334861124e-05	0.000114320554836	0.0	0.0	0.0
k__Bacteria;p__Proteobacteria;c__Alphaproteobacteria;o__Sphingomonadales;f__Sphingomonadaceae;g__Kaistobacter	0.0	3.40298101137e-05	8.68055555556e-05	0.0	0.0	0.0	0.0	0.0	0.0	0.0	0.0	0.0	0.0	0.0	0.0	0.0	0.0	0.0	0.0	0.0	0.0	0.0
k__Bacteria;p__Proteobacteria;c__Alphaproteobacteria;o__Sphingomonadales;f__Sphingomonadaceae;g__Novosphingobium	0.0029754601227	0.00510447151705	0.00384837962963	0.00975446699891	0.0	0.0	0.0	0.000442915950185	2.19625757709e-05	0.000157645822386	0.0	0.000218116100084	0.0	0.0	0.0	0.0	0.000217060994139	0.00434503620864	0.000457282219343	6.61004065175e-05	0.000366760976632	0.0
k__Bacteria;p__Proteobacteria;c__Alphaproteobacteria;o__Sphingomonadales;f__Sphingomonadaceae;g__Sphingobium	0.0115644171779	0.0262029537875	0.00766782407407	0.0119119970828	0.0	0.000191230706188	7.06397607667e-05	5.21077588453e-05	2.19625757709e-05	0.0	2.42635997477e-05	6.23188857383e-05	0.0	0.0	4.92805046324e-05	0.0	0.000710381435365	0.000751672930608	0.000247694535477	0.000396602439105	0.000227042509344	0.000456621004566
k__Bacteria;p__Proteobacteria;c__Alphaproteobacteria;o__Sphingomonadales;f__Sphingomonadaceae;g__Sphingomonas	0.0620245398773	0.0626148506091	0.0329282407407	0.0735687370852	0.000859660434129	0.000983472203251	0.000141279521533	0.00237090302746	0.000395326363876	0.000210194429848	0.000509535594701	0.000623188857383	0.0	0.0	0.000591366055588	0.000363273090546	0.00447934960633	0.00619671830599	0.00234357137413	0.00163598506131	0.00181634007475	0.000475646879756
k__Bacteria;p__Proteobacteria;c__Alphaproteobacteria;o__Sphingomonadales;f__Sphingomonadaceae;g__Sphingopyxis	0.000306748466258	0.000170149050568	0.000694444444444	0.000455816214902	0.0	0.0	0.0	5.21077588453e-05	0.0	0.000131371518655	0.0	0.0	0.0	0.0	0.0	0.0	0.000335457900034	7.33339444495e-05	9.52671290298e-05	3.30502032588e-05	0.0	0.0
k__Bacteria;p__Proteobacteria;c__Betaproteobacteria;Other;Other;Other	0.000153374233129	3.40298101137e-05	0.0	6.07754953203e-05	0.0	0.0	0.0	0.0	0.0	0.0	0.0	0.0	0.0	0.0	0.0	0.0	0.0	0.0	0.0	0.0	0.0	0.0
k__Bacteria;p__Proteobacteria;c__Betaproteobacteria;o__Burkholderiales;Other;Other	0.000368098159509	0.00037432791125	0.000144675925926	0.000212714233621	0.0	0.0	0.0	0.0	0.0	7.88229111929e-05	0.0	0.0	0.0	0.0	0.0	0.0	0.0	0.0	0.0	0.0	1.74648084111e-05	0.0
k__Bacteria;p__Proteobacteria;c__Betaproteobacteria;o__Burkholderiales;f__Alcaligenaceae;Other	0.000245398773006	0.000136119240455	5.78703703704e-05	0.000121550990641	0.0	0.0	0.0	0.0	0.0	0.00028901734104	0.0	0.0	0.0	0.0	0.0	0.0	0.0	0.0	0.0	0.0	0.0	0.0
k__Bacteria;p__Proteobacteria;c__Betaproteobacteria;o__Burkholderiales;f__Alcaligenaceae;g__	0.000184049079755	0.000612536582046	0.000173611111111	0.000243101981281	0.0	0.0	0.0	0.0	0.0	2.6274303731e-05	0.0	0.0	0.0	0.0	0.0	0.0	0.0	0.0	0.0	0.0	0.0	0.0
k__Bacteria;p__Proteobacteria;c__Betaproteobacteria;o__Burkholderiales;f__Alcaligenaceae;g__Achromobacter	0.0272085889571	0.0354590621384	0.0199074074074	0.0279567278473	0.000472813238771	0.00114738423713	0.000188372695378	0.000442915950185	0.000175700606167	0.00155018392013	0.000218372397729	0.000218116100084	0.000311526479751	0.000193411127587	7.39207569486e-05	0.000158931977114	0.00195354894725	0.0034100284169	0.000838350735462	0.000561853455399	0.000506479443921	0.00070395738204
k__Bacteria;p__Proteobacteria;c__Betaproteobacteria;o__Burkholderiales;f__Alcaligenaceae;g__Pigmentiphaga	0.000276073619632	0.000204178860682	5.78703703704e-05	0.000151938738301	0.0	0.0	0.0	0.0	0.0	2.6274303731e-05	0.0	0.0	0.0	0.0	0.0	0.000113522840796	0.0	0.0	0.0	0.0	0.0	0.0
k__Bacteria;p__Proteobacteria;c__Betaproteobacteria;o__Burkholderiales;f__Burkholderiaceae;Other	0.000153374233129	0.000238208670796	0.000462962962963	0.000212714233621	0.0	0.0	0.0	0.0	0.0	0.0	0.0	0.0	0.0	0.0	0.0	0.0	1.9732817649e-05	0.0	3.81068516119e-05	0.0	0.0	0.0
k__Bacteria;p__Proteobacteria;c__Betaproteobacteria;o__Burkholderiales;f__Burkholderiaceae;g__	0.000153374233129	0.0	0.0	0.000182326485961	0.0	0.0	0.0	0.0	0.0	0.0	0.0	0.0	0.0	0.0	0.0	0.0	0.0	0.0	0.0	0.0	0.0	0.0
k__Bacteria;p__Proteobacteria;c__Betaproteobacteria;o__Burkholderiales;f__Burkholderiaceae;g__Burkholderia	0.0101533742331	0.00629551487103	0.0125578703704	0.023520116689	6.44745325596e-05	8.19560169376e-05	0.0	0.000104215517691	0.0	7.88229111929e-05	7.2790799243e-05	0.0	0.0	0.0	0.0	0.0	0.00019732817649	0.00212668438904	3.81068516119e-05	6.61004065175e-05	0.0	3.80517503805e-05
k__Bacteria;p__Proteobacteria;c__Betaproteobacteria;o__Burkholderiales;f__Burkholderiaceae;g__Pandoraea	0.0011963190184	0.000612536582046	0.000549768518519	0.000607754953203	0.0	0.0	0.0	0.000338700432494	4.39251515418e-05	0.0	0.0	6.23188857383e-05	0.0	0.0	0.0	0.0	0.000177595358841	0.000128334402787	0.0	0.0	0.0	1.90258751903e-05
k__Bacteria;p__Proteobacteria;c__Betaproteobacteria;o__Burkholderiales;f__Burkholderiaceae;g__Salinispora	6.13496932515e-05	0.000102089430341	5.78703703704e-05	6.07754953203e-05	0.0	0.0	0.0	0.0	0.0	0.0	0.0	0.0	0.0	0.0	0.0	0.0	0.0	0.0	0.0	0.0	0.0	0.0
k__Bacteria;p__Proteobacteria;c__Betaproteobacteria;o__Burkholderiales;f__Comamonadaceae;Other	0.011717791411	0.00915401892057	0.00992476851852	0.0123070378024	0.000322372662798	0.000245868050813	0.000117732934611	0.000364754311917	6.58877273127e-05	0.00362585391487	0.000242635997477	0.000186956657215	0.0	0.000128940751725	0.000123201261581	0.000317863954228	0.000434121988279	0.00130167751398	0.000381068516119	0.000363552235846	0.000157183275699	0.000513698630137
k__Bacteria;p__Proteobacteria;c__Betaproteobacteria;o__Burkholderiales;f__Comamonadaceae;g__	0.00662576687117	0.00629551487103	0.00480324074074	0.00695879421417	0.000171932086826	2.73186723125e-05	7.06397607667e-05	0.000130269397113	6.58877273127e-05	0.00278507619548	4.85271994953e-05	0.0	6.23052959502e-05	4.29802505749e-05	0.000197122018529	2.27045681591e-05	1.9732817649e-05	0.000660005500046	5.71602774179e-05	0.000132200813035	5.23944252332e-05	0.0
k__Bacteria;p__Proteobacteria;c__Betaproteobacteria;o__Burkholderiales;f__Comamonadaceae;g__Acidovorax	0.0	3.40298101137e-05	0.0	0.0	0.0	2.73186723125e-05	0.0	2.60538794226e-05	0.0	0.0	0.0	0.0	0.0	0.0	0.0	0.0	0.0	7.33339444495e-05	0.0	0.0	0.0	0.0
k__Bacteria;p__Proteobacteria;c__Betaproteobacteria;o__Burkholderiales;f__Comamonadaceae;g__Comamonas	0.00144171779141	0.000850745252841	0.000868055555556	0.000698918196183	0.0	0.0	0.0	0.0	0.0	0.0252496058854	0.0	6.23188857383e-05	0.0	0.0	0.0	0.0	3.94656352981e-05	1.83334861124e-05	5.71602774179e-05	0.0	1.74648084111e-05	1.90258751903e-05
k__Bacteria;p__Proteobacteria;c__Betaproteobacteria;o__Burkholderiales;f__Comamonadaceae;g__Delftia	0.00641104294479	0.0032328319608	0.00442708333333	0.00592561079373	4.29830217064e-05	0.0	0.0	0.0	0.0	2.6274303731e-05	0.0	0.0	0.0	0.0	0.0	0.0	0.000532786076524	0.000880007333394	0.000381068516119	0.000181776117923	0.0	0.000152207001522
k__Bacteria;p__Proteobacteria;c__Betaproteobacteria;o__Burkholderiales;f__Comamonadaceae;g__Hylemonella	3.06748466258e-05	0.0	2.89351851852e-05	3.03877476601e-05	0.0	0.0	0.0	0.0	0.0	0.0	0.0	0.0	0.0	0.0	0.0	0.0	0.0	0.0	0.0	0.0	0.0	0.0
k__Bacteria;p__Proteobacteria;c__Betaproteobacteria;o__Burkholderiales;f__Comamonadaceae;g__Leptothrix	3.06748466258e-05	3.40298101137e-05	0.0	3.03877476601e-05	0.0	0.0	0.0	0.0	0.0	0.0	0.0	0.0	0.0	0.0	0.0	0.0	0.0	0.0	0.0	0.0	0.0	0.0
k__Bacteria;p__Proteobacteria;c__Betaproteobacteria;o__Burkholderiales;f__Comamonadaceae;g__Limnohabitans	0.000276073619632	6.80596202273e-05	0.000144675925926	0.000182326485961	0.0	0.0	0.0	0.0	0.0	0.0	0.0	0.0	0.0	0.0	0.0	0.0	0.0	5.50004583372e-05	0.0	0.0	1.74648084111e-05	0.0
k__Bacteria;p__Proteobacteria;c__Betaproteobacteria;o__Burkholderiales;f__Comamonadaceae;g__Methylibium	6.13496932515e-05	0.000102089430341	2.89351851852e-05	0.0	0.0	0.0	0.0	0.0	0.0	0.0	0.0	0.0	0.0	0.0	0.0	0.0	0.0	1.83334861124e-05	0.0	0.0	0.0	0.0
k__Bacteria;p__Proteobacteria;c__Betaproteobacteria;o__Burkholderiales;f__Comamonadaceae;g__Paucibacter	0.0	3.40298101137e-05	0.000115740740741	0.000151938738301	0.0	0.0	0.0	0.0	0.0	0.0	0.0	0.0	0.0	0.0	0.0	0.0	0.0	3.66669722248e-05	0.0	0.0	0.0	0.0
k__Bacteria;p__Proteobacteria;c__Betaproteobacteria;o__Burkholderiales;f__Comamonadaceae;g__Polaromonas	0.000889570552147	0.000340298101137	0.000752314814815	0.00100279567278	0.0	0.0	0.0	0.0	2.19625757709e-05	0.0	0.0	0.0	0.0	0.0	0.0	0.0	0.000118396905894	0.0	0.0	3.30502032588e-05	0.0	1.90258751903e-05
k__Bacteria;p__Proteobacteria;c__Betaproteobacteria;o__Burkholderiales;f__Comamonadaceae;g__Variovorax	9.20245398773e-05	0.000102089430341	0.000115740740741	9.11632429804e-05	0.0	0.0	0.0	0.0	0.0	0.0	0.0	0.0	0.0	0.0	0.0	0.0	0.0	0.0	0.0	0.0	0.0	0.0
k__Bacteria;p__Proteobacteria;c__Betaproteobacteria;o__Burkholderiales;f__Oxalobacteraceae;Other	0.000552147239264	0.000544476961819	0.000144675925926	0.000121550990641	0.0	0.0	0.0	0.0	0.0	2.6274303731e-05	0.0	0.0	0.0	0.0	0.0	0.0	1.9732817649e-05	3.66669722248e-05	1.9053425806e-05	0.0	0.0	0.0
k__Bacteria;p__Proteobacteria;c__Betaproteobacteria;o__Burkholderiales;f__Oxalobacteraceae;g__	0.00852760736196	0.0133737153747	0.00439814814815	0.00467971313966	0.000322372662798	0.000163912033875	2.35465869222e-05	5.21077588453e-05	4.39251515418e-05	0.00102469784551	0.0	0.0	0.0	0.000193411127587	0.0	0.0	0.000434121988279	0.00225501879182	0.00112415212255	0.00052880325214	0.000314366551399	1.90258751903e-05
k__Bacteria;p__Proteobacteria;c__Betaproteobacteria;o__Burkholderiales;f__Oxalobacteraceae;g__Cupriavidus	0.0	0.000204178860682	0.0	0.000182326485961	0.0	0.0	0.0	0.0	0.0	0.0	0.0	0.0	0.0	0.0	0.0	0.0	0.0	0.0	0.0	0.0	0.0	0.0
k__Bacteria;p__Proteobacteria;c__Betaproteobacteria;o__Burkholderiales;f__Oxalobacteraceae;g__Janthinobacterium	0.00021472392638	0.000408357721364	0.000434027777778	6.07754953203e-05	0.0	0.0	0.0	0.0	0.0	0.0	0.0	0.0	0.0	0.0	0.0	0.0	7.89312705961e-05	1.83334861124e-05	5.71602774179e-05	3.30502032588e-05	0.0	0.0
k__Bacteria;p__Proteobacteria;c__Betaproteobacteria;o__Burkholderiales;f__Oxalobacteraceae;g__Massilia	3.06748466258e-05	0.0	0.0	6.07754953203e-05	0.0	0.0	0.0	0.0	0.0	0.0	0.0	0.0	0.0	0.0	0.0	0.0	0.0	0.0	0.0	0.0	1.74648084111e-05	0.0
k__Bacteria;p__Proteobacteria;c__Betaproteobacteria;o__Burkholderiales;f__Oxalobacteraceae;g__Ralstonia	0.000153374233129	0.0	5.78703703704e-05	0.000121550990641	0.0	0.0	0.0	0.0	0.0	0.0	0.0	0.0	0.0	0.0	0.0	0.0	0.0	0.0	0.0	0.0	0.0	0.0
k__Bacteria;p__Proteobacteria;c__Betaproteobacteria;o__Neisseriales;f__Neisseriaceae;Other	0.0	0.0	0.000115740740741	0.0	0.0	0.0	0.0	0.0	0.0	0.0	0.0	0.0	0.0	0.0	0.0	0.0	0.0	0.0	0.0	0.0	0.0	0.0
k__Bacteria;p__Proteobacteria;c__Betaproteobacteria;o__Procabacteriales;f__Procabacteriaceae;g__	6.13496932515e-05	0.0	5.78703703704e-05	0.0	0.0	0.0	0.0	0.0	0.0	0.0	0.0	0.0	0.0	0.0	0.0	0.0	0.0	0.0	0.0	0.0	0.0	0.0
k__Bacteria;p__Proteobacteria;c__Deltaproteobacteria;o__Bdellovibrionales;f__Bacteriovoracaceae;g__	9.20245398773e-05	3.40298101137e-05	2.89351851852e-05	6.07754953203e-05	0.0	0.0	0.0	0.0	0.0	0.0	0.0	0.0	0.0	0.0	0.0	0.0	0.0	0.0	0.0	0.0	0.0	0.0
k__Bacteria;p__Proteobacteria;c__Deltaproteobacteria;o__Bdellovibrionales;f__Bdellovibrionaceae;g__Bdellovibrio	0.000920245398773	0.000272238480909	0.000231481481481	0.000334265224262	0.0	0.0	0.0	0.0	0.0	2.6274303731e-05	0.0	0.0	0.0	0.0	0.0	0.0	0.0	0.0	0.0	0.0	8.73240420553e-05	0.000114155251142
k__Bacteria;p__Proteobacteria;c__Deltaproteobacteria;o__Myxococcales;Other;Other	0.0	0.0	0.000115740740741	0.0	0.0	0.0	0.0	0.0	0.0	0.0	0.0	0.0	0.0	0.0	0.0	0.0	0.0	0.0	0.0	0.0	0.0	0.0
k__Bacteria;p__Proteobacteria;c__Deltaproteobacteria;o__Myxococcales;f__;g__	0.00361963190184	0.000102089430341	0.00561342592593	9.11632429804e-05	0.0	0.0	0.0	0.000130269397113	0.0	2.6274303731e-05	0.0	0.0	0.0	0.0	0.0	0.0	0.0	0.0	0.0	0.0	0.0	0.0
k__Bacteria;p__Proteobacteria;c__Deltaproteobacteria;o__Myxococcales;f__0319-6G20;g__	0.0	0.0	0.0	0.0	6.44745325596e-05	0.0	0.0	0.0	0.0	0.0	0.0	0.0	0.0	0.0	0.0	0.0	0.0	0.0	0.0	0.0	0.0	0.0
k__Bacteria;p__Proteobacteria;c__Deltaproteobacteria;o__Myxococcales;f__Cystobacteraceae;Other	0.0	0.0	0.000462962962963	0.0	0.0	0.0	0.0	0.0	0.0	0.0	0.0	0.0	0.0	0.0	0.0	0.0	0.0	0.0	0.0	0.0	0.0	0.0
k__Bacteria;p__Proteobacteria;c__Deltaproteobacteria;o__Myxococcales;f__OM27;g__	9.20245398773e-05	0.0	0.0	0.0	0.0	0.0	0.0	0.0	0.0	0.0	0.0	0.0	0.0	0.0	0.0	0.0	0.0	0.0	0.0	0.0	0.0	0.0
k__Bacteria;p__Proteobacteria;c__Deltaproteobacteria;o__Spirobacillales;f__;g__	3.06748466258e-05	6.80596202273e-05	0.0	0.0	0.0	0.0	0.0	0.0	0.0	0.0	0.0	0.0	0.0	0.0	0.0	0.0	0.0	0.0	0.0	0.0	0.0	0.0
k__Bacteria;p__Proteobacteria;c__Gammaproteobacteria;Other;Other;Other	0.000184049079755	0.000408357721364	0.000347222222222	0.000243101981281	0.0	8.19560169376e-05	0.0	0.0	2.19625757709e-05	0.0	0.0	0.0	0.0	0.0	0.0	0.0	0.0	1.83334861124e-05	0.0	0.0	0.0	0.0
k__Bacteria;p__Proteobacteria;c__Gammaproteobacteria;o__Aeromonadales;f__Aeromonadaceae;g__	0.0	0.0	5.78703703704e-05	9.11632429804e-05	0.0	0.0	0.0	0.0	0.0	0.0	0.0	0.0	0.0	0.0	0.0	0.0	0.0	0.0	0.0	0.0	0.0	0.0
k__Bacteria;p__Proteobacteria;c__Gammaproteobacteria;o__Alteromonadales;f__Alteromonadaceae;Other	0.0	0.0	0.0	6.07754953203e-05	0.0	0.0	0.0	0.0	0.0	2.6274303731e-05	0.0	0.0	0.0	0.0	0.0	0.0	0.0	0.0	0.0	0.0	0.0	0.0
k__Bacteria;p__Proteobacteria;c__Gammaproteobacteria;o__Alteromonadales;f__Alteromonadaceae;g__Cellvibrio	9.20245398773e-05	0.0	0.000231481481481	6.07754953203e-05	0.0	0.0	0.0	0.0	0.0	0.00026274303731	0.0	0.0	0.0	0.0	0.0	0.0	0.0	0.0	0.0	0.0	0.0	0.0
k__Bacteria;p__Proteobacteria;c__Gammaproteobacteria;o__Alteromonadales;f__[Chromatiaceae];g__	0.000122699386503	0.000170149050568	0.0	9.11632429804e-05	0.0	0.0	0.0	0.0	0.0	0.0	0.0	0.0	0.0	0.0	0.0	0.0	0.0	0.0	0.0	0.0	0.0	0.0
k__Bacteria;p__Proteobacteria;c__Gammaproteobacteria;o__Enterobacteriales;f__Enterobacteriaceae;Other	0.0143865030675	0.00612536582046	0.0231770833333	0.00458854989668	4.29830217064e-05	0.0	7.06397607667e-05	0.000156323276536	8.78503030835e-05	0.000893326326852	4.85271994953e-05	0.0	0.0	0.0	4.92805046324e-05	6.81137044773e-05	0.00041438917063	0.00084334036117	0.000247694535477	0.00026440162607	0.000209577700933	0.000209284627093
k__Bacteria;p__Proteobacteria;c__Gammaproteobacteria;o__Enterobacteriales;f__Enterobacteriaceae;g__	0.0932208588957	0.052984414347	0.258622685185	0.0547891090312	0.00361057382334	0.00286846059282	0.00110668958534	0.00406440518993	0.000702802424668	0.0155806621125	0.00114038918814	0.00118405882903	0.00018691588785	0.00066619388391	0.000689927064853	0.00102170556716	0.0040254948004	0.0214318452654	0.00333434951604	0.00246224014278	0.00256732683642	0.00161719939117
k__Bacteria;p__Proteobacteria;c__Gammaproteobacteria;o__Enterobacteriales;f__Enterobacteriaceae;g__Citrobacter	6.13496932515e-05	0.000170149050568	0.000289351851852	0.000121550990641	0.0	0.0	0.0	0.0	0.0	2.6274303731e-05	0.0	0.0	0.0	0.0	0.0	0.0	0.0	0.0	0.0	0.0	1.74648084111e-05	0.0
k__Bacteria;p__Proteobacteria;c__Gammaproteobacteria;o__Enterobacteriales;f__Enterobacteriaceae;g__Cronobacter	0.000153374233129	6.80596202273e-05	5.78703703704e-05	0.0	0.0	0.0	0.0	0.0	0.0	0.0	0.0	0.0	0.0	0.0	0.0	0.0	0.0	0.0	0.0	0.0	0.0	0.0
k__Bacteria;p__Proteobacteria;c__Gammaproteobacteria;o__Enterobacteriales;f__Enterobacteriaceae;g__Dickeya	0.000306748466258	0.000238208670796	0.0	3.03877476601e-05	0.0	0.0	0.0	0.0	0.0	2.6274303731e-05	0.0	0.0	0.0	0.0	0.0	0.0	0.0	3.66669722248e-05	0.0	0.0	6.98592336442e-05	0.0
k__Bacteria;p__Proteobacteria;c__Gammaproteobacteria;o__Enterobacteriales;f__Enterobacteriaceae;g__Enterobacter	0.000122699386503	3.40298101137e-05	0.000202546296296	3.03877476601e-05	0.0	0.0	0.0	0.0	0.0	0.0	0.0	0.0	0.0	0.0	0.0	0.0	0.0	0.0	0.0	0.0	0.0	0.0
k__Bacteria;p__Proteobacteria;c__Gammaproteobacteria;o__Enterobacteriales;f__Enterobacteriaceae;g__Erwinia	0.0302760736196	0.0125229701218	0.0270543981481	0.0172298529233	0.00178379540082	0.000874197514001	0.000235465869222	0.00169350216247	0.000329438636563	0.000499211770888	0.000363953996215	0.000280434985822	0.0	0.000300861754024	0.000369603784743	0.000431386795023	0.00169702231782	0.00438170318086	0.00169575489673	0.00153683445153	0.000611268294387	0.00104642313546
k__Bacteria;p__Proteobacteria;c__Gammaproteobacteria;o__Enterobacteriales;f__Enterobacteriaceae;g__Klebsiella	0.00150306748466	0.000476417341591	0.00960648148148	0.000881244682144	0.000107457554266	5.46373446251e-05	0.0	0.000208431035381	0.0	7.88229111929e-05	2.42635997477e-05	9.34783286075e-05	0.0	2.14901252874e-05	2.46402523162e-05	6.81137044773e-05	0.000177595358841	0.00117334311119	0.00019053425806	0.000115675711406	0.000157183275699	1.90258751903e-05
k__Bacteria;p__Proteobacteria;c__Gammaproteobacteria;o__Enterobacteriales;f__Enterobacteriaceae;g__Morganella	0.000184049079755	6.80596202273e-05	0.0	6.07754953203e-05	0.0	0.0	0.0	0.0	0.0	0.0	0.0	3.11594428692e-05	0.0	0.0	0.0	0.0	0.0	0.000110000916674	0.0	0.0	0.0	1.90258751903e-05
k__Bacteria;p__Proteobacteria;c__Gammaproteobacteria;o__Enterobacteriales;f__Enterobacteriaceae;g__Pantoea	9.20245398773e-05	0.000170149050568	0.0	9.11632429804e-05	0.0	0.0	0.0	0.0	0.0	0.0	0.0	0.0	0.0	0.0	0.0	0.0	0.0	0.0	0.0	0.0	0.0	0.0
k__Bacteria;p__Proteobacteria;c__Gammaproteobacteria;o__Enterobacteriales;f__Enterobacteriaceae;g__Plesiomonas	0.000122699386503	3.40298101137e-05	0.000144675925926	0.0	0.0	0.0	0.0	0.0	0.0	0.0	0.0	0.0	0.0	0.0	0.0	0.0	0.0	0.0	0.0	0.0	0.0	0.0
k__Bacteria;p__Proteobacteria;c__Gammaproteobacteria;o__Enterobacteriales;f__Enterobacteriaceae;g__Proteus	0.0	0.0	0.0	0.0	0.0	0.0	0.0	0.0	0.0	7.88229111929e-05	0.0	0.0	0.0	2.14901252874e-05	0.0	0.0	0.0	1.83334861124e-05	1.9053425806e-05	3.30502032588e-05	0.0	0.0
k__Bacteria;p__Proteobacteria;c__Gammaproteobacteria;o__Enterobacteriales;f__Enterobacteriaceae;g__Providencia	0.000153374233129	0.0	0.000115740740741	0.0	0.0	0.0	0.0	0.0	0.0	0.0	0.0	0.0	0.0	0.0	0.0	0.0	0.0	5.50004583372e-05	0.0	9.91506097763e-05	0.0	0.0
k__Bacteria;p__Proteobacteria;c__Gammaproteobacteria;o__Enterobacteriales;f__Enterobacteriaceae;g__Serratia	0.00180981595092	0.000408357721364	0.00182291666667	0.000546979457883	0.000558779282184	0.000245868050813	0.000141279521533	0.000182377155959	2.19625757709e-05	0.000867052023121	0.000121317998738	0.000186956657215	6.23052959502e-05	6.44703758623e-05	0.000197122018529	9.08182726365e-05	0.000848511158908	0.000898340819507	0.000552549348373	0.000297451829329	0.000209577700933	0.000228310502283
k__Bacteria;p__Proteobacteria;c__Gammaproteobacteria;o__Enterobacteriales;f__Enterobacteriaceae;g__Trabulsiella	0.0	3.40298101137e-05	0.000260416666667	0.0	0.0	2.73186723125e-05	0.0	0.0	0.0	5.25486074619e-05	0.0	0.0	0.0	0.0	0.0	0.0	0.0	0.0	0.0	1.65251016294e-05	0.0	0.0
k__Bacteria;p__Proteobacteria;c__Gammaproteobacteria;o__Oceanospirillales;f__Halomonadaceae;g__Kushneria	0.0	0.0	0.0	0.0	0.0	0.0	0.0	0.0	0.0	0.000183920126117	0.0	0.0	0.0	0.0	0.0	0.0	0.0	0.0	0.0	0.0	0.0	0.0
k__Bacteria;p__Proteobacteria;c__Gammaproteobacteria;o__Pseudomonadales;f__Moraxellaceae;Other	3.06748466258e-05	0.000136119240455	0.000260416666667	6.07754953203e-05	0.0	0.0	0.0	0.0	0.0	0.0	0.0	0.0	0.0	0.0	0.0	0.0	0.0	0.0	0.0	0.0	0.0	0.0
k__Bacteria;p__Proteobacteria;c__Gammaproteobacteria;o__Pseudomonadales;f__Moraxellaceae;g__	0.0	0.0	2.89351851852e-05	0.0	0.0	0.0	0.0	0.0	0.0	0.0	0.0	0.0	0.0	0.0	0.0	0.0	0.0	0.0	0.0	3.30502032588e-05	0.0	0.0
k__Bacteria;p__Proteobacteria;c__Gammaproteobacteria;o__Pseudomonadales;f__Moraxellaceae;g__Acinetobacter	0.00325153374233	0.00159940107534	0.00164930555556	0.00161055062599	0.000279389641092	0.000546373446251	2.35465869222e-05	0.0	8.78503030835e-05	0.0130057803468	7.2790799243e-05	0.0	0.0	0.0	0.0	0.0	0.00116423624129	0.00135667797232	0.00019053425806	0.000380077337476	0.000296901742988	0.000380517503805
k__Bacteria;p__Proteobacteria;c__Gammaproteobacteria;o__Pseudomonadales;f__Moraxellaceae;g__Psychrobacter	0.0	0.0	0.0	0.0	0.0	0.0	0.0	0.0	0.0	7.88229111929e-05	0.0	0.0	0.0	0.0	0.0	0.0	0.0	0.0	0.0	0.0	0.0	0.0
k__Bacteria;p__Proteobacteria;c__Gammaproteobacteria;o__Pseudomonadales;f__Pseudomonadaceae;Other	0.000858895705521	0.00166746069557	0.000144675925926	0.000425428467242	0.0	0.0	0.0	0.0	0.0	0.0	0.0	0.0	0.0	0.0	0.0	0.0	0.0	0.0	0.0	0.0	0.0	0.0
k__Bacteria;p__Proteobacteria;c__Gammaproteobacteria;o__Pseudomonadales;f__Pseudomonadaceae;g__	0.000368098159509	0.000714626012387	0.000144675925926	0.000638142700863	0.0	0.0	0.0	0.0	0.0	2.6274303731e-05	0.0	0.0	0.0	0.0	0.0	0.0	0.0	0.0	9.52671290298e-05	0.0	1.74648084111e-05	0.0
k__Bacteria;p__Proteobacteria;c__Gammaproteobacteria;o__Pseudomonadales;f__Pseudomonadaceae;g__Pseudomonas	0.0246932515337	0.0318519022664	0.00787037037037	0.0196000972408	8.59660434129e-05	8.19560169376e-05	0.0	0.0	2.19625757709e-05	0.00028901734104	4.85271994953e-05	0.0	0.0	0.0	0.0	0.0	7.89312705961e-05	5.50004583372e-05	0.000247694535477	0.0	0.000104788850466	0.0
k__Bacteria;p__Proteobacteria;c__Gammaproteobacteria;o__Thiotrichales;f__Piscirickettsiaceae;g__Methylophaga	0.0	0.0	0.0	0.0	0.0	0.0	0.0	0.0	0.0	0.000157645822386	0.0	0.0	0.0	0.0	0.0	0.0	0.0	0.0	0.0	0.0	0.0	0.0
k__Bacteria;p__Proteobacteria;c__Gammaproteobacteria;o__Xanthomonadales;f__Sinobacteraceae;g__	9.20245398773e-05	0.0	0.0	0.0	0.000279389641092	0.00010927468925	0.000188372695378	5.21077588453e-05	2.19625757709e-05	0.000131371518655	0.000218372397729	0.0	0.0	0.000451292631036	0.0	0.0	7.89312705961e-05	0.000201668347236	7.62137032238e-05	1.65251016294e-05	0.000104788850466	0.000266362252664
k__Bacteria;p__Proteobacteria;c__Gammaproteobacteria;o__Xanthomonadales;f__Sinobacteraceae;g__Nevskia	0.0	0.0	0.0	0.0	0.0	0.0	0.0	0.000104215517691	0.0	0.0	0.0	3.11594428692e-05	0.0	0.0	0.0	0.0	0.0	0.0	0.0	0.0	0.0	0.0
k__Bacteria;p__Proteobacteria;c__Gammaproteobacteria;o__Xanthomonadales;f__Xanthomonadaceae;Other	0.00162576687117	0.0039814877833	0.00289351851852	0.00237024431749	0.0	0.0	2.35465869222e-05	0.0	2.19625757709e-05	2.6274303731e-05	0.0	0.0	0.0	0.0	0.0	0.0	7.89312705961e-05	0.000623338527821	0.0	0.0	0.0	0.0
k__Bacteria;p__Proteobacteria;c__Gammaproteobacteria;o__Xanthomonadales;f__Xanthomonadaceae;g__	0.0030981595092	0.0106513305656	0.00552662037037	0.00443661115838	6.44745325596e-05	5.46373446251e-05	0.0	0.000859778020947	0.000109812878854	0.000341565948502	0.000169845198234	0.0	0.0	8.59605011497e-05	2.46402523162e-05	2.27045681591e-05	0.000177595358841	0.000366669722248	0.000114320554836	1.65251016294e-05	1.74648084111e-05	0.0
k__Bacteria;p__Proteobacteria;c__Gammaproteobacteria;o__Xanthomonadales;f__Xanthomonadaceae;g__Dokdonella	6.13496932515e-05	6.80596202273e-05	2.89351851852e-05	0.000638142700863	0.0	0.0	0.0	0.0	0.0	0.0	0.0	3.11594428692e-05	0.0	0.0	0.0	0.0	0.0	0.0	0.0	0.0	0.0	0.0
k__Bacteria;p__Proteobacteria;c__Gammaproteobacteria;o__Xanthomonadales;f__Xanthomonadaceae;g__Luteibacter	0.00386503067485	0.00265432518887	0.00512152777778	0.0143126291479	6.44745325596e-05	0.0	0.0	2.60538794226e-05	0.0	0.0	0.000242635997477	3.11594428692e-05	0.0	4.29802505749e-05	0.000172481766213	0.0	0.000295992264735	0.00174168118068	0.000152427406448	0.000115675711406	8.73240420553e-05	5.70776255708e-05
k__Bacteria;p__Proteobacteria;c__Gammaproteobacteria;o__Xanthomonadales;f__Xanthomonadaceae;g__Luteimonas	0.00122699386503	0.0242292248009	0.00101273148148	0.000820469186824	0.000128949065119	0.000136593361563	0.0	0.000104215517691	0.0	0.000367840252233	0.0	0.0	0.0	0.000322351879311	0.0	0.0	0.000256526629437	5.50004583372e-05	0.000571602774179	8.26255081469e-05	0.0	1.90258751903e-05
k__Bacteria;p__Proteobacteria;c__Gammaproteobacteria;o__Xanthomonadales;f__Xanthomonadaceae;g__Lysobacter	0.000153374233129	0.000170149050568	0.0	3.03877476601e-05	0.0	0.0	0.0	0.0	0.0	2.6274303731e-05	0.0	0.0	0.0	0.0	0.0	0.0	7.89312705961e-05	0.0	1.9053425806e-05	0.0	0.0	0.0
k__Bacteria;p__Proteobacteria;c__Gammaproteobacteria;o__Xanthomonadales;f__Xanthomonadaceae;g__Pseudoxanthomonas	0.00303680981595	0.00496835227659	0.00196759259259	0.00291722377537	0.000171932086826	0.0	4.70931738445e-05	2.60538794226e-05	2.19625757709e-05	2.6274303731e-05	0.0	0.0	0.0	0.0	0.0	0.000363273090546	0.000315725082385	0.000421670180585	5.71602774179e-05	0.000214826321182	1.74648084111e-05	0.000228310502283
k__Bacteria;p__Proteobacteria;c__Gammaproteobacteria;o__Xanthomonadales;f__Xanthomonadaceae;g__Stenotrophomonas	0.0435582822086	0.226944803648	0.0377604166667	0.077519144281	0.000795185901569	0.00292309793744	0.000188372695378	0.00088583190037	0.000307476060792	0.016605359958	0.000485271994953	0.000529710528776	0.000747663551402	0.000300861754024	0.00032032328011	0.000703841612933	0.00378870098861	0.0147951232927	0.00301044127734	0.00115675711406	0.00202591777568	0.00076103500761
k__Bacteria;p__Verrucomicrobia;c__Verrucomicrobiae;o__Verrucomicrobiales;f__Verrucomicrobiaceae;g__	0.000368098159509	3.40298101137e-05	0.000231481481481	0.000546979457883	0.0	0.0	0.0	0.0	0.0	0.0	0.0	0.0	0.0	0.0	0.0	0.0	0.0	0.0	0.0	0.0	0.0	0.0
k__Bacteria;p__Verrucomicrobia;c__Verrucomicrobiae;o__Verrucomicrobiales;f__Verrucomicrobiaceae;g__Luteolibacter	0.000337423312883	0.000136119240455	0.000115740740741	0.000577367205543	0.0	0.0	0.0	0.0	0.0	0.0	0.0	0.0	0.0	0.0	0.0	0.0	0.0	0.0	0.0	0.0	0.0	0.0
k__Bacteria;p__Verrucomicrobia;c__Verrucomicrobiae;o__Verrucomicrobiales;f__Verrucomicrobiaceae;g__Prosthecobacter	0.000122699386503	0.000170149050568	5.78703703704e-05	6.07754953203e-05	0.0	0.0	0.0	0.0	0.0	0.0	0.0	0.0	0.0	0.0	0.0	0.0	0.0	0.0	0.0	0.0	0.0	0.0
k__Bacteria;p__Verrucomicrobia;c__[Spartobacteria];o__[Chthoniobacterales];f__[Chthoniobacteraceae];g__Candidatus Xiphinematobacter	0.0	3.40298101137e-05	0.0	6.07754953203e-05	0.0	0.0	0.0	0.0	0.0	0.0	0.0	0.0	0.0	0.0	0.0	0.0	0.0	0.0	0.0	0.0	0.0	0.0
k__Bacteria;p__Verrucomicrobia;c__[Spartobacteria];o__[Chthoniobacterales];f__[Chthoniobacteraceae];g__Chthoniobacter	0.0	6.80596202273e-05	2.89351851852e-05	0.0	0.0	0.0	0.0	0.0	0.0	0.0	0.0	0.0	0.0	0.0	0.0	0.0	0.0	0.0	0.0	0.0	0.0	0.0