# Constructed from biom file
#OTU ID	146	147	148	150	151	152	153	155	156	157	158	160	161	162	163	165	166	167	168	170	171	172	173	175	176	177	178
Unassigned;Other;Other;Other;Other;Other	0.00763384910311	0.00704368833134	0.00706486833654	0.000472539038168	0.000464113134402	0.000235388272956	0.00054684651841	0.000351154420156	0.00693714525962	0.000606163470165	0.00221018553107	0.000249190132071	0.000708412940343	0.000172430781358	0.000272392972261	0.00135893648449	0.00159439944288	0.000742220953468	0.000495540138751	0.000348954880134	0.000247134193867	0.000810269094631	0.000385191525786	0.000642430655279	0.000389105058366	0.000411345294993	0.000387512004448
k__Bacteria;p__Acidobacteria;c__Acidobacteriia;o__Acidobacteriales;f__Acidobacteriaceae;g__Terriglobus	0.000308092564699	0.000174636900777	0.000795179985931	0.0	0.0	0.0	0.0	0.0	0.0	0.0	0.0	0.0	0.0	0.0	0.0	0.0	9.16321518895e-05	9.5156532496e-05	0.0	0.0	0.0	0.0	0.0	0.0	0.0	0.0	0.0
k__Bacteria;p__Acidobacteria;c__[Chloracidobacteria];o__RB41;f__Ellin6075;g__	0.0	8.73184503886e-05	0.0	0.0	0.0	0.0	0.0	0.0	0.0	0.0	0.0	0.0	0.0	0.0	0.0	0.0	0.0	0.0	0.0	0.0	0.0	0.0	0.0	0.0	0.0	0.0	0.0
k__Bacteria;p__Actinobacteria;c__Acidimicrobiia;o__Acidimicrobiales;f__;g__	0.0	0.0	0.0	0.0	2.73007726119e-05	0.0	0.0	0.0	0.0	0.0	0.0	6.22975330177e-05	0.0	7.38989062962e-05	0.0	1.96947316593e-05	0.0	0.0	0.0	0.0	0.0	0.0	0.0	0.0	0.0	1.95878711902e-05	1.68483480195e-05
k__Bacteria;p__Actinobacteria;c__Actinobacteria;o__Actinomycetales;Other;Other	0.0	2.91061501295e-05	0.0	0.0	0.0	0.0	0.0	0.0	0.000289047719151	0.0	0.0	0.0	0.0	0.0	0.0	0.0	0.0	0.0	0.0	0.0	0.0	0.0	0.0	0.0	0.0	0.0	0.0
k__Bacteria;p__Actinobacteria;c__Actinobacteria;o__Actinomycetales;f__;g__	0.0	0.0	0.0	0.0	0.0	0.0	0.0	0.0	0.000131385326887	0.0	0.0	0.0	0.000150269411588	0.0	0.0	0.0	0.0	0.0	0.0	0.0	0.0	0.0	0.0	0.0	0.0	0.0	0.0
k__Bacteria;p__Actinobacteria;c__Actinobacteria;o__Actinomycetales;f__Actinomycetaceae;g__	0.0	0.0	0.0	0.0	0.0	0.0	0.0	0.0	0.0	0.0	0.0	0.0	6.44011763948e-05	0.0	0.0	0.0	0.0	0.0	0.0	0.0	0.0	0.0	0.0	0.0	0.0	0.0	0.0
k__Bacteria;p__Actinobacteria;c__Actinobacteria;o__Actinomycetales;f__Actinomycetaceae;g__Actinomyces	0.0	0.0	0.0	0.0	0.0	0.0	0.0	0.0	0.0	0.0	0.0	0.0	0.0	0.000172430781358	0.0	0.0	0.0	0.0	0.0	0.0	0.0	4.26457418227e-05	0.0	0.0	0.0	0.0	0.0
k__Bacteria;p__Actinobacteria;c__Actinobacteria;o__Actinomycetales;f__Beutenbergiaceae;Other	0.000102697521566	0.0	0.0	0.0	0.0	0.0	0.0	0.0	7.8831196132e-05	0.0	0.0	0.0	0.0	0.0	0.0	0.0	0.0	0.0	0.0	0.0	0.0	0.0	0.0	0.0	0.0	0.0	0.0
k__Bacteria;p__Actinobacteria;c__Actinobacteria;o__Actinomycetales;f__Beutenbergiaceae;g__Salana	0.000239627550322	0.000116424600518	9.17515368382e-05	0.0	0.0	0.0	0.0	0.0	0.0	0.0	0.0	0.0	0.0	0.0	0.0	0.0	0.00034820217718	1.90313064992e-05	0.0	0.0	0.0	0.0	0.0	0.0	0.0	0.0	0.0
k__Bacteria;p__Actinobacteria;c__Actinobacteria;o__Actinomycetales;f__Bogoriellaceae;g__Georgenia	0.0	0.0	0.0	0.0	0.0	0.0	0.0	0.0	0.0	0.0	0.0	0.0	0.0	0.0	0.0	0.0	5.49792911337e-05	0.0	0.0	0.0	0.0	0.0	0.0	0.0	0.0	0.0	0.0
k__Bacteria;p__Actinobacteria;c__Actinobacteria;o__Actinomycetales;f__Brevibacteriaceae;g__Brevibacterium	0.0	0.0	0.0	0.0	0.0	0.0	0.0	0.0	0.000210216523019	0.0	0.0	0.0	0.0	0.0	0.0	0.0	0.0	0.0	0.0	0.0	0.0	0.0	0.0	0.0	0.0	0.0	0.0
k__Bacteria;p__Actinobacteria;c__Actinobacteria;o__Actinomycetales;f__Cellulomonadaceae;g__Cellulomonas	0.000513487607832	0.000349273801554	0.000244670764902	0.0	0.0	0.0	2.60403104005e-05	0.0	0.000131385326887	0.0	0.0	0.0	0.0	0.0	0.0	0.0	0.0	0.0	0.0	0.0	0.0	0.0	0.0	0.0	1.85288123031e-05	0.0	0.0
k__Bacteria;p__Actinobacteria;c__Actinobacteria;o__Actinomycetales;f__Corynebacteriaceae;g__Corynebacterium	0.0	5.8212300259e-05	0.0	0.0	2.73007726119e-05	0.0	0.0	0.0	0.0	0.0	0.0	0.0	0.0	0.0	0.0	0.0	0.0	0.0	0.0	0.0	0.0	0.0	0.0	0.0	0.0	0.0	0.0
k__Bacteria;p__Actinobacteria;c__Actinobacteria;o__Actinomycetales;f__Dermabacteraceae;g__	0.0	2.91061501295e-05	9.17515368382e-05	6.44371415684e-05	0.0	0.0	7.81209312015e-05	0.0	0.000131385326887	0.0	0.0	0.0	0.0	0.0	0.0	0.0	0.0	0.0	0.0	0.0	0.0	0.0	0.0	0.0	0.0	0.0	0.0
k__Bacteria;p__Actinobacteria;c__Actinobacteria;o__Actinomycetales;f__Dermabacteraceae;g__Brachybacterium	3.42325071888e-05	0.0	3.05838456127e-05	4.29580943789e-05	0.0	0.0	5.2080620801e-05	0.0	0.0	0.0	0.0	0.0	0.0	0.0	0.0	0.0	0.0	0.0	0.0	0.0	0.0	0.0	0.0	0.0	0.0	0.0	0.0
k__Bacteria;p__Actinobacteria;c__Actinobacteria;o__Actinomycetales;f__Dietziaceae;g__Dietzia	0.0	0.0	0.0	0.0	0.0	0.0	0.0	0.0	0.000157662392264	0.0	0.0	0.0	0.0	0.0	0.0	0.0	0.0	0.0	0.0	0.0	0.0	0.0	0.0	0.0	0.0	0.0	0.0
k__Bacteria;p__Actinobacteria;c__Actinobacteria;o__Actinomycetales;f__Geodermatophilaceae;g__	0.000136930028755	5.8212300259e-05	9.17515368382e-05	0.0	0.0	0.0	0.0	0.0	0.0	0.0	0.0	0.0	0.0	0.0	0.0	0.0	0.0	0.0	0.0	0.0	0.0	0.0	0.0	0.0	0.0	0.0	0.0
k__Bacteria;p__Actinobacteria;c__Actinobacteria;o__Actinomycetales;f__Gordoniaceae;g__Gordonia	0.000136930028755	2.91061501295e-05	0.000122335382451	0.0	0.0	0.0	0.0	0.0	0.0	0.0	0.0	0.0	0.0	0.0	0.0	0.0	0.0	0.0	0.0	0.0	0.0	0.0	0.0	0.0	0.0	0.0	0.0
k__Bacteria;p__Actinobacteria;c__Actinobacteria;o__Actinomycetales;f__Intrasporangiaceae;Other	0.0	0.0	0.0	0.0	0.0	0.0	0.0	0.0	7.8831196132e-05	0.0	0.0	0.0	0.0	0.0	0.0	0.0	0.0	0.0	0.0	0.0	0.0	0.0	0.0	0.0	0.0	0.0	0.0
k__Bacteria;p__Actinobacteria;c__Actinobacteria;o__Actinomycetales;f__Kineosporiaceae;Other	0.000410790086266	0.000669441452979	0.000458757684191	0.0	0.0	0.0	0.0	0.0	0.0	0.0	0.0	0.0	0.0	0.0	0.0	0.0	0.0	0.0	0.0	0.0	0.0	0.0	0.0	0.0	0.0	0.0	0.0
k__Bacteria;p__Actinobacteria;c__Actinobacteria;o__Actinomycetales;f__Kineosporiaceae;g__	3.42325071888e-05	5.8212300259e-05	0.000183503073676	0.0	0.0	0.0	0.0	0.0	0.0	0.0	0.0	0.0	0.0	0.0	0.0	0.0	0.0	0.0	0.0	0.0	0.0	0.0	0.0	0.0	0.0	0.0	0.0
k__Bacteria;p__Actinobacteria;c__Actinobacteria;o__Actinomycetales;f__Kineosporiaceae;g__Kineococcus	0.0	0.000116424600518	6.11676912255e-05	0.0	0.0	0.0	0.0	0.0	0.0	0.0	0.0	0.0	0.0	0.0	0.0	0.0	0.0	0.0	0.0	0.0	0.0	0.0	0.0	0.0	0.0	0.0	0.0
k__Bacteria;p__Actinobacteria;c__Actinobacteria;o__Actinomycetales;f__Microbacteriaceae;Other	0.000992742708476	0.000407486101813	0.000581093066642	0.0	0.0	0.0	0.0	0.0	0.000630649569056	0.0	0.0	0.0	0.0	0.0	0.0	0.0	0.0	0.0	0.0	0.0	1.90103226052e-05	4.26457418227e-05	2.13995292104e-05	0.0	0.0	0.0	1.68483480195e-05
k__Bacteria;p__Actinobacteria;c__Actinobacteria;o__Actinomycetales;f__Microbacteriaceae;g__	0.00126660276599	0.00145530750648	0.00100926690522	0.0	0.0	0.0	0.0	0.0	0.000105108261509	0.0	0.0	0.0	0.0	0.0	0.0	1.96947316593e-05	0.0	0.000114187838995	0.0	0.0	0.0	0.0	0.0	0.0	0.0	0.0	0.0
k__Bacteria;p__Actinobacteria;c__Actinobacteria;o__Actinomycetales;f__Microbacteriaceae;g__Agrococcus	0.000102697521566	5.8212300259e-05	0.000183503073676	0.0	0.0	0.0	0.0	0.0	2.62770653773e-05	0.0	0.0	0.0	0.0	0.0	0.0	0.0	0.0	7.61252259968e-05	0.0	0.0	0.0	0.0	0.0	0.0	0.0	0.0	0.0
k__Bacteria;p__Actinobacteria;c__Actinobacteria;o__Actinomycetales;f__Microbacteriaceae;g__Agromyces	0.000102697521566	8.73184503886e-05	0.000122335382451	0.0	0.0	0.0	0.0	0.0	0.0	0.0	0.0	0.0	0.0	0.0	0.0	0.0	0.0	0.0	0.0	0.0	0.0	0.0	0.0	0.0	0.0	0.0	0.0
k__Bacteria;p__Actinobacteria;c__Actinobacteria;o__Actinomycetales;f__Microbacteriaceae;g__Cryocola	0.0	2.91061501295e-05	6.11676912255e-05	0.0	0.0	0.0	0.0	0.0	0.0	0.0	0.0	0.0	0.0	0.0	0.0	0.0	0.0	0.0	0.0	0.0	0.0	0.0	0.0	0.0	0.0	0.0	1.68483480195e-05
k__Bacteria;p__Actinobacteria;c__Actinobacteria;o__Actinomycetales;f__Microbacteriaceae;g__Curtobacterium	0.00253320553197	0.00261955351166	0.0033642230174	0.0	0.0	0.0	0.0	0.0	0.0	0.0	0.0	0.0	0.0	7.38989062962e-05	0.0	7.87789266371e-05	0.0	1.90313064992e-05	3.30360092501e-05	0.0	0.0	0.0	0.0	0.0	0.0	0.0	3.3696696039e-05
k__Bacteria;p__Actinobacteria;c__Actinobacteria;o__Actinomycetales;f__Microbacteriaceae;g__Leucobacter	3.42325071888e-05	8.73184503886e-05	0.000244670764902	0.0	0.0	2.35388272956e-05	0.0	0.0	0.00352112676056	0.0	0.0	0.0	0.0	0.0	0.0	0.0	0.0	0.0	0.0	0.0	0.0	0.0	0.0	0.0	0.0	0.0	0.0
k__Bacteria;p__Actinobacteria;c__Actinobacteria;o__Actinomycetales;f__Microbacteriaceae;g__Microbacterium	0.0235177324387	0.00622871612772	0.00837997369789	0.0	5.46015452237e-05	0.0	0.0	0.0	0.00643788101745	2.42465388066e-05	0.000124517494708	0.0	0.0	7.38989062962e-05	0.0	0.000137863121615	7.33057215116e-05	0.000114187838995	8.25900231252e-05	1.74477440067e-05	0.0	2.13228709113e-05	2.13995292104e-05	3.77900385458e-05	5.55864369094e-05	0.0	0.0
k__Bacteria;p__Actinobacteria;c__Actinobacteria;o__Actinomycetales;f__Microbacteriaceae;g__Pseudoclavibacter	0.000171162535944	0.0	3.05838456127e-05	0.0	0.0	0.0	0.0	0.0	0.000131385326887	0.0	0.0	0.0	0.0	2.46329687654e-05	0.0	0.0	0.0	0.0	0.0	0.0	0.0	0.0	0.0	0.0	0.0	0.0	0.0
k__Bacteria;p__Actinobacteria;c__Actinobacteria;o__Actinomycetales;f__Micrococcaceae;Other	0.000136930028755	2.91061501295e-05	3.05838456127e-05	0.0	0.0	0.0	0.0	0.0	0.0140319529115	2.42465388066e-05	0.0	0.0	0.0	0.0	4.53988287102e-05	0.0	3.66528607558e-05	0.0	0.0	0.0	0.0	0.0	0.0	0.0	0.0	0.0	0.0
k__Bacteria;p__Actinobacteria;c__Actinobacteria;o__Actinomycetales;f__Micrococcaceae;g__	0.0	2.91061501295e-05	0.0	0.0	0.0	0.0	0.0	0.0	0.00225982762245	0.0	0.0	0.0	0.0	0.0	0.0	0.0	3.66528607558e-05	0.0	0.0	0.0	0.0	0.0	0.0	0.0	0.0	0.0	0.0
k__Bacteria;p__Actinobacteria;c__Actinobacteria;o__Actinomycetales;f__Micrococcaceae;g__Arthrobacter	0.0	0.000145530750648	3.05838456127e-05	0.0	0.0	0.0	0.0	0.0	0.0107998738701	0.0	0.0	0.0	0.0	0.0	2.26994143551e-05	0.0	3.66528607558e-05	0.0	0.0	0.0	0.0	0.0	0.0	0.0	7.41152492125e-05	0.0	0.0
k__Bacteria;p__Actinobacteria;c__Actinobacteria;o__Actinomycetales;f__Micrococcaceae;g__Nesterenkonia	0.0	0.0	9.17515368382e-05	0.0	0.0	0.0	0.0	0.0	0.0	0.0	0.0	0.0	0.0	0.0	0.0	0.0	0.0	0.0	0.0	0.0	0.0	0.0	0.0	0.0	0.0	0.0	0.0
k__Bacteria;p__Actinobacteria;c__Actinobacteria;o__Actinomycetales;f__Mycobacteriaceae;g__Mycobacterium	0.00167739285225	0.00125156445557	0.00204911765605	2.14790471895e-05	0.0	2.35388272956e-05	2.60403104005e-05	6.58414537793e-05	2.62770653773e-05	0.0	0.0	0.0	4.29341175965e-05	0.0	0.0	0.000256031511571	0.00034820217718	5.70939194976e-05	0.000264288074001	0.00015702969606	1.90103226052e-05	6.3968612734e-05	0.0	5.66850578188e-05	1.85288123031e-05	3.91757423803e-05	0.0
k__Bacteria;p__Actinobacteria;c__Actinobacteria;o__Actinomycetales;f__Nocardiaceae;g__Rhodococcus	0.000136930028755	0.000116424600518	0.000122335382451	0.0	0.0	0.0	0.0	0.0	0.000131385326887	0.0	0.0	0.0	0.0	0.0	0.0	0.0	0.0	0.0	0.0	0.0	0.0	0.0	0.0	0.0	0.0	0.0	0.0
k__Bacteria;p__Actinobacteria;c__Actinobacteria;o__Actinomycetales;f__Nocardioidaceae;g__	0.000136930028755	8.73184503886e-05	0.00033642230174	0.0	0.0	0.0	0.0	0.0	0.000472987176792	0.0	0.0	0.0	0.0	0.0	0.0	0.0	0.0	0.0	0.0	0.0	0.0	0.0	0.0	0.0	0.0	0.0	0.0
k__Bacteria;p__Actinobacteria;c__Actinobacteria;o__Actinomycetales;f__Nocardioidaceae;g__Nocardioides	0.000171162535944	0.000116424600518	0.000214086919289	0.0	0.0	0.0	0.0	0.0	0.0	0.0	0.0	0.0	0.0	0.0	0.0	0.0	0.0	0.0	0.0	0.0	0.0	0.0	0.0	0.0	0.0	0.0	0.0
k__Bacteria;p__Actinobacteria;c__Actinobacteria;o__Actinomycetales;f__Promicromonosporaceae;Other	0.000205395043133	8.73184503886e-05	0.000183503073676	0.0	0.0	0.0	0.0	0.0	0.0	0.0	0.0	0.0	0.0	0.0	0.0	0.0	0.0	7.61252259968e-05	0.0	0.0	0.0	0.0	0.0	0.0	0.0	0.0	0.0
k__Bacteria;p__Actinobacteria;c__Actinobacteria;o__Actinomycetales;f__Pseudonocardiaceae;g__Pseudonocardia	6.84650143777e-05	0.0	3.05838456127e-05	0.0	0.0	0.0	0.0	0.0	0.0	0.0	0.0	0.0	0.0	0.0	0.0	0.0	0.0	0.0	0.0	0.0	0.0	0.0	0.0	0.0	0.0	9.79393559508e-05	0.0
k__Bacteria;p__Actinobacteria;c__Actinobacteria;o__Actinomycetales;f__Sanguibacteraceae;g__Sanguibacter	0.000136930028755	0.0	9.17515368382e-05	0.0	0.0	0.0	0.0	6.58414537793e-05	0.000183939457641	0.0	0.0	0.0	0.0	0.0	0.0	0.0	0.0	3.80626129984e-05	0.0	0.0	0.0	0.0	0.0	0.0	0.0	0.0	0.0
k__Bacteria;p__Actinobacteria;c__Thermoleophilia;o__Gaiellales;f__Gaiellaceae;g__	0.0	0.0	0.0	0.0	0.0	0.0	0.0	0.0	0.000131385326887	0.0	0.0	0.0	0.0	0.0	0.0	0.0	0.0	0.0	0.0	0.0	0.0	0.0	0.0	0.0	0.0	0.0	0.0
k__Bacteria;p__Actinobacteria;c__Thermoleophilia;o__Solirubrobacterales;f__;g__	0.0	0.0	0.0	0.0	0.0	0.0	0.0	0.0	7.8831196132e-05	0.0	0.0	0.0	0.0	0.0	0.0	0.0	0.0	0.0	0.0	0.0	0.0	0.0	0.0	0.0	0.0	0.0	0.0
k__Bacteria;p__Armatimonadetes;c__Armatimonadia;o__Armatimonadales;f__Armatimonadaceae;g__	0.0	0.0	9.17515368382e-05	0.0	0.0	0.0	0.0	0.0	0.0	0.0	0.0	0.0	0.0	0.0	0.0	0.0	0.0	0.0	0.0	0.0	0.0	0.0	0.0	0.0	0.0	0.0	0.0
k__Bacteria;p__Bacteroidetes;c__Bacteroidia;o__Bacteroidales;f__Porphyromonadaceae;g__Paludibacter	0.0	0.0	0.0	0.0	0.0	0.0	0.0	0.000307260117637	0.0	0.0	0.0	0.0	0.0	0.0	0.0	0.0	0.0	0.0	0.0	0.0	0.0	0.0	0.0	0.0	0.0	0.0	0.0
k__Bacteria;p__Bacteroidetes;c__Bacteroidia;o__Bacteroidales;f__Prevotellaceae;g__Prevotella	0.0	0.0	0.0	0.0	0.0	0.0	0.0	0.0	0.0	0.0	0.0	0.0	0.0	0.0	0.0	0.0	0.0	0.0	0.0	0.0	0.0	0.000106614354557	0.0	7.55800770917e-05	0.0	3.91757423803e-05	0.0
k__Bacteria;p__Bacteroidetes;c__Bacteroidia;o__Bacteroidales;f__[Paraprevotellaceae];g__CF231	0.0	0.0	0.0	0.0	0.0	0.0	0.0	0.0	0.0	0.0	0.0	0.0	0.0	0.0	0.0	0.0	0.000109958582267	0.0	0.0	0.0	0.0	0.0	0.0	0.0	0.0	0.0	0.0
k__Bacteria;p__Bacteroidetes;c__Cytophagia;o__Cytophagales;f__Cytophagaceae;g__	0.000308092564699	0.000261955351166	0.000734012294706	0.0	0.0	0.0	0.0	0.000153630058818	0.0	0.0	0.0	0.0	0.0	0.0	0.0	0.0	0.0	0.0	0.0	0.0	0.0	0.0	0.0	0.0	0.0	0.0	0.0
k__Bacteria;p__Bacteroidetes;c__Cytophagia;o__Cytophagales;f__Cytophagaceae;g__Dyadobacter	0.000171162535944	0.000232849201036	0.000244670764902	0.0	0.0	0.0	0.0	0.0	7.8831196132e-05	0.0	0.0	0.0	0.0	0.0	0.0	0.0	0.0	0.0	0.0	0.0	0.0	0.0	0.0	0.0	0.0	0.0	0.0
k__Bacteria;p__Bacteroidetes;c__Cytophagia;o__Cytophagales;f__Cytophagaceae;g__Emticicia	3.42325071888e-05	2.91061501295e-05	6.11676912255e-05	0.0	0.0	0.0	0.0	0.0	0.0	0.0	0.0	0.0	0.0	0.0	0.0	0.0	0.0	0.0	0.0	0.0	0.0	0.0	0.0	0.0	0.0	0.0	0.0
k__Bacteria;p__Bacteroidetes;c__Cytophagia;o__Cytophagales;f__Cytophagaceae;g__Hymenobacter	0.000513487607832	0.000436592251943	0.000948099213995	0.0	0.0	0.0	0.0	0.0	0.0	0.0	0.0	0.0	0.0	0.0	0.0	0.0	0.0	0.0	0.0	0.0	0.0	0.0	0.0	0.0	0.0	0.0	0.0
k__Bacteria;p__Bacteroidetes;c__Cytophagia;o__Cytophagales;f__Cytophagaceae;g__Leadbetterella	3.42325071888e-05	2.91061501295e-05	9.17515368382e-05	0.0	0.0	0.0	0.0	0.0	0.0	0.0	0.0	0.0	0.0	0.0	0.0	0.0	0.0	0.0	0.0	0.0	0.0	0.0	0.0	0.0	0.0	0.0	0.0
k__Bacteria;p__Bacteroidetes;c__Cytophagia;o__Cytophagales;f__Cytophagaceae;g__Spirosoma	0.000924277694098	0.00061122915272	0.000550509221029	0.0	0.0	0.0	0.0	0.0	0.0	0.0	0.0	0.0	0.0	0.0	0.0	0.0	0.0	0.0	0.0	0.0	0.0	0.0	0.0	0.0	0.0	0.0	0.0
k__Bacteria;p__Bacteroidetes;c__Flavobacteriia;o__Flavobacteriales;f__Flavobacteriaceae;g__	0.00308092564699	0.000698547603109	0.0014374407438	0.0	0.000136503863059	0.0	5.2080620801e-05	0.0	0.0173165860837	4.84930776132e-05	0.0	0.0	0.0	0.0	0.0	3.93894633186e-05	0.0	0.000285469597488	0.0	5.23432320201e-05	0.0	0.0	0.0	0.0	1.85288123031e-05	0.0	0.0
k__Bacteria;p__Bacteroidetes;c__Flavobacteriia;o__Flavobacteriales;f__Flavobacteriaceae;g__Flavobacterium	0.00342325071888	0.000931396804145	0.00171269535431	0.0	0.0	0.0	0.0	0.0	0.000341601849905	0.0	0.0	0.0	0.0	0.0	0.0	0.0	0.000128285012645	5.70939194976e-05	0.0	0.0	0.0	4.26457418227e-05	0.0	0.0	0.0	0.0	0.0
k__Bacteria;p__Bacteroidetes;c__Flavobacteriia;o__Flavobacteriales;f__Flavobacteriaceae;g__Myroides	0.0	0.0	0.0	0.0	0.0	0.0	0.0	0.0	0.00680575993273	0.0	0.0	0.0	0.0	0.0	0.0	0.0	0.0	0.0	0.0	0.0	0.0	0.0	0.0	0.0	0.0	0.0	0.0
k__Bacteria;p__Bacteroidetes;c__Flavobacteriia;o__Flavobacteriales;f__[Weeksellaceae];g__	0.0	0.000174636900777	0.000122335382451	0.0	0.0	0.0	0.0	0.0	0.0	0.0	0.0	0.0	0.0	0.0	0.0	0.0	0.0	0.0	0.0	0.0	0.0	0.0	0.0	0.0	0.0	0.0	0.0
k__Bacteria;p__Bacteroidetes;c__Flavobacteriia;o__Flavobacteriales;f__[Weeksellaceae];g__Chryseobacterium	0.0143434205121	0.00614139767733	0.0111019359574	6.44371415684e-05	0.000546015452237	0.000141232963774	0.00117181396802	0.000109735756299	0.000157662392264	4.84930776132e-05	3.1129373677e-05	0.0	0.0	0.0	0.000340491215327	0.000689315608075	0.00192427518968	0.000418688742982	0.000677238189627	0.000418745856161	5.70309678155e-05	0.000383811676404	0.0	0.000434585443277	0.000259403372244	5.87636135705e-05	1.68483480195e-05
k__Bacteria;p__Bacteroidetes;c__Flavobacteriia;o__Flavobacteriales;f__[Weeksellaceae];g__Elizabethkingia	3.42325071888e-05	0.000203743050907	0.0	0.0	0.0	0.0	7.81209312015e-05	0.0	0.0	0.0	0.0	0.0	0.0	0.0	0.0	0.0	1.83264303779e-05	0.0	0.0	0.0	0.0	0.0	0.0	0.000245635250548	0.0	0.0	0.0
k__Bacteria;p__Bacteroidetes;c__Flavobacteriia;o__Flavobacteriales;f__[Weeksellaceae];g__Wautersiella	0.0	0.000145530750648	6.11676912255e-05	0.0	0.0	0.0	0.0	4.38943025195e-05	0.0484023544251	0.0	0.0	0.0	0.0	0.0	0.0	0.0	0.000109958582267	0.0	0.0	0.0	0.0	0.0	0.0	0.0	0.0	0.0	0.0
k__Bacteria;p__Bacteroidetes;c__Flavobacteriia;o__Flavobacteriales;f__[Weeksellaceae];g__Weeksella	0.0	8.73184503886e-05	0.0	0.0	0.0	0.0	0.0	0.0	0.0	0.0	0.0	0.0	0.0	0.0	0.0	0.0	0.0	0.0	0.0	0.0	0.0	0.0	0.0	0.0	0.0	0.0	0.0
k__Bacteria;p__Bacteroidetes;c__Sphingobacteriia;o__Sphingobacteriales;f__Sphingobacteriaceae;g__	0.00133506778036	0.00145530750648	0.00241612380341	0.0	0.0	0.0	5.2080620801e-05	0.0	0.00149779272651	0.0	0.0	0.0	0.0	0.0	0.0	0.0	0.000146611443023	1.90313064992e-05	0.0	0.0	0.0	0.000106614354557	0.0	0.0	0.0	0.0	0.0
k__Bacteria;p__Bacteroidetes;c__Sphingobacteriia;o__Sphingobacteriales;f__Sphingobacteriaceae;g__Mucilaginibacter	6.84650143777e-05	2.91061501295e-05	3.05838456127e-05	0.0	0.0	0.0	0.0	0.0	0.0	0.0	0.0	0.0	0.0	0.0	0.0	0.0	0.0	0.0	0.0	0.0	0.0	0.0	0.0	0.0	0.0	0.0	0.0
k__Bacteria;p__Bacteroidetes;c__Sphingobacteriia;o__Sphingobacteriales;f__Sphingobacteriaceae;g__Pedobacter	0.00133506778036	0.000640335302849	0.000978683059608	0.0	0.0	4.70776545912e-05	0.0	0.0	0.000289047719151	0.0	0.0	0.0	0.0	0.0	0.0	0.0	0.0	0.0	0.0	0.0	0.0	0.0	0.0	7.55800770917e-05	0.0	0.0	0.0
k__Bacteria;p__Bacteroidetes;c__Sphingobacteriia;o__Sphingobacteriales;f__Sphingobacteriaceae;g__Sphingobacterium	0.133506778036	0.0167069301743	0.0224179588341	0.000536976179737	0.000819023178356	0.000141232963774	0.000468725587209	0.000109735756299	0.163758671432	2.42465388066e-05	9.3388121031e-05	0.000560677797159	0.000150269411588	9.85318750616e-05	0.000249693557906	0.00187099950763	0.00558956126526	0.000570939194976	0.000858936240502	0.000226820672087	0.000171092903447	0.000724977610986	0.000213995292104	0.000188950192729	0.000389105058366	0.000117527227141	8.42417400974e-05
k__Bacteria;p__Bacteroidetes;c__[Saprospirae];o__[Saprospirales];f__Chitinophagaceae;g__	0.00160892783787	0.000785866053497	0.000978683059608	0.0	0.0	2.35388272956e-05	0.0	0.0	0.000367878915283	2.42465388066e-05	0.0	0.0	0.0	4.92659375308e-05	9.07976574204e-05	0.0	0.0028222702782	3.80626129984e-05	0.000115626032375	3.48954880134e-05	0.0	8.52914836454e-05	0.0	1.88950192729e-05	0.0	5.87636135705e-05	1.68483480195e-05
k__Bacteria;p__Bacteroidetes;c__[Saprospirae];o__[Saprospirales];f__Chitinophagaceae;g__Chitinophaga	0.000342325071888	8.73184503886e-05	0.000152919228064	0.000107395235947	0.0	0.0	0.0	0.0	0.0	0.0	0.0	0.0	0.0	0.0	0.0	0.0	0.0	0.0	0.0	0.0	0.0	0.0	0.0	0.0	0.0	0.0	0.0
k__Bacteria;p__Bacteroidetes;c__[Saprospirae];o__[Saprospirales];f__Chitinophagaceae;g__Niabella	0.000102697521566	0.000232849201036	0.000397589992966	0.0	0.0	0.0	0.0	0.0	0.0	0.0	0.0	0.0	0.0	0.0	0.0	0.0	0.0	0.0	3.30360092501e-05	0.0	0.0	0.0	0.0	0.0	0.0	0.0	0.0
k__Bacteria;p__Bacteroidetes;c__[Saprospirae];o__[Saprospirales];f__Chitinophagaceae;g__Sediminibacterium	0.0	0.0	0.0	0.0	0.0	0.0	0.0	0.0	0.0	2.42465388066e-05	9.3388121031e-05	0.0	0.000300538823176	0.0	0.000340491215327	5.90841949778e-05	1.83264303779e-05	0.0	6.60720185002e-05	0.0	0.0	0.0	0.0	3.77900385458e-05	0.0	0.0	0.0
k__Bacteria;p__Chloroflexi;c__Anaerolineae;o__SBR1031;f__A4b;g__	0.0	0.0	9.17515368382e-05	0.0	0.0	0.0	0.0	0.0	0.0	0.0	0.0	0.0	0.0	0.0	0.0	0.0	0.0	0.0	0.0	0.0	0.0	0.0	0.0	0.0	0.0	0.0	0.0
k__Bacteria;p__Chloroflexi;c__Chloroflexi;o__Herpetosiphonales;f__;g__	3.42325071888e-05	8.73184503886e-05	0.0	0.0	0.0	0.0	0.0	0.0	0.0	0.0	0.0	0.0	0.0	0.0	0.0	0.0	0.0	0.0	0.0	0.0	0.0	0.0	0.0	0.0	0.0	0.0	0.0
k__Bacteria;p__Cyanobacteria;c__Chloroplast;o__Streptophyta;f__;g__	0.160242366151	0.387257327473	0.463375844879	0.000171832377516	0.000218406180895	0.000117694136478	0.000468725587209	0.000153630058818	7.8831196132e-05	0.000218218849259	3.1129373677e-05	6.22975330177e-05	6.44011763948e-05	2.46329687654e-05	0.000862577745494	0.00224519940916	0.00210753949346	0.000494813968979	0.000445986124876	0.000837491712322	0.000342185806893	0.000682331869163	0.0	0.000245635250548	0.000833796553641	0.000332993810233	0.000269573568312
k__Bacteria;p__Firmicutes;c__Bacilli;Other;Other;Other	0.0	0.0	0.0	0.0	0.0	0.0	0.0	0.0	0.0	0.0	0.0	0.0	0.0	7.38989062962e-05	0.0	0.0	0.0	0.0	0.0	0.0	0.0	0.0	0.0	0.0	0.0	0.0	0.0
k__Bacteria;p__Firmicutes;c__Bacilli;o__Bacillales;Other;Other	0.0	0.000116424600518	0.0	2.14790471895e-05	0.000136503863059	2.35388272956e-05	5.2080620801e-05	2.19471512598e-05	0.00110363674585	4.84930776132e-05	3.1129373677e-05	0.000311487665088	4.29341175965e-05	4.92659375308e-05	6.80982430653e-05	0.0	1.83264303779e-05	1.90313064992e-05	0.0	0.0	5.70309678155e-05	0.000149260096379	0.0	0.0	1.85288123031e-05	0.0	0.0
k__Bacteria;p__Firmicutes;c__Bacilli;o__Bacillales;f__;g__	0.0	0.0	0.0	0.0	0.0	0.0	0.0	0.0	0.0	2.42465388066e-05	0.0	0.0	0.0	0.0	0.000226994143551	0.0	0.0	0.0	6.60720185002e-05	0.0	0.0	0.0	0.0	0.0	0.0	0.0	0.0
k__Bacteria;p__Firmicutes;c__Bacilli;o__Bacillales;f__Alicyclobacillaceae;g__Alicyclobacillus	6.84650143777e-05	0.0	0.0	0.0	8.19023178356e-05	0.000564931855095	2.60403104005e-05	0.0	0.0	0.0	0.000280164363093	0.0	0.0	0.00650310375406	0.0	0.0	0.000109958582267	0.0	0.0	1.74477440067e-05	0.0	0.0	0.0	1.88950192729e-05	0.0	0.0	0.0
k__Bacteria;p__Firmicutes;c__Bacilli;o__Bacillales;f__Bacillaceae;g__	0.0	0.0	0.000152919228064	0.000128874283137	8.19023178356e-05	0.0	7.81209312015e-05	0.000131682907559	0.0	2.42465388066e-05	3.1129373677e-05	0.0	0.0	0.0	0.0	0.0	0.00060477220247	0.0	1.6518004625e-05	0.00010468646404	0.0	0.000234551580025	4.27990584207e-05	0.0	0.000111172873819	9.79393559508e-05	0.0
k__Bacteria;p__Firmicutes;c__Bacilli;o__Bacillales;f__Bacillaceae;g__Bacillus	0.000684650143777	0.000116424600518	0.000428173838578	0.00156797044483	0.00524174834148	0.000870936609938	0.0181761366595	0.0116100430164	0.000735757830565	0.00169725771646	0.00526086415141	0.0199352105657	0.00158856235107	0.00182283968864	0.00842148272575	0.0015952732644	0.00278561741744	0.00178894281092	0.00300627684176	0.0015702969606	0.00266144516472	0.00174847541473	0.000556387759469	0.00168165671529	0.00142671854734	0.000803102718797	0.00124677775344
k__Bacteria;p__Firmicutes;c__Bacilli;o__Bacillales;f__Paenibacillaceae;Other	0.0	0.0	0.0	4.29580943789e-05	0.0	4.70776545912e-05	7.81209312015e-05	0.0	0.0	2.42465388066e-05	0.0	0.000124595066035	0.0	0.000123164843827	0.000204294729196	0.0	1.83264303779e-05	3.80626129984e-05	4.95540138751e-05	0.0	5.70309678155e-05	8.52914836454e-05	0.0	0.0	0.0	0.0	3.3696696039e-05
k__Bacteria;p__Firmicutes;c__Bacilli;o__Bacillales;f__Paenibacillaceae;g__Cohnella	0.0	0.0	0.0	0.000128874283137	0.0	0.0	0.0	0.0	0.0	0.0	0.0	6.22975330177e-05	0.0	0.0	0.0	0.0	0.0	0.0	0.0	0.0	5.70309678155e-05	0.0	0.0	0.0	0.0	1.95878711902e-05	0.000101090088117
k__Bacteria;p__Firmicutes;c__Bacilli;o__Bacillales;f__Paenibacillaceae;g__Paenibacillus	0.00136930028755	0.000960502954274	0.00107043459645	0.00135317997294	0.00169264790194	0.0010592472283	0.00229154731524	0.000702308840313	0.000709480765188	0.000824382319424	0.000902751836633	0.0128955893347	0.00186763411545	0.00416297172135	0.00451718345667	0.00108321024126	0.00219917164535	0.00418688742982	0.00251073670301	0.000802596224308	0.00376404387582	0.00198302699475	0.000877380697625	0.00103922606001	0.00157494904577	0.00103815717308	0.000741327312857
k__Bacteria;p__Firmicutes;c__Bacilli;o__Bacillales;f__Planococcaceae;Other	0.0	0.0	0.0	0.0	0.0	0.0	0.0	0.0	0.000105108261509	0.0	0.0	0.0	0.0	0.0	0.0	0.0	1.83264303779e-05	0.0	0.0	0.0	0.0	0.0	0.0	0.0	0.000111172873819	0.0	0.0
k__Bacteria;p__Firmicutes;c__Bacilli;o__Bacillales;f__Planococcaceae;g__	0.0	0.0	0.0	0.0	5.46015452237e-05	0.0	2.60403104005e-05	0.0	0.0	0.0	0.0	0.0	0.0	2.46329687654e-05	4.53988287102e-05	0.0	0.0	0.0	0.0	0.0	0.0	2.13228709113e-05	0.0	0.0	0.0	0.0	0.0
k__Bacteria;p__Firmicutes;c__Bacilli;o__Bacillales;f__Planococcaceae;g__Planomicrobium	3.42325071888e-05	0.0	3.05838456127e-05	0.0	0.0	0.0	0.0	0.0	0.000183939457641	2.42465388066e-05	0.0	0.0	2.14670587983e-05	0.0	2.26994143551e-05	0.0	1.83264303779e-05	0.0	0.0	0.0	0.0	0.0	0.0	1.88950192729e-05	1.85288123031e-05	0.0	0.0
k__Bacteria;p__Firmicutes;c__Bacilli;o__Bacillales;f__Planococcaceae;g__Rummeliibacillus	0.0	0.0	0.0	0.0	0.0	0.0	0.0	0.0	0.000919697288207	0.0	0.0	0.0	0.0	0.0	0.0	0.0	0.0	0.0	0.0	0.0	1.90103226052e-05	0.0	0.0	0.0	0.0	0.0	0.0
k__Bacteria;p__Firmicutes;c__Bacilli;o__Bacillales;f__Planococcaceae;g__Sporosarcina	0.0	0.0	0.0	0.0	5.46015452237e-05	0.0	0.0	0.0	0.0	0.0	0.0	0.0	0.0	0.0	2.26994143551e-05	0.0	0.0	1.90313064992e-05	0.0	0.0	0.0	0.0	0.0	0.0	0.0	0.0	0.0
k__Bacteria;p__Firmicutes;c__Bacilli;o__Bacillales;f__Staphylococcaceae;g__Jeotgalicoccus	0.0	0.0	0.0	0.0	0.0	0.0	0.0	0.0	0.0	0.0	0.0	0.0	0.0	0.0	0.000158895900486	0.0	0.0	0.0	0.0	0.0	0.0	0.0	0.0	0.0	0.0	0.0	0.0
k__Bacteria;p__Firmicutes;c__Bacilli;o__Bacillales;f__Staphylococcaceae;g__Staphylococcus	0.0	0.0	0.0	0.0	0.0	0.0	0.0	0.0	0.000131385326887	0.0	0.0	0.0	0.0	0.0	0.0	0.0	0.0	0.0	0.0	0.0	0.0	2.13228709113e-05	0.0	0.0	0.0	0.0	0.0
k__Bacteria;p__Firmicutes;c__Bacilli;o__Lactobacillales;Other;Other	0.0	0.0	0.0	0.000128874283137	0.000273007726119	9.41553091825e-05	0.000312483724806	0.000219471512598	0.000210216523019	0.000121232694033	9.3388121031e-05	0.0	0.000257604705579	4.92659375308e-05	0.000136196486131	0.00055145248646	0.000238243594913	0.000171281758493	9.91080277502e-05	5.23432320201e-05	0.0	6.3968612734e-05	0.0	3.77900385458e-05	0.000111172873819	5.87636135705e-05	0.0
k__Bacteria;p__Firmicutes;c__Bacilli;o__Lactobacillales;f__;g__	0.0	0.0	0.0	4.29580943789e-05	0.0	2.35388272956e-05	2.60403104005e-05	0.0	7.8831196132e-05	2.42465388066e-05	0.0	0.000124595066035	0.0	0.0	0.000113497071776	0.000177252584934	5.49792911337e-05	1.90313064992e-05	1.6518004625e-05	8.72387200335e-05	0.000133072258236	0.0	6.41985876311e-05	3.77900385458e-05	3.70576246063e-05	1.95878711902e-05	1.68483480195e-05
k__Bacteria;p__Firmicutes;c__Bacilli;o__Lactobacillales;f__Aerococcaceae;g__	0.0	0.0	9.17515368382e-05	0.0	0.0	0.0	0.0	0.0	0.0	0.0	0.0	0.0	0.0	0.0	0.0	0.0	0.0	0.0	0.0	0.0	0.0	0.0	0.0	0.0	0.0	0.0	0.0
k__Bacteria;p__Firmicutes;c__Bacilli;o__Lactobacillales;f__Enterococcaceae;Other	0.0	2.91061501295e-05	6.11676912255e-05	0.0	0.0	0.0	0.0	0.0	0.00144523859575	0.0	0.0	0.0	0.0	2.46329687654e-05	0.0	0.0	3.66528607558e-05	0.0	0.0	1.74477440067e-05	0.0	2.13228709113e-05	0.0	0.0	0.0	0.0	0.0
k__Bacteria;p__Firmicutes;c__Bacilli;o__Lactobacillales;f__Enterococcaceae;g__	0.0	0.0	0.0	0.0	0.0	0.0	0.0	0.0	7.8831196132e-05	0.0	0.0	0.0	0.0	0.0	0.0	0.0	0.0	0.0	0.0	0.0	0.0	0.0	0.0	0.0	0.0	0.0	0.0
k__Bacteria;p__Firmicutes;c__Bacilli;o__Lactobacillales;f__Enterococcaceae;g__Enterococcus	0.000205395043133	0.000116424600518	0.000367006147353	0.0	0.0	0.0	0.0	4.38943025195e-05	0.0293777590919	4.84930776132e-05	0.000155646868385	0.0	4.29341175965e-05	0.0	0.0	0.0	0.000934647949272	5.70939194976e-05	1.6518004625e-05	8.72387200335e-05	7.60412904207e-05	2.13228709113e-05	0.0	1.88950192729e-05	0.000203816935334	0.0	6.73933920779e-05
k__Bacteria;p__Firmicutes;c__Bacilli;o__Lactobacillales;f__Lactobacillaceae;Other	0.000102697521566	2.91061501295e-05	3.05838456127e-05	0.000171832377516	0.000600616997461	2.35388272956e-05	0.00122389458882	0.000263365815117	0.000446710111415	0.000315205004486	0.000155646868385	0.000436082731124	0.00734173410901	2.46329687654e-05	0.000317791800972	0.00120137863122	0.000751383645494	0.000304500903987	0.000181698050875	0.000540880064208	5.70309678155e-05	0.000895560578276	0.000106997646052	0.000396795404731	0.000352047433759	0.0137115098331	0.000202180176234
k__Bacteria;p__Firmicutes;c__Bacilli;o__Lactobacillales;f__Lactobacillaceae;g__	0.0	0.0	0.0	8.59161887579e-05	0.000163804635671	2.35388272956e-05	0.000312483724806	0.000153630058818	0.0	2.42465388066e-05	9.3388121031e-05	0.0	0.00214670587983	2.46329687654e-05	4.53988287102e-05	0.000256031511571	3.66528607558e-05	5.70939194976e-05	0.0	8.72387200335e-05	0.0	6.3968612734e-05	0.0	3.77900385458e-05	1.85288123031e-05	0.00125362375617	0.0
k__Bacteria;p__Firmicutes;c__Bacilli;o__Lactobacillales;f__Lactobacillaceae;g__Lactobacillus	0.00119813775161	0.00142620135635	0.00155977612625	0.980582941341	0.974200769882	0.992420497611	0.955705432009	0.981388815732	0.540309018289	0.92726038358	0.520669904122	0.937640169449	0.941244660069	0.973494925608	0.974985245381	0.956159527326	0.884525162189	0.965591397849	0.975024777007	0.956398087727	0.927456608939	0.920998763273	0.914530280334	0.983977023657	0.984306095979	0.969756326882	0.990093171365
k__Bacteria;p__Firmicutes;c__Bacilli;o__Lactobacillales;f__Lactobacillaceae;g__Pediococcus	0.0	0.0	0.0	2.14790471895e-05	0.0	0.0	0.0	0.0	5.25541307547e-05	0.0	0.0	0.0	0.000150269411588	0.0	0.0	0.00027572624323	9.16321518895e-05	3.80626129984e-05	0.0	0.00010468646404	0.0	0.000106614354557	0.0	0.0	0.0	0.00182167202068	1.68483480195e-05
k__Bacteria;p__Firmicutes;c__Bacilli;o__Lactobacillales;f__Leuconostocaceae;Other	0.0	0.0	0.0	0.0	0.0	0.0	0.0	0.0	0.0	0.0	0.0	0.0	0.0	0.0	0.0	3.93894633186e-05	3.66528607558e-05	0.0	1.6518004625e-05	0.0	7.60412904207e-05	0.0	0.0	0.0	0.0	0.0	0.0
k__Bacteria;p__Firmicutes;c__Bacilli;o__Lactobacillales;f__Leuconostocaceae;g__	6.84650143777e-05	0.000203743050907	6.11676912255e-05	0.000687329510063	0.000354910043954	0.000188310618365	0.000781209312015	0.000153630058818	0.000157662392264	7.27396164198e-05	0.000342423110447	0.0	0.000515209411159	0.0	0.000249693557906	0.00256031511571	0.00478319832863	0.00070415834047	0.00102411628675	0.000523432320201	0.000608330323366	0.00104482067466	8.55981168414e-05	0.00032121532764	0.000555864369094	0.000489696779754	0.000286421916331
k__Bacteria;p__Firmicutes;c__Bacilli;o__Lactobacillales;f__Leuconostocaceae;g__Leuconostoc	0.000102697521566	0.000407486101813	0.000825763831544	0.000300706660653	5.46015452237e-05	7.06164818869e-05	0.000182282172803	2.19471512598e-05	0.0	0.0	0.000186776242062	0.000436082731124	2.14670587983e-05	9.85318750616e-05	0.000476687701457	0.00055145248646	0.000458160759447	0.0	0.000247770069376	0.000436193600167	0.000608330323366	0.00031984306367	2.13995292104e-05	0.00013226513491	0.000185288123031	0.000137115098331	8.42417400974e-05
k__Bacteria;p__Firmicutes;c__Bacilli;o__Lactobacillales;f__Leuconostocaceae;g__Weissella	0.000205395043133	0.000174636900777	0.000152919228064	0.000107395235947	8.19023178356e-05	0.000141232963774	0.000208322483204	0.0	0.0	0.000169725771646	6.2258747354e-05	0.000249190132071	0.000150269411588	4.92659375308e-05	2.26994143551e-05	0.000807483998031	0.00122787083532	0.000513845275478	0.000330360092501	0.000331507136127	0.000190103226052	0.000490426030961	4.27990584207e-05	1.88950192729e-05	0.000222345747638	0.000215466583092	0.000101090088117
k__Bacteria;p__Firmicutes;c__Bacilli;o__Lactobacillales;f__Streptococcaceae;g__Lactococcus	0.00058195262221	0.000145530750648	0.000244670764902	0.000128874283137	0.0	0.0	0.000104161241602	2.19471512598e-05	0.0	2.42465388066e-05	0.000124517494708	0.0	6.44011763948e-05	0.000172430781358	0.0	3.93894633186e-05	1.83264303779e-05	0.0	1.6518004625e-05	0.0	0.0	0.0	0.0	3.77900385458e-05	0.0	1.95878711902e-05	0.0
k__Bacteria;p__Firmicutes;c__Bacilli;o__Lactobacillales;f__Streptococcaceae;g__Streptococcus	0.0	0.0	0.0	2.14790471895e-05	0.0	4.70776545912e-05	0.0	2.19471512598e-05	0.00202333403406	0.0	0.0	0.0	0.0	9.85318750616e-05	0.0	0.0	0.0	0.0	0.0	0.0	0.0	0.000362488805493	0.0	0.0	0.0	0.0	0.0
k__Bacteria;p__Firmicutes;c__Bacilli;o__Turicibacterales;f__Turicibacteraceae;g__Turicibacter	0.0	2.91061501295e-05	6.11676912255e-05	2.14790471895e-05	0.0	4.70776545912e-05	0.0	0.0	0.000762034895943	9.69861552263e-05	0.0	0.0	0.0	0.0	0.0	0.0	0.0	0.0	0.0	0.0	0.0	0.0	0.0	0.0	1.85288123031e-05	0.0	0.0
k__Bacteria;p__Firmicutes;c__Clostridia;o__Clostridiales;Other;Other	0.0	0.0	0.0	2.14790471895e-05	2.73007726119e-05	0.0	0.0	0.0	0.000472987176792	2.42465388066e-05	0.0	0.0	0.0	2.46329687654e-05	0.0	0.0	5.49792911337e-05	5.70939194976e-05	0.0	0.0	0.0	0.0	0.0	0.0	3.70576246063e-05	3.91757423803e-05	1.68483480195e-05
k__Bacteria;p__Firmicutes;c__Clostridia;o__Clostridiales;f__;g__	0.0	0.0	0.0	0.000128874283137	2.73007726119e-05	0.0	0.000156241862403	0.0	0.000289047719151	2.42465388066e-05	0.0	6.22975330177e-05	0.0	0.000221696718889	0.0	0.0	0.0	0.0	3.30360092501e-05	0.0	5.70309678155e-05	0.000106614354557	0.0	0.0	5.55864369094e-05	3.91757423803e-05	0.0
k__Bacteria;p__Firmicutes;c__Clostridia;o__Clostridiales;f__Christensenellaceae;g__	0.0	0.0	0.0	0.0	0.0	0.0	0.0	0.0	0.0	0.0	0.0	0.0	0.0	0.000123164843827	0.0	0.0	0.0	0.0	0.0	0.0	0.0	0.0	0.0	0.0	0.0	0.0	0.0
k__Bacteria;p__Firmicutes;c__Clostridia;o__Clostridiales;f__Clostridiaceae;Other	0.0	0.0	0.0	0.0	0.0	0.0	2.60403104005e-05	0.0	7.8831196132e-05	0.0	0.0	0.0	0.0	2.46329687654e-05	0.0	0.0	0.0	0.0	0.0	0.0	1.90103226052e-05	4.26457418227e-05	0.0	0.0	0.0	3.91757423803e-05	0.0
k__Bacteria;p__Firmicutes;c__Clostridia;o__Clostridiales;f__Clostridiaceae;g__	0.0	0.0	0.0	0.000257748566274	8.19023178356e-05	7.06164818869e-05	0.000182282172803	0.0	0.000262770653773	9.69861552263e-05	0.000217905615739	0.000436082731124	0.000429341175965	0.00177357375111	0.000635583601943	0.0	1.83264303779e-05	0.0	0.0	0.0	0.0	0.0	0.0	0.0	0.0	0.0	1.68483480195e-05
k__Bacteria;p__Firmicutes;c__Clostridia;o__Clostridiales;f__Clostridiaceae;g__Clostridium	0.0	0.000145530750648	0.000122335382451	2.14790471895e-05	2.73007726119e-05	2.35388272956e-05	0.00052080620801	0.0	0.0	0.000266711926872	0.000186776242062	0.000498380264142	8.58682351931e-05	0.00165040890728	0.000680982430653	0.0	0.000293222886046	0.0	8.25900231252e-05	0.0	5.70309678155e-05	4.26457418227e-05	2.13995292104e-05	3.77900385458e-05	0.0	1.95878711902e-05	6.73933920779e-05
k__Bacteria;p__Firmicutes;c__Clostridia;o__Clostridiales;f__Clostridiaceae;g__SMB53	0.0	0.0	0.0	0.0	8.19023178356e-05	2.35388272956e-05	0.000286443414405	0.0	5.25541307547e-05	0.0	0.0	0.000124595066035	0.0	0.000221696718889	0.0	0.0	0.0	0.0	0.0	0.0	0.0	6.3968612734e-05	0.0	0.0	0.000148230498425	0.0	0.0
k__Bacteria;p__Firmicutes;c__Clostridia;o__Clostridiales;f__Lachnospiraceae;Other	0.0	0.0	0.0	0.0	0.0	0.0	0.0	0.0	5.25541307547e-05	4.84930776132e-05	0.0	0.0	2.14670587983e-05	0.0	0.0	0.0	0.000164937873401	0.000114187838995	6.60720185002e-05	0.0	0.000152082580841	0.0	4.27990584207e-05	5.66850578188e-05	3.70576246063e-05	0.0	1.68483480195e-05
k__Bacteria;p__Firmicutes;c__Clostridia;o__Clostridiales;f__Lachnospiraceae;g__	0.0	0.000203743050907	0.000519925375417	0.000472539038168	0.000682519315297	0.000164771791069	0.00130201552002	0.000482837327715	0.000735757830565	0.000363698082099	0.000373552484124	0.0215549464241	0.000515209411159	0.00140407921963	0.00108957188905	0.000354505169867	0.0017410108859	0.000647064420972	0.000627684175752	0.00015702969606	0.000532289032945	0.000234551580025	0.000106997646052	0.000491270501096	0.000611450806003	0.000215466583092	0.000505450440584
k__Bacteria;p__Firmicutes;c__Clostridia;o__Clostridiales;f__Lachnospiraceae;g__Clostridium	0.0	0.0	0.0	0.0	0.0	0.0	0.0	0.0	0.000105108261509	0.0	0.0	0.0	0.0	0.0	0.0	0.0	0.0	0.0	0.0	0.0	0.0	0.0	0.0	0.0	0.0	0.0	0.0
k__Bacteria;p__Firmicutes;c__Clostridia;o__Clostridiales;f__Lachnospiraceae;g__Coprococcus	0.000205395043133	2.91061501295e-05	0.000183503073676	0.000451059990979	0.000327609271342	0.000282465927547	0.000364564345607	0.000416995873936	0.000735757830565	0.000775889241811	0.000653716847217	0.00249190132071	0.00115922117511	0.00142871218839	0.000817178916784	0.000965041851305	0.00252904739215	0.000913502711961	0.00110670630988	0.000628118784241	0.000285154839078	0.001684506802	8.55981168414e-05	0.000472375481823	0.00029646099685	0.000998981430698	0.00101090088117
k__Bacteria;p__Firmicutes;c__Clostridia;o__Clostridiales;f__Peptostreptococcaceae;Other	0.0	0.0	0.0	0.0	0.0	0.0	0.0	0.0	0.000105108261509	0.0	0.0	0.0	0.0	0.0	0.0	0.0	0.0	0.0	0.0	0.0	0.0	0.0	0.0	0.0	0.0	0.0	0.0
k__Bacteria;p__Firmicutes;c__Clostridia;o__Clostridiales;f__Ruminococcaceae;g__	0.0	0.0	0.0	0.0	0.0	0.0	0.0	0.0	0.0	0.0	0.0	0.0	0.0	0.0	0.0	0.0	0.0	0.0	0.0	0.0	0.000266144516472	0.0	0.0	0.0	0.0	0.0	0.0
k__Bacteria;p__Firmicutes;c__Clostridia;o__Clostridiales;f__Ruminococcaceae;g__Ruminococcus	0.0	0.0	0.0	0.0	0.0	0.0	0.0	0.0	0.0	0.0	0.0	0.0	0.0	0.0	0.0	0.0	0.0	0.0	0.0	3.48954880134e-05	0.0	0.0	0.0	7.55800770917e-05	1.85288123031e-05	0.000117527227141	0.0
k__Bacteria;p__Firmicutes;c__Clostridia;o__Clostridiales;f__Veillonellaceae;g__	0.0	0.0	0.0	0.0	0.0	0.0	0.0	0.0	2.62770653773e-05	0.0	0.0	0.0	0.0	0.000172430781358	0.0	0.0	0.000201590734157	3.80626129984e-05	0.0	0.0	7.60412904207e-05	0.0	0.0	0.0	0.0	0.0	0.0
k__Bacteria;p__Firmicutes;c__Erysipelotrichi;o__Erysipelotrichales;f__Erysipelotrichaceae;g__[Eubacterium]	0.0	0.0	0.0	0.0	0.0	0.0	0.0	0.0	0.0	0.0	0.0	0.0	0.0	0.0	0.0	0.0	0.0	0.0	0.0	0.0	0.0	0.0	0.0	0.0	7.41152492125e-05	0.0	0.0
k__Bacteria;p__Fusobacteria;c__Fusobacteriia;o__Fusobacteriales;f__Leptotrichiaceae;g__Leptotrichia	0.0	0.0	0.0	0.0	0.0	0.0	0.0	0.0	0.0	0.0	0.0	0.0	0.0	0.000197063750123	0.0	0.0	0.0	0.0	0.0	0.0	0.0	0.0	0.0	0.0	0.0	0.0	0.0
k__Bacteria;p__Gemmatimonadetes;c__Gemm-3;o__;f__;g__	3.42325071888e-05	0.0	0.000183503073676	0.0	0.0	0.0	0.0	0.0	0.0	0.0	0.0	0.0	0.0	0.0	0.0	0.0	0.0	0.0	0.0	0.0	0.0	0.0	0.0	0.0	0.0	0.0	0.0
k__Bacteria;p__Planctomycetes;c__Planctomycetia;o__Gemmatales;f__Gemmataceae;g__Gemmata	0.0	0.0	0.0	0.0	0.0	0.0	0.0	0.0	0.0	0.0	0.0	0.0	0.0	0.0	0.0	5.90841949778e-05	0.0	0.0	0.0	0.000139581952054	0.0	0.0	0.0	0.0	0.0	0.0	0.0
k__Bacteria;p__Planctomycetes;c__Planctomycetia;o__Gemmatales;f__Isosphaeraceae;g__	0.000239627550322	0.000174636900777	0.000214086919289	0.0	0.0	0.0	0.0	0.0	0.0	0.0	0.0	0.0	0.0	0.0	0.0	0.0	0.0	0.0	1.6518004625e-05	0.0	0.0	0.0	0.0	0.0	0.0	0.0	0.0
k__Bacteria;p__Planctomycetes;c__Planctomycetia;o__Pirellulales;f__Pirellulaceae;g__	3.42325071888e-05	5.8212300259e-05	0.0	0.0	0.0	0.0	0.0	0.0	0.0	0.0	0.0	0.0	0.0	0.0	0.0	0.0	0.0	0.0	0.0	0.0	0.0	0.0	0.0	0.0	0.0	0.0	0.0
k__Bacteria;p__Planctomycetes;c__Planctomycetia;o__Planctomycetales;f__Planctomycetaceae;g__Planctomyces	3.42325071888e-05	8.73184503886e-05	0.0	0.0	0.0	0.0	0.0	0.0	0.0	0.0	0.0	0.0	0.0	0.0	0.0	0.0	0.0	0.0	0.0	0.0	0.0	0.0	0.0	0.0	0.0	0.0	0.0
k__Bacteria;p__Proteobacteria;Other;Other;Other;Other	0.000239627550322	0.0	0.000152919228064	0.0	0.0	0.0	0.0	0.0	0.0	0.0	0.0	0.0	0.0	0.0	0.0	0.0	0.0	0.0	0.0	0.0	0.0	0.0	0.0	0.0	0.0	0.0	0.0
k__Bacteria;p__Proteobacteria;c__Alphaproteobacteria;Other;Other;Other	3.42325071888e-05	5.8212300259e-05	6.11676912255e-05	0.0	0.0	0.0	0.0	0.0	0.0	2.42465388066e-05	3.1129373677e-05	0.0	0.0	0.0	0.0	0.0	0.0	0.0	0.0	0.0	0.0	0.0	0.0	0.0	0.0	0.0	0.0
k__Bacteria;p__Proteobacteria;c__Alphaproteobacteria;o__;f__;g__	0.0	0.0	0.0	0.0	2.73007726119e-05	2.35388272956e-05	0.0	0.0	0.0	0.0	0.0	0.0	0.0	0.0	0.0	7.87789266371e-05	0.000109958582267	1.90313064992e-05	3.30360092501e-05	0.0	0.0	0.0	0.0	0.0	0.0	0.0	0.0
k__Bacteria;p__Proteobacteria;c__Alphaproteobacteria;o__BD7-3;f__;g__	0.000102697521566	0.000116424600518	3.05838456127e-05	0.0	8.19023178356e-05	0.0	0.0	0.0	0.0	0.0	0.0	0.0	0.0	0.0	0.0	0.0	0.0	0.0	6.60720185002e-05	0.0	0.0	0.0	0.0	0.0	0.0	5.87636135705e-05	0.0
k__Bacteria;p__Proteobacteria;c__Alphaproteobacteria;o__Caulobacterales;f__Caulobacteraceae;Other	0.0	2.91061501295e-05	3.05838456127e-05	4.29580943789e-05	2.73007726119e-05	2.35388272956e-05	2.60403104005e-05	0.0	2.62770653773e-05	0.0	0.0	0.0	0.0	0.0	2.26994143551e-05	0.0	3.66528607558e-05	0.0	0.0	0.0	0.0	0.0	2.13995292104e-05	0.0	0.0	1.95878711902e-05	0.0
k__Bacteria;p__Proteobacteria;c__Alphaproteobacteria;o__Caulobacterales;f__Caulobacteraceae;g__	0.00400520334109	0.00180458130803	0.00321130378934	0.000128874283137	5.46015452237e-05	4.70776545912e-05	0.000260403104005	0.0	0.000210216523019	0.0	0.000186776242062	0.0	0.0	0.0	0.000181595314841	7.87789266371e-05	0.000146611443023	0.000209344371491	9.91080277502e-05	0.00020937292808	1.90103226052e-05	2.13228709113e-05	6.41985876311e-05	0.000188950192729	0.0	5.87636135705e-05	0.000101090088117
k__Bacteria;p__Proteobacteria;c__Alphaproteobacteria;o__Caulobacterales;f__Caulobacteraceae;g__Asticcacaulis	6.84650143777e-05	0.0	0.0	0.0	2.73007726119e-05	0.0	0.0	0.0	0.0	0.0	0.0	0.0	0.0	0.0	0.0	0.0	0.0	0.0	0.0	0.0	0.0	0.0	0.0	0.0	0.0	0.0	0.0
k__Bacteria;p__Proteobacteria;c__Alphaproteobacteria;o__Caulobacterales;f__Caulobacteraceae;g__Brevundimonas	0.000102697521566	2.91061501295e-05	3.05838456127e-05	0.0	0.0	0.0	0.0	0.0	0.00995900777801	0.0	0.0	0.0	0.0	0.0	0.0	0.0	0.0	0.0	0.0	0.0	0.0	0.0	0.0	0.0	0.0	0.0	0.0
k__Bacteria;p__Proteobacteria;c__Alphaproteobacteria;o__Caulobacterales;f__Caulobacteraceae;g__Caulobacter	0.000171162535944	0.000174636900777	0.000244670764902	0.0	0.0	0.0	0.0	0.0	0.0	0.0	0.0	0.0	0.0	0.0	0.0	0.0	0.0	0.0	0.0	1.74477440067e-05	5.70309678155e-05	8.52914836454e-05	0.0	0.0	0.0	0.0	0.0
k__Bacteria;p__Proteobacteria;c__Alphaproteobacteria;o__Caulobacterales;f__Caulobacteraceae;g__Mycoplana	0.00102697521566	5.8212300259e-05	9.17515368382e-05	0.0	0.0	0.0	0.0	0.0	2.62770653773e-05	0.0	0.0	0.0	0.0	0.0	0.0	0.0	0.0	0.0	0.0	0.0	0.0	0.0	0.0	0.0	0.0	0.0	0.0
k__Bacteria;p__Proteobacteria;c__Alphaproteobacteria;o__Caulobacterales;f__Caulobacteraceae;g__Phenylobacterium	0.000205395043133	0.000291061501295	0.000305838456127	0.0	5.46015452237e-05	0.0	0.0	0.0	0.0	0.0	0.0	0.0	0.0	0.0	0.0	0.0	0.000146611443023	0.0	0.0	0.0	0.0	0.0	0.0	0.0	0.0	0.0	0.0
k__Bacteria;p__Proteobacteria;c__Alphaproteobacteria;o__Rhizobiales;Other;Other	0.000273860057511	0.000436592251943	0.000214086919289	0.0	0.0	2.35388272956e-05	0.0	0.0	0.000105108261509	0.0	0.0	0.0	0.0	0.0	0.0	0.0	0.0	0.0	0.0	0.0	0.0	0.0	0.0	0.0	0.0	0.0	0.0
k__Bacteria;p__Proteobacteria;c__Alphaproteobacteria;o__Rhizobiales;f__;g__	0.000958510201287	0.000814972203627	0.00113160228767	0.0	0.0	0.0	0.0	0.0	0.0	0.0	0.0	0.0	0.0	0.0	0.0	5.90841949778e-05	0.000219917164535	5.70939194976e-05	6.60720185002e-05	0.0	0.0	0.0	0.0	0.0	1.85288123031e-05	3.91757423803e-05	0.0
k__Bacteria;p__Proteobacteria;c__Alphaproteobacteria;o__Rhizobiales;f__Aurantimonadaceae;g__	0.00178009037382	0.000931396804145	0.0011927699789	0.0	0.0	0.0	0.0	0.0	0.0	0.0	0.0	0.000311487665088	0.0	0.0	0.0	0.0	0.000238243594913	0.0	9.91080277502e-05	5.23432320201e-05	0.0	0.0	0.0	0.0	0.000148230498425	5.87636135705e-05	0.000101090088117
k__Bacteria;p__Proteobacteria;c__Alphaproteobacteria;o__Rhizobiales;f__Bradyrhizobiaceae;Other	0.000136930028755	8.73184503886e-05	0.000122335382451	0.0	0.0	0.0	0.0	0.0	0.0	0.0	0.0	0.0	0.0	0.0	0.0	0.0	0.0	0.0	0.0	0.0	0.0	0.0	0.0	0.0	0.0	0.0	0.0
k__Bacteria;p__Proteobacteria;c__Alphaproteobacteria;o__Rhizobiales;f__Bradyrhizobiaceae;g__	0.000205395043133	0.000145530750648	9.17515368382e-05	0.0	0.0	0.0	0.0	0.0	0.0	0.0	9.3388121031e-05	0.0	6.44011763948e-05	0.000295595625185	0.0	0.0	0.000109958582267	0.0	3.30360092501e-05	0.0	0.0	0.0	0.0	0.0	0.0	0.0	5.05450440584e-05
k__Bacteria;p__Proteobacteria;c__Alphaproteobacteria;o__Rhizobiales;f__Bradyrhizobiaceae;g__Balneimonas	3.42325071888e-05	5.8212300259e-05	0.0	0.0	0.0	0.0	0.0	0.0	0.0	0.0	0.0	0.0	0.0	0.0	0.0	0.0	0.0	0.0	0.0	0.0	0.0	0.0	0.0	0.0	0.0	0.0	0.0
k__Bacteria;p__Proteobacteria;c__Alphaproteobacteria;o__Rhizobiales;f__Bradyrhizobiaceae;g__Bosea	0.000855812679721	0.000873184503886	0.000458757684191	0.000128874283137	0.0	0.0	0.0	0.0	2.62770653773e-05	0.0	0.0	0.0	4.29341175965e-05	7.38989062962e-05	0.0	0.0	7.33057215116e-05	5.70939194976e-05	0.0	0.0	0.0	0.0	2.13995292104e-05	0.0	0.0	0.0	6.73933920779e-05
k__Bacteria;p__Proteobacteria;c__Alphaproteobacteria;o__Rhizobiales;f__Brucellaceae;Other	3.42325071888e-05	5.8212300259e-05	9.17515368382e-05	0.0	0.0	0.0	0.0	0.0	0.00604372503679	0.0	0.0	0.0	0.0	0.0	0.0	0.0	0.0	0.0	0.0	0.0	0.0	0.0	0.0	0.0	0.0	0.0	0.0
k__Bacteria;p__Proteobacteria;c__Alphaproteobacteria;o__Rhizobiales;f__Brucellaceae;g__Ochrobactrum	0.00924277694098	0.00448234711995	0.00938924060311	0.000107395235947	0.00103742935925	7.06164818869e-05	0.000130201552002	2.19471512598e-05	0.00210216523019	7.27396164198e-05	3.1129373677e-05	0.0	0.000107335293991	2.46329687654e-05	0.0	3.93894633186e-05	0.00274896455668	0.00150347321344	0.00016518004625	0.0	0.000228123871262	0.000149260096379	4.27990584207e-05	0.0	9.26440615157e-05	7.83514847606e-05	3.3696696039e-05
k__Bacteria;p__Proteobacteria;c__Alphaproteobacteria;o__Rhizobiales;f__Brucellaceae;g__Pseudochrobactrum	0.0	0.0	3.05838456127e-05	0.0	0.0	0.0	0.0	0.0	0.000105108261509	0.0	0.0	0.0	0.0	0.0	0.0	0.0	0.0	0.0	0.0	0.0	0.0	0.0	0.0	0.0	0.0	0.0	0.0
k__Bacteria;p__Proteobacteria;c__Alphaproteobacteria;o__Rhizobiales;f__Hyphomicrobiaceae;g__Devosia	0.00222511296727	0.00346363186541	0.00376181301037	8.59161887579e-05	0.000218406180895	0.0	0.0	0.0	0.000446710111415	0.0	0.0	0.0	0.0	7.38989062962e-05	0.0	0.000295420974889	0.000274896455668	5.70939194976e-05	9.91080277502e-05	1.74477440067e-05	0.0	0.000149260096379	0.0	0.000170055173456	3.70576246063e-05	7.83514847606e-05	5.05450440584e-05
k__Bacteria;p__Proteobacteria;c__Alphaproteobacteria;o__Rhizobiales;f__Hyphomicrobiaceae;g__Rhodoplanes	3.42325071888e-05	0.000116424600518	0.0	0.0	0.0	0.0	0.0	0.0	0.0	0.0	0.0	0.0	0.0	0.0	0.0	0.0	0.000201590734157	0.0	0.0	0.0	0.0	0.0	0.0	0.0	0.0	0.0	0.0
k__Bacteria;p__Proteobacteria;c__Alphaproteobacteria;o__Rhizobiales;f__Methylobacteriaceae;g__	0.00869505682596	0.00820793433653	0.0093586567575	0.000128874283137	0.00043681236179	2.35388272956e-05	2.60403104005e-05	8.77886050391e-05	0.0	4.84930776132e-05	0.0	0.0	0.000107335293991	0.0	9.07976574204e-05	0.000236336779911	7.33057215116e-05	1.90313064992e-05	0.0001982160555	5.23432320201e-05	0.0	0.000213228709113	2.13995292104e-05	9.44750963646e-05	0.0	0.0	0.0
k__Bacteria;p__Proteobacteria;c__Alphaproteobacteria;o__Rhizobiales;f__Methylobacteriaceae;g__Methylobacterium	0.00243050801041	0.0025613412114	0.00223262072973	0.0	5.46015452237e-05	2.35388272956e-05	0.0	0.0	0.0	0.0	0.0	0.0	0.0	0.0	0.0	0.000256031511571	5.49792911337e-05	0.000285469597488	4.95540138751e-05	0.000226820672087	1.90103226052e-05	0.000127937225468	4.27990584207e-05	0.0	3.70576246063e-05	0.0	3.3696696039e-05
k__Bacteria;p__Proteobacteria;c__Alphaproteobacteria;o__Rhizobiales;f__Methylocystaceae;g__	0.000376557579077	0.000494804552202	9.17515368382e-05	0.0	8.19023178356e-05	0.0	0.0	0.0	0.0	0.0	0.0	0.0	0.0	0.0	0.0	3.93894633186e-05	0.000329875746802	0.0	0.0	0.0	1.90103226052e-05	0.0	0.0	0.0	0.0	0.0	0.0
k__Bacteria;p__Proteobacteria;c__Alphaproteobacteria;o__Rhizobiales;f__Phyllobacteriaceae;Other	0.0	5.8212300259e-05	6.11676912255e-05	0.0	0.0	0.0	0.0	0.0	0.000105108261509	0.0	0.0	0.0	0.0	0.0	0.0	0.0	3.66528607558e-05	1.90313064992e-05	0.0	0.0	0.0	0.0	0.0	0.0	0.0	0.0	0.0
k__Bacteria;p__Proteobacteria;c__Alphaproteobacteria;o__Rhizobiales;f__Phyllobacteriaceae;g__	0.0	0.000203743050907	0.000519925375417	0.0	0.0	0.0	0.0	0.0	2.62770653773e-05	0.0	0.0	0.0	0.0	0.0	0.0	0.0	0.0	0.0	0.0	0.0	0.0	0.0	0.0	0.0	0.0	0.0	0.0
k__Bacteria;p__Proteobacteria;c__Alphaproteobacteria;o__Rhizobiales;f__Phyllobacteriaceae;g__Mesorhizobium	0.000136930028755	5.8212300259e-05	9.17515368382e-05	0.0	0.0	0.0	0.0	0.0	0.0	0.0	0.0	0.0	0.0	0.0	0.0	0.0	0.000109958582267	9.5156532496e-05	0.0	0.0	0.0	0.0	0.0	0.0	0.0	0.0	0.0
k__Bacteria;p__Proteobacteria;c__Alphaproteobacteria;o__Rhizobiales;f__Rhizobiaceae;Other	0.00109544023004	0.000640335302849	0.00125393767012	0.0	0.0	0.0	2.60403104005e-05	0.0	5.25541307547e-05	0.0	0.0	0.0	0.0	0.0	4.53988287102e-05	1.96947316593e-05	0.000201590734157	9.5156532496e-05	1.6518004625e-05	0.0	0.0	0.0	0.0	3.77900385458e-05	1.85288123031e-05	1.95878711902e-05	5.05450440584e-05
k__Bacteria;p__Proteobacteria;c__Alphaproteobacteria;o__Rhizobiales;f__Rhizobiaceae;g__	0.00236204299603	0.00349273801554	0.0045569929963	0.000236269519084	0.000191105408283	0.0	0.0	4.38943025195e-05	0.0	0.0	0.0	0.0	0.0	0.000221696718889	0.0	0.000177252584934	5.49792911337e-05	0.000247406984489	0.00016518004625	0.00010468646404	0.0	2.13228709113e-05	6.41985876311e-05	0.0	0.0	7.83514847606e-05	0.000101090088117
k__Bacteria;p__Proteobacteria;c__Alphaproteobacteria;o__Rhizobiales;f__Rhizobiaceae;g__Agrobacterium	0.0304326988909	0.0116424600518	0.0162400220204	0.000236269519084	0.000136503863059	9.41553091825e-05	0.000416644966408	6.58414537793e-05	0.000604372503679	7.27396164198e-05	0.000155646868385	6.22975330177e-05	0.000300538823176	0.0	6.80982430653e-05	0.000965041851305	0.00196092805043	0.00163669235893	0.000231252064751	0.000540880064208	0.000361196129498	0.000127937225468	8.55981168414e-05	0.000415690424004	0.000259403372244	0.000411345294993	0.00032011861237
k__Bacteria;p__Proteobacteria;c__Alphaproteobacteria;o__Rhizobiales;f__Rhizobiaceae;g__Kaistia	0.000924277694098	0.00136798905609	0.00122335382451	0.0	2.73007726119e-05	0.0	0.0	0.0	0.0	0.0	0.0	0.0	0.0	0.0	0.0	0.0	0.0	0.0	0.0	0.0	0.0	2.13228709113e-05	0.0	0.0	0.0	0.0	0.0
k__Bacteria;p__Proteobacteria;c__Alphaproteobacteria;o__Rhizobiales;f__Rhizobiaceae;g__Rhizobium	0.0012323702588	0.000873184503886	0.00155977612625	0.0	0.0	0.0	0.0	0.0	0.0	9.69861552263e-05	0.0	0.0	0.0	0.0	0.0	0.00027572624323	0.000403181468314	0.000152250451994	1.6518004625e-05	0.0	0.0	0.0	4.27990584207e-05	0.0	0.0	0.0	0.0
k__Bacteria;p__Proteobacteria;c__Alphaproteobacteria;o__Rhizobiales;f__Xanthobacteraceae;g__Labrys	3.42325071888e-05	5.8212300259e-05	0.000122335382451	0.0	0.0	0.0	0.0	0.0	0.0	0.0	0.0	0.0	0.0	0.0	0.0	1.96947316593e-05	0.0	0.0	0.0	0.0	0.0	0.0	0.0	0.0	0.0	0.0	0.0
k__Bacteria;p__Proteobacteria;c__Alphaproteobacteria;o__Rhodobacterales;f__Rhodobacteraceae;Other	0.0	0.0	6.11676912255e-05	0.0	0.0	0.0	0.0	0.0	0.000998528484339	0.0	0.0	0.0	0.0	0.0	0.0	0.0	3.66528607558e-05	0.0	0.0	0.0	0.0	0.0	0.0	0.0	0.0	0.0	0.0
k__Bacteria;p__Proteobacteria;c__Alphaproteobacteria;o__Rhodobacterales;f__Rhodobacteraceae;g__	0.0	0.0	3.05838456127e-05	0.0	0.0	0.0	0.0	2.19471512598e-05	0.000709480765188	0.0	0.0	0.0	0.0	0.0	0.0	0.0	0.0	0.0	0.0	0.0	0.0	0.0	0.0	0.0	3.70576246063e-05	0.0	0.0
k__Bacteria;p__Proteobacteria;c__Alphaproteobacteria;o__Rhodobacterales;f__Rhodobacteraceae;g__Anaerospora	0.0	0.0	0.0	0.0	0.0	0.0	0.0	0.0	0.00039415598066	0.0	0.0	0.0	0.0	0.0	0.0	0.0	0.0	0.0	0.0	0.0	0.0	0.0	0.0	0.0	0.0	0.0	0.0
k__Bacteria;p__Proteobacteria;c__Alphaproteobacteria;o__Rhodobacterales;f__Rhodobacteraceae;g__Jannaschia	0.0	0.0	0.0	0.0	0.0	0.0	0.0	0.0	0.00110363674585	0.0	0.0	0.0	0.0	0.0	0.0	0.0	0.0	0.0	0.0	0.0	0.0	0.0	0.0	0.0	0.0	0.0	0.0
k__Bacteria;p__Proteobacteria;c__Alphaproteobacteria;o__Rhodobacterales;f__Rhodobacteraceae;g__Paracoccus	0.0	0.000174636900777	0.0	0.0	0.0	0.0	0.0	0.0	0.00457220937566	0.0	0.0	0.0	0.0	0.0	0.0	0.0	0.000146611443023	0.0	0.0	0.0	0.0	0.0	0.0	0.0	0.0	0.0	0.0
k__Bacteria;p__Proteobacteria;c__Alphaproteobacteria;o__Rhodobacterales;f__Rhodobacteraceae;g__Rhodobacter	6.84650143777e-05	2.91061501295e-05	9.17515368382e-05	0.0	0.0	0.0	0.0	0.0	0.000105108261509	0.0	0.0	0.0	0.0	0.0	0.0	7.87789266371e-05	0.0	0.0	0.0	0.0	0.0	0.0	0.0	0.0	0.0	0.0	0.0
k__Bacteria;p__Proteobacteria;c__Alphaproteobacteria;o__Rhodospirillales;f__Acetobacteraceae;Other	3.42325071888e-05	0.000145530750648	0.0	0.0	0.0	0.0	0.0	0.0	0.0	2.42465388066e-05	0.000217905615739	0.0	2.14670587983e-05	0.0	0.0	0.0	0.0	0.0	0.0	1.74477440067e-05	1.90103226052e-05	4.26457418227e-05	2.13995292104e-05	0.0	0.0	0.0	0.0
k__Bacteria;p__Proteobacteria;c__Alphaproteobacteria;o__Rhodospirillales;f__Acetobacteraceae;g__	0.00205395043133	0.00130977675583	0.00198794996483	0.0	0.0	2.35388272956e-05	5.2080620801e-05	0.0	0.0	0.0	6.2258747354e-05	0.0	0.0	7.38989062962e-05	0.0	0.0	5.49792911337e-05	1.90313064992e-05	0.0	1.74477440067e-05	0.0	0.000191905838202	0.0	0.0	0.0	1.95878711902e-05	0.0
k__Bacteria;p__Proteobacteria;c__Alphaproteobacteria;o__Rhodospirillales;f__Acetobacteraceae;g__Acetobacter	0.0	0.0	0.0	0.0	0.0	0.0	0.000234362793604	6.58414537793e-05	0.0184464998949	0.0620226462672	0.46283152783	0.0	0.0373312152502	0.00137944625086	0.000272392972261	0.000177252584934	0.0	1.90313064992e-05	6.60720185002e-05	0.0242174686813	0.053685151037	0.0546505181458	0.0810186175904	0.00219182223566	0.000426162682972	0.000254642325472	5.05450440584e-05
k__Bacteria;p__Proteobacteria;c__Alphaproteobacteria;o__Rhodospirillales;f__Acetobacteraceae;g__Acidisoma	0.000136930028755	5.8212300259e-05	0.00110101844206	0.0	0.0	0.0	0.0	0.0	0.0	0.0	0.0	0.0	0.0	0.0	0.0	0.0	1.83264303779e-05	9.5156532496e-05	0.0	0.0	0.0	0.0	0.0	0.0	0.0	0.0	0.0
k__Bacteria;p__Proteobacteria;c__Alphaproteobacteria;o__Rhodospirillales;f__Acetobacteraceae;g__Gluconobacter	0.000136930028755	0.000145530750648	6.11676912255e-05	0.0	0.0	0.0	0.0	0.0	0.0	0.0	0.0	0.0	0.0	0.000147797812592	0.0	0.0	0.00161272587325	0.0	0.0	0.0	7.60412904207e-05	0.0	0.0	0.0	0.0	0.0	0.0
k__Bacteria;p__Proteobacteria;c__Alphaproteobacteria;o__Rhodospirillales;f__Rhodospirillaceae;g__	3.42325071888e-05	0.0	0.0	0.0	0.0	0.0	0.0	0.0	0.000262770653773	0.0	0.0	0.0	0.0	0.0	0.0	0.0	0.0	0.0	0.0	0.0	0.0	0.0	0.0	0.0	0.0	0.0	0.0
k__Bacteria;p__Proteobacteria;c__Alphaproteobacteria;o__Rhodospirillales;f__Rhodospirillaceae;g__Azospirillum	0.000342325071888	0.000465698402072	0.000642260757868	0.000107395235947	0.0	4.70776545912e-05	5.2080620801e-05	0.0	0.0	0.0	0.0	0.0	0.0	0.0	0.0	1.96947316593e-05	0.0	1.90313064992e-05	0.000115626032375	6.97909760268e-05	0.0	0.0	0.0	0.0	0.0	0.0	0.0
k__Bacteria;p__Proteobacteria;c__Alphaproteobacteria;o__Rickettsiales;f__;g__	0.0	0.0	0.000183503073676	0.0	0.0	0.0	5.2080620801e-05	0.0	0.0	0.0	0.0	0.0	0.0	0.0	4.53988287102e-05	0.0	0.0	0.0	0.0	1.74477440067e-05	0.0	0.0	0.0	0.00013226513491	0.0	0.0	1.68483480195e-05
k__Bacteria;p__Proteobacteria;c__Alphaproteobacteria;o__Rickettsiales;f__mitochondria;Other	0.00205395043133	0.00963413569287	0.00837997369789	0.0	0.0	0.0	0.000286443414405	2.19471512598e-05	5.25541307547e-05	2.42465388066e-05	0.0	0.0	0.0	0.0	0.0	0.000354505169867	1.83264303779e-05	7.61252259968e-05	8.25900231252e-05	3.48954880134e-05	0.0	0.000127937225468	0.0	1.88950192729e-05	1.85288123031e-05	0.0	1.68483480195e-05
k__Bacteria;p__Proteobacteria;c__Alphaproteobacteria;o__Rickettsiales;f__mitochondria;g__Carludovica	3.42325071888e-05	0.000174636900777	3.05838456127e-05	0.0	0.0	0.0	0.0	0.0	0.0	0.0	0.0	0.0	0.0	0.0	0.0	0.0	0.0	0.0	0.0	0.0	0.0	0.0	0.0	0.0	0.0	0.0	0.0
k__Bacteria;p__Proteobacteria;c__Alphaproteobacteria;o__Sphingomonadales;Other;Other	0.000102697521566	0.0	3.05838456127e-05	0.0	0.0	0.0	0.0	0.0	0.0	0.0	0.0	0.0	0.0	0.0	0.0	0.0	0.0	0.0	0.0	0.0	0.0	0.0	0.0	0.0	0.0	0.0	0.0
k__Bacteria;p__Proteobacteria;c__Alphaproteobacteria;o__Sphingomonadales;f__Erythrobacteraceae;g__	0.000136930028755	8.73184503886e-05	0.000275254610515	0.0	0.0	0.0	0.0	0.0	0.000105108261509	0.0	0.0	0.0	0.0	0.0	0.0	0.0	0.0	0.0	0.0	0.0	0.0	0.0	0.0	0.0	0.0	0.0	0.0
k__Bacteria;p__Proteobacteria;c__Alphaproteobacteria;o__Sphingomonadales;f__Sphingomonadaceae;Other	0.000513487607832	8.73184503886e-05	0.000397589992966	0.0	0.0	0.0	0.0	0.0	0.0	0.0	0.0	0.0	0.0	0.0	0.0	0.0	3.66528607558e-05	0.0	0.0	0.0	0.0	0.0	0.0	0.0	0.0	0.0	0.0
k__Bacteria;p__Proteobacteria;c__Alphaproteobacteria;o__Sphingomonadales;f__Sphingomonadaceae;g__	0.000479255100644	0.00110603370492	0.00125393767012	0.0	0.0	0.0	2.60403104005e-05	0.0	0.000131385326887	0.0	0.0	0.0	0.0	0.0	0.0	0.0	3.66528607558e-05	0.000114187838995	0.0	0.0	0.0	0.0	0.0	0.0	3.70576246063e-05	0.0	0.0
k__Bacteria;p__Proteobacteria;c__Alphaproteobacteria;o__Sphingomonadales;f__Sphingomonadaceae;g__Kaistobacter	3.42325071888e-05	8.73184503886e-05	0.0	0.0	0.0	0.0	0.0	0.0	0.0	0.0	0.0	0.0	0.0	0.0	0.0	0.0	0.0	0.0	0.0	0.0	0.0	0.0	0.0	0.0	0.0	0.0	0.0
k__Bacteria;p__Proteobacteria;c__Alphaproteobacteria;o__Sphingomonadales;f__Sphingomonadaceae;g__Novosphingobium	0.00523757359989	0.0038420118171	0.0096033275224	0.0	0.0	0.0	0.000442685276808	2.19471512598e-05	2.62770653773e-05	0.0	0.000217905615739	0.0	0.0	0.0	0.0	0.000196947316593	0.00436169042994	0.000456751355981	6.60720185002e-05	0.000366402624141	0.0	0.000106614354557	6.41985876311e-05	5.66850578188e-05	0.0	5.87636135705e-05	0.0
k__Bacteria;p__Proteobacteria;c__Alphaproteobacteria;o__Sphingomonadales;f__Sphingomonadaceae;g__Sphingobium	0.026290565521	0.00771312978432	0.011530109796	0.0	0.000191105408283	7.06164818869e-05	0.000130201552002	2.19471512598e-05	0.0	4.84930776132e-05	6.2258747354e-05	0.0	0.0	4.92659375308e-05	0.0	0.00082717872969	0.000678077923982	0.000247406984489	0.000313842087876	0.000226820672087	0.000456247742524	0.0	0.0	3.77900385458e-05	0.000463220307578	1.95878711902e-05	5.05450440584e-05
k__Bacteria;p__Proteobacteria;c__Alphaproteobacteria;o__Sphingomonadales;f__Sphingomonadaceae;g__Sphingomonas	0.0623031630837	0.0331519049975	0.073523564853	0.000945078076337	0.00101012858664	0.000141232963774	0.00244778917765	0.000416995873936	0.000262770653773	0.000581916931358	0.000715975594571	0.0	0.0	0.000591191250369	0.000385890044037	0.00449039881832	0.00623098632848	0.0023789133124	0.00160224644863	0.00179711763269	0.000494268387735	0.00100217493283	0.000235394821314	0.00113370115638	0.000555864369094	0.00125362375617	0.000151635132175
k__Bacteria;p__Proteobacteria;c__Alphaproteobacteria;o__Sphingomonadales;f__Sphingomonadaceae;g__Sphingopyxis	0.000171162535944	0.000727653753238	0.000458757684191	0.0	0.0	0.0	5.2080620801e-05	0.0	0.00078831196132	0.0	0.0	0.0	0.0	0.0	0.0	0.000334810438208	7.33057215116e-05	9.5156532496e-05	3.30360092501e-05	0.0	0.0	2.13228709113e-05	0.0	0.0	0.0	0.0	0.0
k__Bacteria;p__Proteobacteria;c__Betaproteobacteria;o__Burkholderiales;Other;Other	0.000342325071888	0.000145530750648	0.000305838456127	0.0	0.0	0.0	0.0	0.0	5.25541307547e-05	0.0	0.0	0.0	0.0	0.0	0.0	1.96947316593e-05	0.0	0.0	0.0	1.74477440067e-05	0.0	0.0	0.0	0.0	0.0	0.0	0.0
k__Bacteria;p__Proteobacteria;c__Betaproteobacteria;o__Burkholderiales;f__;g__	0.000102697521566	0.0	3.05838456127e-05	0.0	0.0	0.0	0.0	0.0	0.0	0.0	0.0	0.0	0.0	0.0	0.0	0.0	0.0	0.0	0.0	0.0	0.0	0.0	0.0	0.0	0.0	0.0	0.0
k__Bacteria;p__Proteobacteria;c__Betaproteobacteria;o__Burkholderiales;f__Alcaligenaceae;Other	0.000205395043133	0.000494804552202	0.000244670764902	0.0	0.0	0.0	0.0	0.0	0.000367878915283	0.0	0.0	0.0	0.0	0.0	0.0	0.0	0.0	0.0	0.0	0.0	0.0	0.0	0.0	0.0	0.0	0.0	0.0
k__Bacteria;p__Proteobacteria;c__Betaproteobacteria;o__Burkholderiales;f__Alcaligenaceae;g__	0.000650417636588	0.000145530750648	0.000183503073676	0.0	0.0	0.0	0.0	0.0	2.62770653773e-05	0.0	0.0	0.0	0.0	0.0	0.0	1.96947316593e-05	0.0	0.0	0.0	0.0	0.0	2.13228709113e-05	0.0	0.0	0.0	0.0	0.0
k__Bacteria;p__Proteobacteria;c__Betaproteobacteria;o__Burkholderiales;f__Alcaligenaceae;g__Achromobacter	0.0350540873614	0.0192973775359	0.0275254610515	0.000472539038168	0.0011466324497	0.000188310618365	0.000442685276808	0.000175577210078	0.00144523859575	0.000218218849259	0.000217905615739	0.000311487665088	0.000193203529184	7.38989062962e-05	0.000158895900486	0.00193008370261	0.00335373675915	0.000856408792464	0.000561612157251	0.000558327808214	0.000703381936391	0.00102349780374	6.41985876311e-05	0.000736905751644	0.000518806744488	0.000763926976416	0.000842417400974
k__Bacteria;p__Proteobacteria;c__Betaproteobacteria;o__Burkholderiales;f__Alcaligenaceae;g__Pigmentiphaga	0.000205395043133	5.8212300259e-05	0.000122335382451	0.0	0.0	0.0	0.0	0.0	0.0	0.0	0.0	0.0	0.0	0.0	0.000113497071776	0.0	0.0	0.0	0.0	0.0	0.0	0.0	0.0	0.0	0.0	0.0	0.0
k__Bacteria;p__Proteobacteria;c__Betaproteobacteria;o__Burkholderiales;f__Burkholderiaceae;g__	3.42325071888e-05	0.0	0.000183503073676	0.0	0.0	0.0	2.60403104005e-05	0.0	0.0	0.0	0.0	0.0	0.0	0.0	0.0	0.0	0.0	0.0	0.0	0.0	1.90103226052e-05	0.0	0.0	1.88950192729e-05	0.0	0.0	0.0
k__Bacteria;p__Proteobacteria;c__Betaproteobacteria;o__Burkholderiales;f__Burkholderiaceae;g__Burkholderia	0.00619608380118	0.0125447507058	0.0236413126587	6.44371415684e-05	8.19023178356e-05	0.0	0.000104161241602	0.0	7.8831196132e-05	7.27396164198e-05	0.0	0.0	0.0	0.0	0.0	0.000216642048252	0.00214419235421	3.80626129984e-05	6.60720185002e-05	0.0	3.80206452103e-05	6.3968612734e-05	0.0	0.000113370115638	0.000148230498425	0.0	0.0
k__Bacteria;p__Proteobacteria;c__Betaproteobacteria;o__Burkholderiales;f__Burkholderiaceae;g__Pandoraea	0.00058195262221	0.000465698402072	0.000611676912255	0.0	0.0	0.0	0.000260403104005	4.38943025195e-05	0.0	0.0	6.2258747354e-05	0.0	0.0	0.0	0.0	0.000157557853274	0.000109958582267	0.0	0.0	0.0	1.90103226052e-05	0.0	0.0	9.44750963646e-05	0.0	3.91757423803e-05	0.0
k__Bacteria;p__Proteobacteria;c__Betaproteobacteria;o__Burkholderiales;f__Burkholderiaceae;g__Salinispora	0.000342325071888	0.000523910702331	0.000152919228064	0.0	0.0	0.0	0.0	0.0	0.0	0.0	0.0	0.0	0.0	0.0	0.0	1.96947316593e-05	0.0	3.80626129984e-05	0.0	0.0	0.0	0.0	0.0	0.0	0.0	0.0	0.0
k__Bacteria;p__Proteobacteria;c__Betaproteobacteria;o__Burkholderiales;f__Comamonadaceae;Other	0.00568259619335	0.00695636988096	0.00721778756461	0.000107395235947	8.19023178356e-05	2.35388272956e-05	0.000260403104005	6.58414537793e-05	0.00399411393736	9.69861552263e-05	6.2258747354e-05	0.0	0.00012880235279	0.0	0.0	0.000315115706548	0.00128285012645	0.000171281758493	0.000132144037	6.97909760268e-05	0.000266144516472	4.26457418227e-05	0.0	5.66850578188e-05	1.85288123031e-05	5.87636135705e-05	8.42417400974e-05
k__Bacteria;p__Proteobacteria;c__Betaproteobacteria;o__Burkholderiales;f__Comamonadaceae;g__	0.00585375872929	0.00526821317344	0.00712603602777	0.000193311424705	0.0	0.000117694136478	0.000156241862403	4.38943025195e-05	0.000762034895943	7.27396164198e-05	0.0	6.22975330177e-05	4.29341175965e-05	0.000197063750123	2.26994143551e-05	0.000177252584934	0.000219917164535	9.5156532496e-05	0.000148662041625	0.000139581952054	5.70309678155e-05	2.13228709113e-05	2.13995292104e-05	9.44750963646e-05	1.85288123031e-05	9.79393559508e-05	0.0
k__Bacteria;p__Proteobacteria;c__Betaproteobacteria;o__Burkholderiales;f__Comamonadaceae;g__Acidovorax	3.42325071888e-05	0.0	0.0	0.0	2.73007726119e-05	0.0	0.0	0.0	0.0	0.0	0.0	0.0	0.0	0.0	0.0	0.0	7.33057215116e-05	0.0	0.0	0.0	0.0	0.0	0.0	0.0	0.0	0.0	0.0
k__Bacteria;p__Proteobacteria;c__Betaproteobacteria;o__Burkholderiales;f__Comamonadaceae;g__Comamonas	0.0039709708339	0.00346363186541	0.00498516683488	0.000171832377516	0.000191105408283	4.70776545912e-05	7.81209312015e-05	0.0	0.0267500525541	9.69861552263e-05	0.000186776242062	0.0	0.0	0.000123164843827	0.000317791800972	3.93894633186e-05	0.000403181468314	0.000114187838995	0.000181698050875	0.0	3.80206452103e-05	2.13228709113e-05	2.13995292104e-05	5.66850578188e-05	0.0	5.87636135705e-05	5.05450440584e-05
k__Bacteria;p__Proteobacteria;c__Betaproteobacteria;o__Burkholderiales;f__Comamonadaceae;g__Delftia	0.00314939066137	0.00445324096982	0.00605560143132	6.44371415684e-05	0.0	0.0	0.0	0.0	2.62770653773e-05	0.0	0.0	0.0	0.0	0.0	0.0	0.000512063023141	0.000897995088517	0.000399657436483	0.0001982160555	0.0	0.000152082580841	0.000191905838202	0.0	0.0	0.0	0.0	1.68483480195e-05
k__Bacteria;p__Proteobacteria;c__Betaproteobacteria;o__Burkholderiales;f__Comamonadaceae;g__Hydrogenophaga	3.42325071888e-05	0.0	6.11676912255e-05	0.0	0.0	0.0	0.0	0.0	0.0	0.0	0.0	0.0	0.0	0.0	0.0	0.0	0.0	0.0	0.0	0.0	0.0	0.0	0.0	0.0	0.0	0.0	0.0
k__Bacteria;p__Proteobacteria;c__Betaproteobacteria;o__Burkholderiales;f__Comamonadaceae;g__Hylemonella	0.0	2.91061501295e-05	6.11676912255e-05	0.0	0.0	0.0	0.0	0.0	0.0	0.0	0.0	0.0	0.0	0.0	0.0	0.0	0.0	0.0	0.0	0.0	0.0	0.0	0.0	0.0	0.0	0.0	0.0
k__Bacteria;p__Proteobacteria;c__Betaproteobacteria;o__Burkholderiales;f__Comamonadaceae;g__Limnohabitans	0.00106120772285	0.00107692755479	0.00134568920696	2.14790471895e-05	0.0	0.0	2.60403104005e-05	4.38943025195e-05	0.0	2.42465388066e-05	0.0	0.0	0.0	0.0	0.0	1.96947316593e-05	7.33057215116e-05	0.0	0.0	1.74477440067e-05	0.000171092903447	6.3968612734e-05	0.0	0.0	0.0	0.0	0.0
k__Bacteria;p__Proteobacteria;c__Betaproteobacteria;o__Burkholderiales;f__Comamonadaceae;g__Methylibium	0.000102697521566	2.91061501295e-05	0.0	0.0	0.0	0.0	0.0	0.0	0.0	0.0	0.0	0.0	0.0	0.0	0.0	0.0	1.83264303779e-05	0.0	0.0	0.0	0.0	0.0	0.0	0.0	0.0	0.0	0.0
k__Bacteria;p__Proteobacteria;c__Betaproteobacteria;o__Burkholderiales;f__Comamonadaceae;g__Paucibacter	3.42325071888e-05	0.000116424600518	9.17515368382e-05	0.0	0.0	0.0	0.0	0.0	0.0	0.0	0.0	0.0	0.0	0.0	0.0	0.0	3.66528607558e-05	0.0	0.0	0.0	0.0	0.0	0.0	0.0	0.0	0.0	0.0
k__Bacteria;p__Proteobacteria;c__Betaproteobacteria;o__Burkholderiales;f__Comamonadaceae;g__Variovorax	0.000102697521566	0.000174636900777	0.000305838456127	0.0	0.0	0.0	0.0	0.0	0.0	0.0	0.0	0.0	0.0	0.0	0.0	0.0	0.0	1.90313064992e-05	0.0	0.0	0.0	0.0	0.0	0.0	0.0	0.0	0.0
k__Bacteria;p__Proteobacteria;c__Betaproteobacteria;o__Burkholderiales;f__Oxalobacteraceae;Other	0.000171162535944	0.0	0.000122335382451	0.0	0.0	0.0	0.0	0.0	0.0	0.0	0.0	0.0	0.0	0.0	0.0	0.0	0.0	0.0	0.0	1.74477440067e-05	0.0	0.0	0.0	1.88950192729e-05	0.0	0.0	0.0
k__Bacteria;p__Proteobacteria;c__Betaproteobacteria;o__Burkholderiales;f__Oxalobacteraceae;g__	0.013590305354	0.00422039176878	0.00443465761385	0.000322185707842	0.000163804635671	2.35388272956e-05	5.2080620801e-05	4.38943025195e-05	0.00102480554972	0.0	0.0	0.0	0.000193203529184	0.0	0.0	0.000452978828163	0.0022358245061	0.00114187838995	0.000528576148001	0.000314059392121	1.90103226052e-05	0.000277197321847	4.27990584207e-05	3.77900385458e-05	3.70576246063e-05	0.000195878711902	0.0
k__Bacteria;p__Proteobacteria;c__Betaproteobacteria;o__Burkholderiales;f__Oxalobacteraceae;g__Cupriavidus	0.000205395043133	0.0	0.000183503073676	0.0	0.0	0.0	0.0	0.0	0.0	0.0	0.0	0.0	0.0	0.0	0.0	0.0	0.0	0.0	0.0	0.0	0.0	0.0	0.0	0.0	0.0	0.0	0.0
k__Bacteria;p__Proteobacteria;c__Betaproteobacteria;o__Burkholderiales;f__Oxalobacteraceae;g__Janthinobacterium	0.000342325071888	0.000553016852461	6.11676912255e-05	0.0	0.0	0.0	0.0	0.0	0.0	0.0	0.0	0.0	0.0	0.0	0.0	7.87789266371e-05	5.49792911337e-05	5.70939194976e-05	3.30360092501e-05	0.0	0.0	0.0	0.0	0.0	0.0	3.91757423803e-05	0.0
k__Bacteria;p__Proteobacteria;c__Betaproteobacteria;o__Burkholderiales;f__Oxalobacteraceae;g__Ralstonia	3.42325071888e-05	5.8212300259e-05	0.000183503073676	0.0	0.0	0.0	0.0	0.0	0.0	0.0	0.0	0.0	0.0	0.0	0.0	0.0	0.0	0.0	0.0	0.0	0.0	0.0	0.0	0.0	0.0	0.0	0.0
k__Bacteria;p__Proteobacteria;c__Betaproteobacteria;o__Neisseriales;f__Neisseriaceae;Other	0.0	0.000116424600518	0.0	0.0	0.0	0.0	0.0	0.0	0.0	0.0	0.0	0.0	0.0	0.0	0.0	0.0	0.0	0.0	0.0	0.0	0.0	0.0	0.0	0.0	0.0	0.0	0.0
k__Bacteria;p__Proteobacteria;c__Betaproteobacteria;o__Neisseriales;f__Neisseriaceae;g__	0.0	0.0	0.0	0.0	0.0	0.0	0.0	0.0	0.0	0.0	0.0	0.0	0.0	0.0	0.0	0.0	0.0	0.0	0.0	0.0	0.0	0.000170582967291	0.0	0.0	0.0	0.0	0.0
k__Bacteria;p__Proteobacteria;c__Betaproteobacteria;o__Rhodocyclales;f__Rhodocyclaceae;Other	0.0	0.0	0.0	0.0	0.0	0.0	0.0	0.0	2.62770653773e-05	0.0	0.0	0.0	0.0	0.0	0.0	7.87789266371e-05	5.49792911337e-05	3.80626129984e-05	4.95540138751e-05	1.74477440067e-05	0.0	0.0	0.0	0.0	0.0	0.0	0.0
k__Bacteria;p__Proteobacteria;c__Betaproteobacteria;o__Rhodocyclales;f__Rhodocyclaceae;g__	6.84650143777e-05	0.0	0.000122335382451	0.0	0.0	0.0	0.0	0.0	0.0	0.0	0.0	0.0	0.0	0.0	0.0	0.0	0.0	0.0	0.0	0.0	0.0	0.0	0.0	0.0	0.0	0.0	0.0
k__Bacteria;p__Proteobacteria;c__Betaproteobacteria;o__Rhodocyclales;f__Rhodocyclaceae;g__Dechloromonas	0.0	0.0	0.0	0.0	0.0	0.0	7.81209312015e-05	0.0	0.0	0.0	0.0	0.0	0.0	0.0	0.0	0.0	1.83264303779e-05	0.0	0.0	0.0	0.0	0.0	0.0	0.0	0.0	0.0	0.0
k__Bacteria;p__Proteobacteria;c__Deltaproteobacteria;o__Bdellovibrionales;f__Bacteriovoracaceae;g__	3.42325071888e-05	2.91061501295e-05	6.11676912255e-05	0.0	0.0	0.0	0.0	0.0	0.0	0.0	0.0	0.0	0.0	0.0	0.0	0.0	0.0	0.0	0.0	0.0	0.0	0.0	0.0	0.0	0.0	0.0	0.0
k__Bacteria;p__Proteobacteria;c__Deltaproteobacteria;o__Bdellovibrionales;f__Bdellovibrionaceae;g__Bdellovibrio	0.000273860057511	0.000232849201036	0.000275254610515	0.0	2.73007726119e-05	0.0	0.0	0.0	2.62770653773e-05	0.0	0.0	0.0	0.0	0.0	0.0	0.0	0.0	0.0	0.0	8.72387200335e-05	0.000114061935631	2.13228709113e-05	0.0	0.0	0.0	3.91757423803e-05	0.0
k__Bacteria;p__Proteobacteria;c__Deltaproteobacteria;o__Myxococcales;Other;Other	0.0	0.000116424600518	0.0	0.0	0.0	0.0	0.0	0.0	0.0	0.0	0.0	0.0	0.0	0.0	0.0	0.0	0.0	0.0	0.0	0.0	0.0	0.0	0.0	0.0	0.0	0.0	0.0
k__Bacteria;p__Proteobacteria;c__Deltaproteobacteria;o__Myxococcales;f__;g__	0.000102697521566	0.00573391157552	9.17515368382e-05	0.0	0.0	0.0	0.000130201552002	0.0	2.62770653773e-05	0.0	0.0	0.0	0.0	0.0	0.0	0.0	0.0	0.0	0.0	0.0	0.0	0.0	0.0	0.0	0.0	0.0	0.0
k__Bacteria;p__Proteobacteria;c__Deltaproteobacteria;o__Myxococcales;f__0319-6G20;g__	0.0	0.0	0.0	6.44371415684e-05	0.0	0.0	0.0	0.0	0.0	0.0	0.0	0.0	0.0	0.0	0.0	0.0	0.0	0.0	0.0	0.0	0.0	0.0	0.0	0.0	0.0	0.0	0.0
k__Bacteria;p__Proteobacteria;c__Deltaproteobacteria;o__Myxococcales;f__Cystobacteraceae;Other	0.0	0.000465698402072	0.0	0.0	0.0	0.0	0.0	0.0	0.0	0.0	0.0	0.0	0.0	0.0	0.0	0.0	0.0	0.0	0.0	0.0	0.0	0.0	0.0	0.0	0.0	0.0	0.0
k__Bacteria;p__Proteobacteria;c__Gammaproteobacteria;Other;Other;Other	0.000650417636588	0.000465698402072	0.000397589992966	0.0	8.19023178356e-05	0.0	0.0	2.19471512598e-05	0.0	0.0	0.0	0.0	0.0	0.0	0.0	0.0	1.83264303779e-05	0.0	0.0	0.0	0.0	0.0	0.0	0.0	0.0	0.0	0.0
k__Bacteria;p__Proteobacteria;c__Gammaproteobacteria;o__;f__;g__	0.0	0.0	0.0	0.0	0.0	0.0	0.0	0.0	0.0	0.0	0.0	0.0	0.0	0.0	0.0	0.0	0.0	0.0	0.0	0.0	0.0	0.0	0.0	0.0	0.0	7.83514847606e-05	0.0
k__Bacteria;p__Proteobacteria;c__Gammaproteobacteria;o__Aeromonadales;f__Aeromonadaceae;g__	3.42325071888e-05	5.8212300259e-05	0.0	0.0	0.0	0.0	0.0	0.0	0.0	0.0	0.0	0.0	0.0	0.0	0.0	0.0	0.0	0.0	0.0	0.0	0.0	0.0	0.0	0.0	0.0	0.0	0.0
k__Bacteria;p__Proteobacteria;c__Gammaproteobacteria;o__Alteromonadales;f__Alteromonadaceae;Other	0.0	0.0	6.11676912255e-05	0.0	0.0	0.0	0.0	0.0	2.62770653773e-05	0.0	0.0	0.0	0.0	0.0	0.0	0.0	0.0	0.0	0.0	0.0	0.0	0.0	0.0	0.0	0.0	0.0	0.0
k__Bacteria;p__Proteobacteria;c__Gammaproteobacteria;o__Alteromonadales;f__Alteromonadaceae;g__Cellvibrio	0.0	0.000232849201036	6.11676912255e-05	0.0	0.0	0.0	0.0	0.0	0.000262770653773	0.0	0.0	0.0	0.0	0.0	0.0	0.0	0.0	0.0	0.0	0.0	0.0	0.0	0.0	0.0	0.0	0.0	0.0
k__Bacteria;p__Proteobacteria;c__Gammaproteobacteria;o__Alteromonadales;f__[Chromatiaceae];g__	0.000171162535944	0.0	9.17515368382e-05	0.0	0.0	0.0	0.0	0.0	0.0	0.0	0.0	0.0	0.0	0.0	0.0	0.0	0.0	0.0	0.0	0.0	0.0	0.0	0.0	0.0	0.0	0.0	0.0
k__Bacteria;p__Proteobacteria;c__Gammaproteobacteria;o__Enterobacteriales;f__Enterobacteriaceae;Other	0.00588799123648	0.0228774340018	0.00434290607701	4.29580943789e-05	0.0	7.06164818869e-05	0.000104161241602	4.38943025195e-05	0.000683203699811	4.84930776132e-05	3.1129373677e-05	0.0	0.0	4.92659375308e-05	2.26994143551e-05	0.000334810438208	0.00060477220247	0.000209344371491	0.000148662041625	0.000226820672087	0.000114061935631	8.52914836454e-05	8.55981168414e-05	1.88950192729e-05	0.000129701686122	5.87636135705e-05	6.73933920779e-05
k__Bacteria;p__Proteobacteria;c__Gammaproteobacteria;o__Enterobacteriales;f__Enterobacteriaceae;g__	0.0316993016569	0.0566405681521	0.0309202679145	0.00107395235947	0.000682519315297	0.000423698891321	0.00171866048643	0.000153630058818	0.0148202648728	0.000557670392551	0.00031129373677	0.000124595066035	0.000386407058369	0.000123164843827	0.000408589458392	0.0016937469227	0.00436169042994	0.000970596631459	0.000644202180377	0.0010468646404	0.000532289032945	0.000810269094631	0.000256794350524	0.000472375481823	0.000537335556791	0.000430933166183	0.000286421916331
k__Bacteria;p__Proteobacteria;c__Gammaproteobacteria;o__Enterobacteriales;f__Enterobacteriaceae;g__Citrobacter	0.0	0.000116424600518	0.000183503073676	0.0	0.0	0.0	0.0	0.0	0.0	0.0	0.0	0.0	0.0	0.0	0.0	0.0	0.0	0.0	0.0	0.0	0.0	0.0	0.0	0.0	0.0	0.0	0.0
k__Bacteria;p__Proteobacteria;c__Gammaproteobacteria;o__Enterobacteriales;f__Enterobacteriaceae;g__Cronobacter	6.84650143777e-05	5.8212300259e-05	0.0	0.0	0.0	0.0	0.0	0.0	0.0	0.0	0.0	0.0	0.0	0.0	0.0	0.0	0.0	0.0	0.0	0.0	0.0	0.0	0.0	0.0	0.0	0.0	0.0
k__Bacteria;p__Proteobacteria;c__Gammaproteobacteria;o__Enterobacteriales;f__Enterobacteriaceae;g__Dickeya	0.000239627550322	5.8212300259e-05	6.11676912255e-05	0.0	0.0	0.0	0.0	0.0	5.25541307547e-05	0.0	0.0	0.0	0.0	2.46329687654e-05	0.0	0.0	3.66528607558e-05	0.0	0.0	6.97909760268e-05	0.0	2.13228709113e-05	0.0	9.44750963646e-05	0.0	0.0	0.0
k__Bacteria;p__Proteobacteria;c__Gammaproteobacteria;o__Enterobacteriales;f__Enterobacteriaceae;g__Enterobacter	0.000171162535944	0.000378379951684	3.05838456127e-05	0.0	0.0	0.0	0.0	0.0	2.62770653773e-05	0.0	0.0	0.0	0.0	0.0	0.0	0.0	0.0	0.0	0.0	1.74477440067e-05	0.0	0.0	0.0	0.0	0.0	0.0	0.0
k__Bacteria;p__Proteobacteria;c__Gammaproteobacteria;o__Enterobacteriales;f__Enterobacteriaceae;g__Erwinia	0.00989319457757	0.0169979916756	0.0146802458941	0.000966557123526	0.00043681236179	9.41553091825e-05	0.000859330243216	0.000219471512598	0.000236493588396	0.000266711926872	0.000155646868385	0.0	0.000150269411588	0.000246329687654	0.000272392972261	0.000965041851305	0.00260235311366	0.00117994100295	0.000991080277502	0.000348954880134	0.000570309678155	0.000661008998252	2.13995292104e-05	0.000472375481823	0.000370576246063	0.000391757423803	0.000235876872273
k__Bacteria;p__Proteobacteria;c__Gammaproteobacteria;o__Enterobacteriales;f__Enterobacteriaceae;g__Klebsiella	0.0207448993564	0.215298192508	0.02495641802	0.00287819232339	0.0022932648994	0.000682625991573	0.00255195041925	0.000592573084014	0.000919697288207	0.000654656547778	0.000996139957664	6.22975330177e-05	0.000364939999571	0.000665090156666	0.000749080673719	0.00271787296898	0.0187296118462	0.00262632029689	0.00221341261976	0.00179711763269	0.00134973290497	0.00181244402746	0.000213995292104	0.000642430655279	0.00113025755049	0.00127321162736	0.000758175660876
k__Bacteria;p__Proteobacteria;c__Gammaproteobacteria;o__Enterobacteriales;f__Enterobacteriaceae;g__Pantoea	0.000171162535944	0.0	3.05838456127e-05	0.0	0.0	0.0	0.0	0.0	0.0	0.0	0.0	0.0	0.0	0.0	0.0	0.0	0.0	0.0	0.0	0.0	0.0	0.0	0.0	0.0	0.0	0.0	0.0
k__Bacteria;p__Proteobacteria;c__Gammaproteobacteria;o__Enterobacteriales;f__Enterobacteriaceae;g__Proteus	0.0	0.0	0.0	0.0	0.0	0.0	0.0	0.0	7.8831196132e-05	0.0	0.0	0.0	2.14670587983e-05	0.0	0.0	0.0	1.83264303779e-05	1.90313064992e-05	3.30360092501e-05	0.0	0.0	0.0	0.0	1.88950192729e-05	1.85288123031e-05	0.0	0.0
k__Bacteria;p__Proteobacteria;c__Gammaproteobacteria;o__Enterobacteriales;f__Enterobacteriaceae;g__Providencia	0.000102697521566	0.000145530750648	3.05838456127e-05	0.0	0.0	0.0	0.0	0.0	0.0	0.0	0.0	0.0	0.0	0.0	0.0	0.0	0.000274896455668	0.0	9.91080277502e-05	0.0	0.0	2.13228709113e-05	0.0	1.88950192729e-05	5.55864369094e-05	1.95878711902e-05	0.0
k__Bacteria;p__Proteobacteria;c__Gammaproteobacteria;o__Enterobacteriales;f__Enterobacteriaceae;g__Salmonella	0.0	0.000378379951684	3.05838456127e-05	0.0	0.0	0.0	0.0	0.0	0.0	0.0	0.0	0.0	0.0	0.0	0.0	0.0	0.0	0.0	0.0	0.0	0.0	0.0	0.0	0.0	0.0	0.0	0.0
k__Bacteria;p__Proteobacteria;c__Gammaproteobacteria;o__Enterobacteriales;f__Enterobacteriaceae;g__Serratia	0.00349171573326	0.0086736327386	0.00321130378934	0.00115986854823	0.000600616997461	0.000282465927547	0.000963491484818	0.000131682907559	0.0011561908766	0.000193972310453	0.000342423110447	0.0	0.000193203529184	0.000246329687654	0.000249693557906	0.00145741014279	0.00236410951875	0.00100865924446	0.000743310208127	0.000383850368147	0.000570309678155	0.00063968612734	8.55981168414e-05	0.00032121532764	0.000370576246063	0.000332993810233	0.000219028524253
k__Bacteria;p__Proteobacteria;c__Gammaproteobacteria;o__Enterobacteriales;f__Enterobacteriaceae;g__Trabulsiella	6.84650143777e-05	0.000320167651425	0.0	0.0	2.73007726119e-05	0.0	0.0	0.0	5.25541307547e-05	0.0	0.0	0.0	0.0	0.0	0.0	0.0	0.0	0.0	1.6518004625e-05	0.0	0.0	0.0	0.0	0.0	0.0	0.0	0.0
k__Bacteria;p__Proteobacteria;c__Gammaproteobacteria;o__Oceanospirillales;f__Halomonadaceae;g__Kushneria	0.0	0.0	0.0	0.0	0.0	0.0	0.0	0.0	0.000183939457641	0.0	0.0	0.0	0.0	0.0	0.0	0.0	0.0	0.0	0.0	0.0	0.0	0.0	0.0	0.0	0.0	0.0	0.0
k__Bacteria;p__Proteobacteria;c__Gammaproteobacteria;o__Pseudomonadales;f__Moraxellaceae;Other	0.000136930028755	0.000349273801554	6.11676912255e-05	0.0	0.0	0.0	0.0	0.0	0.0	0.0	0.0	0.0	0.0	0.0	0.0	1.96947316593e-05	0.0	0.0	0.0	0.0	0.0	0.0	0.0	0.0	0.0	0.0	0.0
k__Bacteria;p__Proteobacteria;c__Gammaproteobacteria;o__Pseudomonadales;f__Moraxellaceae;g__Acinetobacter	0.00150623031631	0.00162994440725	0.00149860843502	0.000279227613463	0.000546015452237	2.35388272956e-05	0.0	8.77886050391e-05	0.0130071473618	7.27396164198e-05	0.0	0.0	0.0	0.0	0.0	0.0011619891679	0.00135615584796	0.000190313064992	0.000379914106376	0.000296611648114	0.000380206452103	0.000213228709113	0.0	0.000264530269821	0.000314989809153	0.000117527227141	6.73933920779e-05
k__Bacteria;p__Proteobacteria;c__Gammaproteobacteria;o__Pseudomonadales;f__Moraxellaceae;g__Psychrobacter	0.0	0.0	0.0	0.0	0.0	0.0	0.0	0.0	7.8831196132e-05	0.0	0.0	0.0	0.0	0.0	0.0	0.0	0.0	0.0	0.0	0.0	0.0	0.0	0.0	0.0	0.0	0.0	0.0
k__Bacteria;p__Proteobacteria;c__Gammaproteobacteria;o__Pseudomonadales;f__Pseudomonadaceae;Other	0.00191702040257	0.000145530750648	0.000244670764902	0.0	0.0	0.0	0.0	0.0	0.0	0.0	0.0	0.0	0.0	0.0	0.0	0.0	0.0	0.0	0.0	0.0	0.0	0.0	0.0	0.0	0.0	0.0	0.0
k__Bacteria;p__Proteobacteria;c__Gammaproteobacteria;o__Pseudomonadales;f__Pseudomonadaceae;g__	0.00232781048884	0.000145530750648	0.00110101844206	0.0	0.0	0.0	0.0	0.0	2.62770653773e-05	0.0	0.0	0.0	0.0	0.0	0.0	0.0	0.0	9.5156532496e-05	0.0	1.74477440067e-05	0.0	0.0	0.0	1.88950192729e-05	0.0	0.0	0.0
k__Bacteria;p__Proteobacteria;c__Gammaproteobacteria;o__Pseudomonadales;f__Pseudomonadaceae;g__Pseudomonas	0.0300561413118	0.00771312978432	0.0192984065816	8.59161887579e-05	8.19023178356e-05	0.0	0.0	2.19471512598e-05	0.000289047719151	4.84930776132e-05	0.0	0.0	0.0	0.0	0.0	7.87789266371e-05	5.49792911337e-05	0.000247406984489	0.0	0.00010468646404	0.0	0.0	0.0	5.66850578188e-05	1.85288123031e-05	0.0	0.0
k__Bacteria;p__Proteobacteria;c__Gammaproteobacteria;o__Thiotrichales;f__Piscirickettsiaceae;g__Methylophaga	0.0	0.0	0.0	0.0	0.0	0.0	0.0	0.0	0.000157662392264	0.0	0.0	0.0	0.0	0.0	0.0	0.0	0.0	0.0	0.0	0.0	0.0	0.0	0.0	0.0	0.0	0.0	0.0
k__Bacteria;p__Proteobacteria;c__Gammaproteobacteria;o__Xanthomonadales;f__Sinobacteraceae;g__	0.0	0.0	0.0	0.000279227613463	0.000109203090447	0.000188310618365	5.2080620801e-05	2.19471512598e-05	0.000131385326887	0.000193972310453	0.0	0.0	0.000450808234764	0.0	0.0	7.87789266371e-05	0.000183264303779	7.61252259968e-05	1.6518004625e-05	0.00010468646404	0.000266144516472	8.52914836454e-05	0.0	9.44750963646e-05	5.55864369094e-05	3.91757423803e-05	6.73933920779e-05
k__Bacteria;p__Proteobacteria;c__Gammaproteobacteria;o__Xanthomonadales;f__Sinobacteraceae;g__Nevskia	0.0	0.0	0.0	0.0	0.0	0.0	0.000104161241602	0.0	0.0	0.0	3.1129373677e-05	0.0	0.0	0.0	0.0	0.0	0.0	0.0	0.0	0.0	0.0	2.13228709113e-05	0.0	0.0	0.0	0.0	0.0
k__Bacteria;p__Proteobacteria;c__Gammaproteobacteria;o__Xanthomonadales;f__Xanthomonadaceae;Other	0.00386827331234	0.00238670431062	0.00207970150167	2.14790471895e-05	0.0	0.0	0.0	0.0	2.62770653773e-05	2.42465388066e-05	0.0	0.0	0.0	0.0	0.0	1.96947316593e-05	0.000128285012645	0.0	0.0	0.0	0.0	2.13228709113e-05	0.0	0.0	0.0	0.0	1.68483480195e-05
k__Bacteria;p__Proteobacteria;c__Gammaproteobacteria;o__Xanthomonadales;f__Xanthomonadaceae;g__	0.0102355196495	0.00628692842798	0.00513808606294	2.14790471895e-05	8.19023178356e-05	0.0	0.000156241862403	0.000109735756299	0.000289047719151	0.000169725771646	0.0	0.0	8.58682351931e-05	4.92659375308e-05	2.26994143551e-05	0.000118168389956	0.000329875746802	3.80626129984e-05	1.6518004625e-05	1.74477440067e-05	0.0	6.3968612734e-05	0.0	3.77900385458e-05	5.55864369094e-05	3.91757423803e-05	0.000117938436136
k__Bacteria;p__Proteobacteria;c__Gammaproteobacteria;o__Xanthomonadales;f__Xanthomonadaceae;g__Dokdonella	0.000205395043133	0.000378379951684	0.00103985075083	0.0	0.0	2.35388272956e-05	0.0	2.19471512598e-05	0.0	0.0	3.1129373677e-05	0.0	0.0	0.0	0.0	5.90841949778e-05	0.000513140050581	0.0	0.0	0.0	0.0	0.0	0.0	0.0	0.0	0.0	3.3696696039e-05
k__Bacteria;p__Proteobacteria;c__Gammaproteobacteria;o__Xanthomonadales;f__Xanthomonadaceae;g__Luteibacter	0.00249897302478	0.00459877172046	0.0137321466801	6.44371415684e-05	0.0	0.0	2.60403104005e-05	0.0	0.0	0.000218218849259	3.1129373677e-05	0.0	4.29341175965e-05	0.000123164843827	0.0	0.000295420974889	0.00172268445552	0.000152250451994	0.000115626032375	6.97909760268e-05	5.70309678155e-05	8.52914836454e-05	0.0	5.66850578188e-05	0.000222345747638	7.83514847606e-05	3.3696696039e-05
k__Bacteria;p__Proteobacteria;c__Gammaproteobacteria;o__Xanthomonadales;f__Xanthomonadaceae;g__Luteimonas	0.0248528002191	0.00107692755479	0.000917515368382	0.000128874283137	0.000136503863059	0.0	0.000156241862403	0.0	0.000420433046037	0.0	0.0	0.0	0.000322005881974	0.0	0.0	0.00027572624323	5.49792911337e-05	0.000666095727472	8.25900231252e-05	0.0	1.90103226052e-05	0.0	0.0	5.66850578188e-05	0.000111172873819	0.0	0.0
k__Bacteria;p__Proteobacteria;c__Gammaproteobacteria;o__Xanthomonadales;f__Xanthomonadaceae;g__Lysobacter	0.0	0.0	0.0	0.0	0.0	0.0	0.0	0.0	0.0	0.0	0.0	0.0	0.0	0.0	0.0	7.87789266371e-05	0.0	0.0	0.0	0.0	0.0	0.0	0.0	0.0	0.0	0.0	0.0
k__Bacteria;p__Proteobacteria;c__Gammaproteobacteria;o__Xanthomonadales;f__Xanthomonadaceae;g__Pseudoxanthomonas	0.00236204299603	0.00171726285764	0.00226320457534	0.000171832377516	0.0	2.35388272956e-05	0.0	2.19471512598e-05	2.62770653773e-05	0.0	0.0	0.0	0.0	0.0	0.000385890044037	0.000295420974889	0.000421507898691	3.80626129984e-05	0.000181698050875	0.0	0.000228123871262	0.000191905838202	0.0	0.0	0.0	0.0	0.0
k__Bacteria;p__Proteobacteria;c__Gammaproteobacteria;o__Xanthomonadales;f__Xanthomonadaceae;g__Stenotrophomonas	0.230453238395	0.0376924644177	0.0781417255406	0.0008162037932	0.00292118266947	0.000211849445661	0.00158845893443	0.000329207268896	0.0166859365146	0.000484930776132	0.000529199352509	0.000747570396212	0.000300538823176	0.000344861562716	0.000680982430653	0.00384047267356	0.0148444086061	0.00302597773337	0.00117277832838	0.00205883379279	0.000760412904207	0.00230287005842	0.000213995292104	0.000680220693825	0.00111172873819	0.00109692078665	0.000421208700487
k__Bacteria;p__Tenericutes;c__Mollicutes;o__RF39;f__;g__	0.0	0.0	0.0	0.0	0.0	0.0	0.0	0.0	0.0	0.0	0.0	0.0	0.0	0.0	0.0	0.0	0.0	0.0	0.0	0.0	0.0	0.0	0.0	0.0	0.0	0.000156702969521	0.0
k__Bacteria;p__Verrucomicrobia;c__Verrucomicrobiae;o__Verrucomicrobiales;f__Verrucomicrobiaceae;g__	3.42325071888e-05	0.000232849201036	0.000550509221029	0.0	0.0	0.0	0.0	0.0	0.0	0.0	0.0	0.0	0.0	0.0	0.0	0.0	0.0	0.0	0.0	0.0	0.0	0.0	0.0	0.0	0.0	0.0	0.0
k__Bacteria;p__Verrucomicrobia;c__Verrucomicrobiae;o__Verrucomicrobiales;f__Verrucomicrobiaceae;g__Luteolibacter	0.000136930028755	8.73184503886e-05	0.000581093066642	0.0	0.0	0.0	0.0	0.0	0.0	0.0	0.0	0.0	0.0	0.0	0.0	0.0	0.0	0.0	0.0	0.0	0.0	6.3968612734e-05	0.0	0.0	0.0	0.0	0.0
k__Bacteria;p__Verrucomicrobia;c__Verrucomicrobiae;o__Verrucomicrobiales;f__Verrucomicrobiaceae;g__Prosthecobacter	0.000171162535944	5.8212300259e-05	6.11676912255e-05	0.0	0.0	0.0	0.0	0.0	0.0	0.0	0.0	0.0	0.0	0.0	0.0	0.0	0.0	0.0	0.0	0.0	0.0	0.0	0.0	0.0	0.0	0.0	0.0
k__Bacteria;p__Verrucomicrobia;c__[Spartobacteria];o__[Chthoniobacterales];f__[Chthoniobacteraceae];g__Candidatus Xiphinematobacter	3.42325071888e-05	0.0	6.11676912255e-05	0.0	0.0	0.0	0.0	0.0	0.0	0.0	0.0	0.0	0.0	0.0	0.0	0.0	0.0	0.0	0.0	0.0	0.0	0.0	0.0	0.0	0.0	0.0	0.0
k__Bacteria;p__Verrucomicrobia;c__[Spartobacteria];o__[Chthoniobacterales];f__[Chthoniobacteraceae];g__Chthoniobacter	6.84650143777e-05	2.91061501295e-05	0.0	0.0	0.0	0.0	0.0	0.0	0.0	0.0	0.0	0.0	0.0	0.0	0.0	0.0	0.0	0.0	0.0	0.0	0.0	0.0	0.0	0.0	0.0	0.0	0.0