	sequences per sample	iteration	146	151	145	147	150	157	168	153	171	158	152	166	163	165	148	160	156	162	161	155
alpha_rarefaction_10_0.txt	10	0	12.0	11.0	22.0	16.0	6.5	8.0	9.0	22.0	3.0	1.0	5.0	22.0	2.0	9.0	13.0	4.5	8.0	3.0	4.0	2.0
alpha_rarefaction_10_1.txt	10	1	7.0	12.0	7.0	12.0	22.0	3.0	16.0	12.0	4.0	1.0	23.0	22.0	3.0	7.0	29.0	3.0	5.0	3.0	2.0	1.0
alpha_rarefaction_10_2.txt	10	2	16.0	7.0	23.0	13.0	7.0	7.0	16.0	4.5	7.0	1.0	5.33333333333	11.0	3.0	23.0	13.0	7.0	2.0	4.5	2.0	1.0
alpha_rarefaction_10_3.txt	10	3	23.0	4.5	23.0	5.33333333333	8.5	12.0	29.0	7.0	6.5	2.0	13.0	11.0	3.0	5.0	12.0	3.0	9.0	4.0	5.0	1.0
alpha_rarefaction_10_4.txt	10	4	7.0	3.0	9.0	29.0	13.0	5.5	5.5	16.0	4.5	1.0	8.5	9.0	3.0	4.0	12.0	3.0	8.0	3.0	3.0	2.0
alpha_rarefaction_10_5.txt	10	5	12.0	22.0	7.0	23.0	4.5	3.0	7.0	6.5	7.0	1.0	8.5	4.0	3.0	5.0	8.5	3.0	3.0	4.0	2.0	1.0
alpha_rarefaction_10_6.txt	10	6	4.5	13.0	29.0	23.0	4.5	12.0	13.0	4.0	4.5	1.0	29.0	4.0	2.0	5.5	13.0	5.0	6.5	5.0	2.0	1.0
alpha_rarefaction_10_7.txt	10	7	7.0	4.5	13.0	16.0	6.5	11.0	8.5	11.0	16.0	1.0	23.0	8.0	2.0	5.0	12.0	4.0	8.0	2.0	3.0	2.0
alpha_rarefaction_10_8.txt	10	8	29.0	3.0	29.0	8.0	16.0	3.0	7.0	4.0	4.0	1.0	16.0	11.0	3.0	5.0	23.0	4.0	11.0	3.0	2.0	1.0
alpha_rarefaction_10_9.txt	10	9	8.5	11.0	13.0	16.0	12.0	12.0	7.0	12.0	16.0	1.0	5.33333333333	6.5	2.0	8.0	5.5	5.0	13.0	3.0	3.0	1.0
alpha_rarefaction_1009_0.txt	1009	0	121.066666667	35.2	141.0	139.176470588	28.25	32.0	47.1428571429	44.25	21.0	10.0	50.0	62.0	19.75	20.5	109.214285714	22.75	54.0	20.5	36.0	3.0
alpha_rarefaction_1009_1.txt	1009	1	114.066666667	35.0	231.545454545	132.0	40.0	33.5	46.0	47.0	24.0	7.0	72.0	46.5	16.25	18.5	142.9375	20.0	31.0	20.2	27.0	5.0
alpha_rarefaction_1009_2.txt	1009	2	126.769230769	44.0	157.789473684	102.130434783	27.0	33.0	40.6	56.0	23.0	8.0	47.0	48.6	22.0	28.0	134.769230769	20.0	32.5	18.75	33.0	8.0
alpha_rarefaction_1009_3.txt	1009	3	111.25	54.0	152.833333333	145.583333333	31.5	32.3333333333	50.25	44.0	29.0	7.0	45.0	53.3333333333	16.2	30.5	110.24	17.6	34.0	18.0	25.6	3.0
alpha_rarefaction_1009_4.txt	1009	4	128.0625	38.75	182.142857143	173.769230769	30.0	27.0	53.0	40.0	20.0	6.0	35.75	87.0	15.75	20.5	108.9	19.0	35.75	18.0	57.0	6.0
alpha_rarefaction_1009_5.txt	1009	5	143.5	62.0	149.166666667	154.4	30.0	38.25	53.2	40.3333333333	22.0	6.0	36.3333333333	43.4285714286	22.3333333333	24.0	121.352941176	19.4285714286	31.75	19.0	23.5	12.0
alpha_rarefaction_1009_6.txt	1009	6	154.571428571	55.0	152.928571429	173.894736842	34.0	28.3333333333	43.0	43.2	23.3333333333	8.0	45.0	50.0	18.3333333333	24.0	139.461538462	17.75	42.0	24.0	26.0	4.0
alpha_rarefaction_1009_7.txt	1009	7	149.928571429	38.0	154.260869565	149.588235294	31.0	30.5	48.6	46.0	22.0	6.0	38.0	51.25	15.75	28.0	105.894736842	18.25	33.0	20.5	28.3333333333	3.0
alpha_rarefaction_1009_8.txt	1009	8	120.526315789	59.5	155.045454545	155.666666667	37.5	33.1428571429	46.75	39.5	20.0	6.0	94.0	54.0	23.2	26.0	121.352941176	28.3333333333	37.0	26.5	23.25	8.0
alpha_rarefaction_1009_9.txt	1009	9	146.25	62.0	144.0	111.894736842	30.5	29.0	44.4285714286	48.0	20.5	4.0	38.75	50.0	15.6	28.0	161.125	21.0	33.3333333333	27.0	28.3333333333	3.0
alpha_rarefaction_2008_0.txt	2008	0	143.5	50.5	219.555555556	193.571428571	41.0	38.0	58.5	47.5	25.0	11.0	38.0	61.5	15.0	28.4285714286	152.071428571	31.0	37.3333333333	26.75	28.2	6.0
alpha_rarefaction_2008_1.txt	2008	1	118.714285714	45.2	212.714285714	202.833333333	30.5	38.75	57.5	48.25	24.0	20.0	42.75	59.2	23.0	35.3333333333	155.5	22.5	66.0	22.75	38.0	8.0
alpha_rarefaction_2008_2.txt	2008	2	174.6	75.0	176.0	194.6875	32.0	35.0	50.3333333333	42.0	24.0	7.5	47.0	65.1666666667	18.75	28.3333333333	162.333333333	24.5	33.6	26.0	23.75	6.0
alpha_rarefaction_2008_3.txt	2008	3	193.0	44.2	161.291666667	165.0	28.5	30.0	68.0	60.0	24.0	8.0	47.0	48.5	17.25	40.0	149.0625	22.5	45.5	33.5	31.625	5.0
alpha_rarefaction_2008_4.txt	2008	4	144.0	56.75	205.75	158.05	37.0	39.0	62.0	79.3333333333	37.0	6.0	44.875	51.0	21.0	29.0	131.714285714	32.0	46.3333333333	42.0	31.0	3.0
alpha_rarefaction_2008_5.txt	2008	5	117.615384615	43.25	210.956521739	175.526315789	35.0	36.5	65.75	42.3333333333	18.0	11.0	50.5	56.5	16.0	20.5	164.3125	19.75	33.0	23.5	29.6666666667	3.0
alpha_rarefaction_2008_6.txt	2008	6	145.0	58.0	236.285714286	170.0	28.0	29.5	66.3333333333	96.75	51.0	8.0	50.3333333333	48.0	18.0	51.5	182.5	22.2	38.3333333333	31.6666666667	33.0	4.0
alpha_rarefaction_2008_7.txt	2008	7	140.066666667	51.0	179.666666667	201.0	53.0	37.5	58.4285714286	63.3333333333	22.0	10.0	44.2	48.375	20.0	25.0	138.352941176	27.6	44.6	32.0	54.0	4.0
alpha_rarefaction_2008_8.txt	2008	8	134.352941176	44.5	183.25	219.0	36.0	36.3333333333	51.75	65.5	20.0	9.5	45.25	59.2	21.0	32.5	186.769230769	20.0	47.3333333333	25.5	31.0	4.0
alpha_rarefaction_2008_9.txt	2008	9	154.4	43.25	179.3	167.0	40.0	33.5	53.5	52.3333333333	26.0	6.0	55.25	54.0	18.0	27.0	153.071428571	20.5	34.75	25.3333333333	28.0	13.0
alpha_rarefaction_3007_0.txt	3007	0	156.526315789	85.0	237.0	182.352941176	39.0	48.0	65.25	61.0	31.0	12.0	47.5	56.0	18.5	33.5	159.045454545	23.75	44.5	30.25	47.3333333333	4.0
alpha_rarefaction_3007_1.txt	3007	1	165.625	45.0	196.333333333	276.090909091	81.0	42.25	53.0	58.25	25.0	11.0	59.0	56.0	25.0	24.5	136.5	23.0	44.0	28.75	42.1428571429	4.0
alpha_rarefaction_3007_2.txt	3007	2	194.5	51.4285714286	229.107142857	169.157894737	47.0	35.5	66.0	77.0	28.0	6.0	68.0	63.3333333333	18.5	34.5	165.681818182	27.5	63.5	26.0	41.0	5.0
alpha_rarefaction_3007_3.txt	3007	3	160.75	78.0	253.454545455	172.565217391	42.0	42.25	52.5	61.0	52.0	10.5	45.3333333333	61.3333333333	22.0	26.5	145.375	20.5	53.25	24.0	43.4285714286	4.0
alpha_rarefaction_3007_4.txt	3007	4	208.5	48.0	202.5	222.5	39.75	54.0	64.0	53.2	27.3333333333	8.5	56.0	60.0	28.0	35.0	159.565217391	26.0	45.2	27.0	38.4285714286	9.0
alpha_rarefaction_3007_5.txt	3007	5	141.55	52.2	221.115384615	180.037037037	38.0	48.0	57.0	46.0	25.5	11.0	59.0	61.2	18.5	25.2	141.0	29.0	61.3333333333	25.5	35.0	8.5
alpha_rarefaction_3007_6.txt	3007	6	209.5	56.0	191.416666667	173.291666667	30.5	41.5	57.6	83.0	60.0	8.0	65.5	50.5	22.0	37.5	158.565217391	34.0	82.0	27.3333333333	26.75	8.0
alpha_rarefaction_3007_7.txt	3007	7	173.352941176	55.0	258.047619048	180.0	47.0	45.3333333333	60.0	46.2	33.0	11.0	50.0	60.25	19.5	30.3333333333	179.416666667	21.0	51.0	35.3333333333	32.5	4.0
alpha_rarefaction_3007_8.txt	3007	8	167.4	50.0	246.391304348	202.4	47.0	43.5	66.25	62.75	33.0	6.0	69.0	59.0	19.0	27.5	168.052631579	26.2	47.0	25.8571428571	33.5	6.0
alpha_rarefaction_3007_9.txt	3007	9	177.75	42.75	237.142857143	188.214285714	55.0	43.0	63.0	51.6	38.0	10.5	44.5	60.0	21.0	30.75	159.2	29.75	47.3333333333	30.0	33.5	6.0
alpha_rarefaction_4006_0.txt	4006	0	171.3	63.2	219.75	181.107142857	35.2	42.0	89.0	54.0	24.0	15.0	73.5	56.0	23.0	39.5	213.954545455	24.1428571429	47.6	27.5	36.2	7.5
alpha_rarefaction_4006_1.txt	4006	1	177.0	60.25	225.222222222	184.681818182	41.0	38.3333333333	60.0	77.0	63.0	15.0	50.2	72.0	25.0	25.5	179.875	52.0	43.5	32.75	32.75	6.5
alpha_rarefaction_4006_2.txt	4006	2	163.7	52.2	213.555555556	191.285714286	36.5	75.0	65.3333333333	77.0	29.0	33.0	60.0	75.6	20.5	40.0	168.75	24.75	48.0	25.5	29.5	5.0
alpha_rarefaction_4006_3.txt	4006	3	191.076923077	49.6666666667	241.384615385	205.25	39.75	51.0	50.75	104.5	27.3333333333	9.0	44.5	59.0	44.0	44.25	158.533333333	31.5	43.875	28.0	30.25	6.5
alpha_rarefaction_4006_4.txt	4006	4	188.833333333	117.0	213.28125	225.75	49.0	44.0	61.3333333333	66.0	27.0	9.0	62.0	85.5	20.75	56.0	182.333333333	26.3333333333	61.3333333333	32.5	45.0	5.0
alpha_rarefaction_4006_5.txt	4006	5	181.05	55.5	233.0	185.681818182	38.0	47.0	60.0	65.2	45.0	15.0	48.5	57.6666666667	21.0	74.0	164.333333333	27.3333333333	52.4285714286	57.0	33.5	4.0
alpha_rarefaction_4006_6.txt	4006	6	173.0	53.1428571429	233.038461538	198.964285714	54.0	48.5	70.0	81.3333333333	47.3333333333	20.0	58.25	78.5	23.0	47.0	165.0	24.5	70.5	29.3333333333	33.5	6.5
alpha_rarefaction_4006_7.txt	4006	7	164.176470588	48.5	260.136363636	202.125	50.0	37.0	55.75	65.5	45.0	8.0	61.75	60.25	31.0	43.0	180.157894737	27.0	72.0	28.0	37.5	11.0
alpha_rarefaction_4006_8.txt	4006	8	180.75	58.1666666667	214.15	190.444444444	50.0	38.0	84.5	68.1666666667	39.0	11.0	53.0	58.75	22.0	36.0	169.714285714	27.0	48.25	36.0	40.0	4.0
alpha_rarefaction_4006_9.txt	4006	9	182.166666667	60.75	237.571428571	155.607142857	39.0	93.0	66.0	78.0	25.3333333333	11.0	58.0	74.5	18.0	38.5	174.0	26.5	60.0	32.25	37.8	6.0
alpha_rarefaction_5005_0.txt	5005	0	201.315789474	58.25	250.527777778	212.15	40.0	48.3333333333	63.4285714286	55.0	27.3333333333	6.0	64.2	59.75	20.3333333333	31.5	189.4	41.0	73.5	36.0	39.0	5.0
alpha_rarefaction_5005_1.txt	5005	1	164.181818182	55.2	247.034482759	197.823529412	50.0	46.3333333333	62.0	81.6666666667	39.0	16.0	61.0	67.5	33.5	35.25	187.157894737	24.75	50.2	35.0	40.625	5.0
alpha_rarefaction_5005_2.txt	5005	2	169.307692308	47.5	229.4375	201.5	33.5	52.0	71.0	68.0	25.0	22.0	61.0	73.0	21.5	38.0	190.157894737	26.0	79.0	32.0	46.0	25.0
alpha_rarefaction_5005_3.txt	5005	3	179.3	60.0	244.875	199.857142857	45.5	34.75	65.0	66.0	40.0	15.0	68.3333333333	64.5	21.5	28.5	196.0	25.0	54.0	56.0	38.2	8.5
alpha_rarefaction_5005_4.txt	5005	4	168.44	87.0	242.035714286	190.12	45.5	39.3333333333	90.3333333333	77.0	23.0	11.0	83.3333333333	83.5	19.5	37.0	175.391304348	23.2	54.4285714286	30.0	43.0	14.0
alpha_rarefaction_5005_5.txt	5005	5	178.956521739	59.0	239.125	197.333333333	37.0	40.4285714286	58.75	53.5	50.5	11.5	51.5	113.0	21.75	36.0	168.0	26.5	58.75	23.5	34.5	6.5
alpha_rarefaction_5005_6.txt	5005	6	198.882352941	55.2	234.885714286	200.0	40.0	49.2	68.5	74.0	24.5	16.0	52.25	62.0	19.5	31.3333333333	219.5	31.0	42.3333333333	78.0	36.3333333333	5.0
alpha_rarefaction_5005_7.txt	5005	7	215.6875	62.1666666667	238.487179487	217.166666667	35.0	42.5	73.2	62.0	32.5	16.0	81.0	56.2	33.5	31.3333333333	174.333333333	27.0	45.3333333333	30.5	40.0	6.0
alpha_rarefaction_5005_8.txt	5005	8	184.038461538	46.875	221.137931034	167.0	45.0	41.0	61.0	67.1111111111	34.0	7.0	70.0	81.5	21.0	48.0	144.076923077	28.0	57.0	34.25	37.0	6.0
alpha_rarefaction_5005_9.txt	5005	9	162.12	46.0	241.111111111	168.096774194	50.0	50.0	95.0	77.0	35.5	20.5	56.0	56.875	19.0	39.0	201.714285714	30.0	53.2	33.5	35.6666666667	7.0
alpha_rarefaction_6004_0.txt	6004	0	174.777777778	93.0	244.103448276	195.2	45.5	45.6	84.75	60.5	36.3333333333	10.5	78.5	58.6666666667	27.0	49.0	199.214285714	25.0	63.6	42.0	45.0	7.5
alpha_rarefaction_6004_1.txt	6004	1	176.3	58.625	255.038461538	194.8	41.0	64.5	87.0	77.0	44.75	14.0	81.25	65.2	21.5	31.5	205.15	65.0	64.3333333333	36.0	64.25	9.0
alpha_rarefaction_6004_2.txt	6004	2	174.125	62.0	260.0	202.217391304	54.0	48.6	66.0	75.0	27.5	18.0	94.0	91.3333333333	19.3333333333	35.1428571429	199.052631579	31.0	72.5	28.0	58.0	19.0
alpha_rarefaction_6004_3.txt	6004	3	187.0	66.5	245.933333333	217.076923077	43.25	61.3333333333	60.5	71.6	31.0	12.0	69.3333333333	71.25	18.0	48.0	190.652173913	32.0	78.0	36.6	35.0	6.0
alpha_rarefaction_6004_4.txt	6004	4	194.21875	113.0	226.125	221.0	38.0	47.0	91.3333333333	68.1111111111	30.0	18.0	60.0	76.0	26.0	37.25	177.8	23.0	40.0	37.0	45.0	7.5
alpha_rarefaction_6004_5.txt	6004	5	192.652173913	48.5	242.181818182	223.0	49.0	55.0	69.0	89.6	40.0	20.0	71.5	62.5	31.0	47.0	185.956521739	25.3333333333	101.0	33.0	42.1428571429	6.5
alpha_rarefaction_6004_6.txt	6004	6	188.291666667	54.5	309.0	199.956521739	56.0	61.5	77.5	83.3333333333	29.0	14.0	56.5	78.3333333333	32.0	40.5	205.3125	27.5	56.1666666667	33.0	29.75	8.5
alpha_rarefaction_6004_7.txt	6004	7	173.956521739	59.0	272.0	216.0	44.0	65.5	78.125	71.0	29.0	16.0	77.75	60.4285714286	21.0	35.25	164.75	38.3333333333	53.3333333333	48.0	41.6666666667	13.0
alpha_rarefaction_6004_8.txt	6004	8	209.117647059	66.5	240.0	207.275862069	46.5	44.0	58.5	67.1111111111	56.0	9.0	71.5	72.75	28.75	34.0	208.75	30.3333333333	55.2	33.0	58.0	12.0
alpha_rarefaction_6004_9.txt	6004	9	193.058823529	93.0	278.956521739	192.884615385	75.0	41.5	80.5	80.25	24.0	10.5	56.0	68.1428571429	25.0	30.0	194.142857143	27.5	67.0	38.3333333333	43.0	6.0
alpha_rarefaction_7003_0.txt	7003	0	181.222222222	61.0	252.775	247.352941176	39.3333333333	47.0	84.0	83.0	29.5	41.0	71.5	75.0	25.0	35.5	228.066666667	48.0	87.0	33.0	63.0	14.0
alpha_rarefaction_7003_1.txt	7003	1	206.033333333	60.8571428571	274.384615385	200.157894737	34.3333333333	48.0	63.6666666667	71.1111111111	33.5	22.0	53.0	72.0	37.0	40.0	214.15	33.0	57.8571428571	32.0	45.1666666667	12.0
alpha_rarefaction_7003_2.txt	7003	2	203.0	67.3333333333	234.384615385	209.0	38.3333333333	48.0	71.0	77.5	37.5	22.0	81.0	73.0	20.3333333333	51.0	196.15	27.0	64.5	33.75	40.6	14.0
alpha_rarefaction_7003_3.txt	7003	3	205.214285714	60.5	252.357142857	235.045454545	46.3333333333	44.0	70.6	80.0	46.0	16.5	67.2	67.2	26.0	35.75	212.8125	28.0	55.25	34.5	56.6	11.0
alpha_rarefaction_7003_4.txt	7003	4	203.15	59.5	248.115384615	248.913043478	40.5	57.75	76.2	68.5	36.0	11.5	69.0	70.25	24.5	40.5	235.066666667	25.5	62.75	40.5	37.0	10.0
alpha_rarefaction_7003_5.txt	7003	5	213.125	69.1666666667	244.870967742	218.315789474	36.0	53.0	67.0	73.125	32.5	16.0	61.5	75.0	30.5	38.6	205.625	38.5	102.5	43.0	36.5	10.6
alpha_rarefaction_7003_6.txt	7003	6	235.545454545	62.1666666667	270.4	213.0	42.2	47.25	83.0	104.0	42.0	13.0	62.5	70.0	24.0	51.5	181.619047619	33.0	56.0	39.3333333333	48.75	24.0
alpha_rarefaction_7003_7.txt	7003	7	189.2	72.2	250.451612903	210.44	45.0	55.0	66.6	98.25	33.0	18.0	60.625	67.0	24.0	46.0	195.769230769	49.0	49.6666666667	31.5	41.5	7.0
alpha_rarefaction_7003_8.txt	7003	8	207.045454545	65.2	294.181818182	211.774193548	82.0	60.5	63.2	75.2	38.5	20.0	106.5	87.0	24.0	51.0	163.75	28.0	60.4285714286	42.5	40.0	8.5
alpha_rarefaction_7003_9.txt	7003	9	201.153846154	83.25	252.933333333	200.142857143	54.0	46.0	94.0	91.5	53.0	11.0	63.75	62.0	21.3333333333	36.5	180.555555556	32.0	80.3333333333	45.0	50.0	11.0
alpha_rarefaction_8002_0.txt	8002	0	213.272727273	50.875	271.65625	204.375	47.5	56.0	91.25	84.6666666667	41.0	19.5	71.3333333333	64.5	25.0	43.0	177.260869565	40.5	51.6	35.25	42.1428571429	7.5
alpha_rarefaction_8002_1.txt	8002	1	199.714285714	62.3333333333	256.902439024	214.888888889	38.2	48.8	73.1666666667	83.125	57.5	14.0	117.0	76.75	22.5	127.0	212.333333333	31.0	55.0	40.5	63.0	25.0
alpha_rarefaction_8002_2.txt	8002	2	197.565217391	67.2	266.357142857	204.53125	62.5	66.0	70.0	84.6666666667	74.0	14.0	97.0	70.0	21.5	41.5	224.0	28.0	49.1428571429	45.0	37.0	9.75
alpha_rarefaction_8002_3.txt	8002	3	200.681818182	122.0	251.533333333	210.476190476	47.5	40.0	84.0	106.333333333	42.0	42.0	76.2	84.5	26.0	44.0	199.681818182	28.0	58.25	38.0	72.0	13.0
alpha_rarefaction_8002_4.txt	8002	4	198.0625	78.0	267.111111111	247.4	46.0	53.8571428571	82.0	113.2	42.0	12.0	58.6	75.0	26.3333333333	35.0	189.5	47.0	52.2	33.0	40.25	14.0
alpha_rarefaction_8002_5.txt	8002	5	184.535714286	61.1666666667	248.964285714	208.333333333	55.0	50.0	145.5	77.5	37.3333333333	10.5	59.0	68.3333333333	22.5	44.0	188.4	33.75	69.5	49.0	49.0	7.0
alpha_rarefaction_8002_6.txt	8002	6	208.1	53.6	265.115384615	253.217391304	53.0	47.6	69.5	72.1666666667	34.2	16.3333333333	66.0	71.0	24.0	67.0	185.0	27.0	60.0	27.3333333333	48.25	8.5
alpha_rarefaction_8002_7.txt	8002	7	188.032258065	76.75	254.363636364	203.035714286	47.0	44.0	73.1666666667	89.5	34.5	11.0	78.75	71.875	22.75	41.0	218.117647059	27.0	55.0	30.0	38.5	18.5
alpha_rarefaction_8002_8.txt	8002	8	212.315789474	64.4285714286	262.222222222	198.794117647	58.3333333333	46.2	68.0	71.0	33.5	9.0	67.25	88.0	29.0	42.0	189.25	35.75	54.6	55.5	50.1666666667	7.0
alpha_rarefaction_8002_9.txt	8002	9	216.807692308	60.5	243.1	196.076923077	47.3333333333	52.0	81.6	96.2	55.0	16.0	66.0	71.0	30.5	53.3333333333	199.0	33.0	65.5	67.0	38.5	7.33333333333
alpha_rarefaction_9001_0.txt	9001	0	193.473684211	66.2	296.75	230.0	42.75	54.0	77.2	80.6	57.0	24.5	69.2	81.3333333333	25.0	68.0	228.125	26.1666666667	57.0	58.0	51.0	14.0
alpha_rarefaction_9001_1.txt	9001	1	195.555555556	66.4285714286	261.675675676	207.565217391	35.2	45.75	64.2	62.625	38.5	11.5	119.0	75.75	22.5	47.1666666667	197.4	32.0	52.6666666667	37.5	60.5	10.0
alpha_rarefaction_9001_2.txt	9001	2	210.0	65.1666666667	267.24137931	208.230769231	52.25	47.5	73.0	91.4285714286	75.0	41.0	95.0	77.0	22.5	59.0	239.5625	37.25	64.75	59.0	53.0	8.5
alpha_rarefaction_9001_3.txt	9001	3	213.913043478	64.1666666667	254.794117647	217.565217391	47.2	53.0	83.5	71.375	27.5	12.0	59.2	87.0	25.0	37.2	196.5	43.0	57.5	50.0	72.0	15.0
alpha_rarefaction_9001_4.txt	9001	4	227.047619048	107.5	274.666666667	216.615384615	42.1428571429	47.5	88.75	85.0	35.0	16.3333333333	79.75	69.0	26.0	47.0	195.5	37.0	64.0	43.0	51.0	15.0
alpha_rarefaction_9001_5.txt	9001	5	202.0	60.0909090909	251.894736842	203.576923077	42.0	57.25	78.2	91.5	42.0	34.0	89.0	85.0	25.0	36.5	205.052631579	29.3333333333	61.0	38.0	42.8	13.0
alpha_rarefaction_9001_6.txt	9001	6	212.176470588	74.5	265.451612903	201.37037037	47.6	50.0	76.75	78.5	47.0	18.0	59.6	97.0	26.5	56.5	208.652173913	30.0	58.0	46.0	67.5	12.0
alpha_rarefaction_9001_7.txt	9001	7	218.625	79.0	257.935483871	222.64	52.25	46.2	62.2	63.5	38.5	17.0	77.0	69.2	36.3333333333	39.6	200.272727273	36.0	53.6	75.0	38.0	11.0
alpha_rarefaction_9001_8.txt	9001	8	174.142857143	80.4285714286	275.941176471	232.0	40.5	54.1666666667	88.4285714286	103.0	42.25	34.0	85.25	95.0	34.5	34.3333333333	207.565217391	28.75	57.4285714286	40.5	57.6	6.5
alpha_rarefaction_9001_9.txt	9001	9	197.789473684	54.6666666667	283.0	220.454545455	57.75	47.0	128.0	80.5	58.5	17.0	62.0	69.0	31.25	69.0	182.5	31.0	56.0	62.5	59.2	10.0
alpha_rarefaction_10000_0.txt	10000	0	218.0	86.3333333333	275.115384615	233.333333333	47.0	51.0	86.5	71.1428571429	50.3333333333	24.5	70.5	67.6666666667	26.3333333333	56.5	203.5	34.0	59.875	50.0	59.5	10.0
alpha_rarefaction_10000_1.txt	10000	1	221.166666667	63.2	271.529411765	229.888888889	49.0	64.3333333333	90.0	92.2	39.2	51.0	65.3333333333	69.5	32.0	55.5	221.047619048	33.0	67.6	37.5	55.0	7.0
alpha_rarefaction_10000_2.txt	10000	2	208.2	69.1428571429	307.0	240.0	60.5	61.0	72.0	82.1428571429	53.5	22.0	64.25	83.5	32.0	35.5	229.789473684	59.0	54.625	31.0	44.1111111111	9.5
alpha_rarefaction_10000_3.txt	10000	3	184.260869565	71.6	301.44	217.714285714	51.0	54.5	75.0	111.5	34.2	17.0	87.0	72.0	24.5	37.1428571429	189.473684211	38.0	57.2	37.5	64.0	15.0
alpha_rarefaction_10000_4.txt	10000	4	216.913043478	68.75	283.24	223.291666667	47.0	47.25	77.2	84.0	57.0	29.0	99.0	80.5	25.0	40.6	182.772727273	45.0	69.5	41.0	49.1666666667	6.0
alpha_rarefaction_10000_5.txt	10000	5	217.05	66.4285714286	272.214285714	220.05	52.0	51.0	74.1666666667	63.4285714286	48.0	29.0	61.2	82.3333333333	32.0	42.3333333333	204.0	34.0	54.0	50.0	47.0	6.0
alpha_rarefaction_10000_6.txt	10000	6	219.153846154	63.5833333333	281.038461538	266.153846154	109.0	47.5	65.6	79.5	32.0	13.0	67.4285714286	79.0	21.0	43.2	192.913043478	32.5	57.1428571429	33.3333333333	51.0	19.0
alpha_rarefaction_10000_7.txt	10000	7	194.0	71.0	279.483870968	225.052631579	56.75	53.3333333333	98.0	110.5	46.75	11.25	75.5	70.2	24.0	44.0	186.111111111	29.5	68.1666666667	35.0	55.75	12.0
alpha_rarefaction_10000_8.txt	10000	8	218.166666667	79.0	279.125	213.714285714	45.5	47.0	75.0	109.75	65.0	16.3333333333	66.75	80.5	28.0	47.25	212.434782609	35.5	88.0	55.5	42.25	19.0
alpha_rarefaction_10000_9.txt	10000	9	209.565217391	80.0	273.965517241	223.5	49.3333333333	53.0	68.1428571429	92.2	56.0	12.75	102.5	69.0	27.0	60.0	240.8	36.25	75.75	40.5	45.2	6.5