# Constructed from biom file
#OTU ID	424	426	427	429	430	431	432	434	435	436	437	439	440	441	442	447	448	449	450	451	452	453	454	455	456	457	458	459	460	461	757	758	759	760	761	762	763	764	765	766	833	836	837	838	839	841	842	843	844	1016	1017	1018	1019	1020	1021	1022	1023	1024	1025	1026	1027	1028	1029	1030	1031	1032	1033	1034	1035	1036	1037	1038	1039	1040	1138	1141	1142	1143	1144	1145	1146	1147	1148	1149	1150	1151	1152	1153	1154	1156
Unassigned;Other;Other;Other;Other	0.000497265042268	0.00224120176873	0.00293255131965	0.00389660282092	0.00327559404841	0.00436560819815	0.00238077523994	0.000777662568508	0.000371628795923	0.000684187225822	0.000397917564745	0.000296723326692	0.000749122737846	0.000241419546936	0.000470748228156	0.0025756968691	0.00345617645917	0.00287993856131	0.00371329457175	0.00387271547942	0.000350401438169	0.000948541617263	0.00092791476931	0.000839575273685	0.00064763527908	0.000828276991236	0.000791566916364	0.00112973074751	0.000476329497088	0.000908820805006	0.000677531587621	0.00091554597058	0.00123235288787	0.00118004978335	0.00196878361647	0.000838235978951	0.000690009307102	0.00127011007621	0.000903206382658	0.000814487008932	0.000191070632444	0.00059588488906	0.000491223473932	0.000460238666623	0.000326743996079	8.53970964987e-05	0.000422915514493	0.000752888801597	0.000375928072429	0.00202201752415	0.00285765717114	0.00286489087171	0.00239150467331	0.00279438019095	0.000938053097345	0.000802641419946	0.000808825181424	0.000396006586215	0.000857244910108	0.000603311974703	0.000748388413587	0.00050190005019	0.000760797471811	0.000778637031269	0.000760841998478	0.000668789808917	0.000455414882958	0.00035701535166	0.000579340710272	0.000732243104711	0.000776606230772	0.000760612601501	0.000678126013504	0.00116421828034	0.000200267022697	0.000505816894284	0.000369931932524	0.000841350550536	0.00118489891901	0.000513199490906	0.000754164540958	0.00231375772521	0.00135800373451	0.00160691739679	0.000691371681416	0.00140200286123	0.00178969512387	0.000324622626197	0.000356125356125	0.00055915009186
k__Bacteria;Other;Other;Other;Other	0.0	0.0	0.0	0.000164645189616	0.000111037086387	0.000183815082027	0.0	0.0	0.0	0.0	0.0	0.0	0.0	0.0	0.0	0.0	0.0	2.13328782319e-05	0.0	1.90774161548e-05	3.04696902756e-05	0.0	3.43672136782e-05	0.0	0.0	3.85245112203e-05	0.0	0.0	1.5365467648e-05	0.0	0.0	0.0	0.0	3.68765557297e-05	2.02967383142e-05	1.55228884991e-05	0.0	3.68147848176e-05	0.0	2.71495669644e-05	0.0	0.0	0.0	3.28741904731e-05	0.0	0.0	0.0	0.0	0.0	3.20955162564e-05	0.0	0.0	0.0	0.0	0.0	0.0	0.0	0.0	0.0	0.0	0.0	2.390000239e-05	1.95076274823e-05	0.0	0.0	0.0	0.0	0.0	0.0	0.0	0.0	2.05570973379e-05	2.94837397175e-05	0.0	0.0	0.0	0.0	1.82902293595e-05	1.82292141386e-05	0.0	0.0	6.08883611898e-05	0.0	3.82599380189e-05	0.0	2.86123032904e-05	3.13981600678e-05	0.0	0.0	0.0
k__Bacteria;p__Actinobacteria;c__Actinobacteria;o__Actinomycetales;f__Actinomycetaceae	0.0	0.0	0.0	0.0	0.0	0.0	0.0	0.0	0.0	0.0	0.0	0.0	0.0	0.0	0.0	0.0	0.0	8.53315129277e-05	0.0	0.0	0.0	0.0	0.0	0.0	0.0	0.0	0.0	0.0	0.0	0.0	0.0	0.0	0.0	0.0	0.0	0.0	0.0	0.0	0.0	0.0	0.0	0.0	0.0	0.0	0.0	0.0	0.0	0.0	0.0	6.41910325128e-05	0.0	0.0	0.0	0.0	0.0	0.0	0.0	0.0	0.0	0.0	0.0	0.0	0.0	0.0	0.0	0.0	0.0	0.0	0.0	0.0	0.0	0.0	0.0	4.23352101943e-05	0.0	0.0	0.0	0.0	0.0	0.0	0.0	0.0	0.0	0.0	0.0	0.0	0.0	0.0	0.0	0.0
k__Bacteria;p__Actinobacteria;c__Actinobacteria;o__Actinomycetales;f__Beutenbergiaceae	0.0	0.0	5.23669878509e-05	0.0	0.0	0.0	0.0	0.0	0.0	0.0	0.0	0.0	0.0	0.0	0.0	0.0	0.0	0.0	0.0	0.0	0.0	0.0	1.71836068391e-05	0.0	0.0	5.77867668304e-05	0.0	0.0	1.5365467648e-05	0.0	0.0	0.0	0.0	0.0	0.0	0.0	0.0	0.0	0.0	0.0	0.0	0.0	0.0	0.0	0.0	0.0	0.0	0.0	0.0	0.0	0.0	0.0	0.0	0.0	0.0	0.0	0.0	0.0	0.0	0.0	0.0	0.0	0.0	0.0	0.0	0.0	0.0	0.0	0.0	0.0	0.0	0.0	0.0	0.0	0.0	0.0	0.0	0.0	0.0	0.0	0.0	0.0	0.0	0.0	0.0	0.0	0.0	0.0	0.0	0.0
k__Bacteria;p__Actinobacteria;c__Actinobacteria;o__Actinomycetales;f__Cellulomonadaceae	0.0	0.0	0.0	0.0	0.0	0.0	0.0	3.70315508814e-05	0.0	0.0	0.0	0.0	0.0	0.0	0.0	0.0	0.0	0.0	0.0	0.0	0.00196529502278	1.82411849474e-05	0.0	0.0	0.0	0.0	0.0	0.0	0.0	0.0	0.0	0.0	0.0	0.0	0.0	0.0	0.0	0.0	0.0	0.0	0.0	0.0	0.0	0.0	0.0	0.0	0.0	0.0	0.0	0.0	0.0	0.0	0.0	0.0	0.0	0.0	0.0	0.0	0.0	0.0	0.0	0.0	0.0	0.0	0.0	0.0	0.0	0.0	0.0	0.0	0.0	0.0	0.0	0.0	0.0	0.0	0.0	0.0	0.0	0.0	0.0	0.0	0.0	0.0	0.0	0.0	0.0	0.0	0.0	0.0
k__Bacteria;p__Actinobacteria;c__Actinobacteria;o__Actinomycetales;f__Corynebacteriaceae	0.0	0.0	0.0	0.0	0.000333111259161	0.0	0.0	0.0	0.0	0.0	0.0	0.000381501420033	0.0	0.0	0.0	0.0	0.0	0.0	0.0	0.0	0.0	0.0	0.0	0.0	0.0	0.0	0.0	0.0	0.0	0.0	0.0	0.0	0.0	0.0	0.0	0.0	0.0	0.0	0.0	0.0	0.0	0.0	6.5496463191e-05	0.0	0.0	0.0	0.0	0.0	0.0	0.0	0.0	0.0	0.0	0.000258738906569	0.0	7.29674018132e-05	0.000359477858411	0.0	0.0	0.0	0.0	0.0	0.0	0.0	0.0	0.0	0.0	0.0	0.0	0.0	0.0	0.0	0.0	0.0	0.0	0.0	0.0	1.82902293595e-05	0.0	0.0	0.0	0.0	0.0	7.65198760378e-05	0.0	0.0	0.0	0.0	0.0	0.0
k__Bacteria;p__Actinobacteria;c__Actinobacteria;o__Actinomycetales;f__Microbacteriaceae	0.0	0.00018171906233	0.000366568914956	0.0	0.0	0.000137861311521	0.0	0.0	0.0	0.0	0.0	0.0	0.0	0.0	0.0	0.0	0.0	0.0	0.0	7.6309664619e-05	0.0	0.0	0.0	3.29245205367e-05	0.0	0.0	3.86130203104e-05	0.0	0.0	0.0	0.0	0.0	0.0	0.0	0.0	3.10457769982e-05	1.60467280721e-05	0.0	0.0	0.0	0.0	0.0	0.0	0.0	0.0	0.0	0.0	0.0	0.0	9.62865487691e-05	2.25012375681e-05	0.0	0.0	0.0	0.0	0.0	0.0	0.0	0.0	0.0	0.0	0.0	0.0	0.0	0.0	0.0	0.0	0.0	0.0	0.0	0.0	0.0	0.0	0.0	0.0	0.0	0.0	1.82902293595e-05	0.0	0.0	0.0	0.0	0.0	0.0	0.0	0.000114449213162	0.0	0.0	0.0	0.0
k__Bacteria;p__Actinobacteria;c__Actinobacteria;o__Actinomycetales;f__Micrococcaceae	0.000310790651417	0.0	0.0	0.0	0.0	0.0	0.0	0.0	0.0	0.0	0.0	0.0	0.0	0.0	2.6152679342e-05	0.0	0.0	0.0	0.0	0.0	0.0	0.0	0.0	0.0	0.0	0.0	5.79195304657e-05	0.0	7.682733824e-05	0.0	0.0	0.0	0.0	0.0	0.0	0.0	0.0	0.0	0.0	0.0	0.0	0.0	0.0	0.0	0.0	0.0	0.0	0.0	0.0	0.0	0.0	0.0	0.0	0.0	0.0	0.0	0.0	0.0	0.0	0.0	1.70088275815e-05	0.0	0.0	0.0	0.0	3.1847133758e-05	0.0	0.0	0.0	0.0	0.0	0.0	0.0	0.0	0.0	0.0	0.0	0.0	0.0	0.0	0.0	0.0	0.0	0.0	0.0	0.0	0.0	0.0	0.0	0.0
k__Bacteria;p__Actinobacteria;c__Actinobacteria;o__Actinomycetales;f__Mycobacteriaceae	0.0	0.0	0.0	0.0	0.0	0.0	0.0	0.0	0.0	0.0	0.0	0.0	0.0	0.0	0.0	0.0	0.0	6.39986346958e-05	0.0	0.0	0.0	0.0	0.0	0.0	0.0	0.0	0.0	0.0	0.0	0.0	0.0	0.0	0.0	0.0	0.0	0.0	0.0	0.0	0.0	0.0	0.0	0.0	0.0	0.0	0.0	0.0	0.0	0.0	0.0	0.0	0.0	0.0	0.0	0.0	0.0	0.0	0.0	0.0	0.0	0.0	0.0	0.0	0.0	0.0	0.0	0.0	0.0	0.0	0.0	0.0	0.0	0.0	0.0	0.0	0.0	0.0	0.0	0.0	0.0	0.0	0.0	0.0	0.0	0.0	0.0	0.0	0.0	0.0	0.0	0.0
k__Bacteria;p__Actinobacteria;c__Actinobacteria;o__Actinomycetales;f__Propionibacteriaceae	0.0	0.0	0.0	0.0	0.0	0.0	0.000148798452496	0.0	0.0	0.0	0.0	0.000169556186681	0.0	0.0	0.0	0.0	0.0	0.0	0.0	0.0	0.0	0.0	0.0	0.0	0.0	0.0	0.0	0.0	0.0	0.0	0.0	0.0	0.0	0.0	0.0	0.0	0.0	0.0	0.0	0.0	0.0	0.0	0.0	0.0	0.0	0.0	0.0	0.0	0.0	0.0	0.0	0.0	0.0	2.58738906569e-05	0.0	0.0	0.0	0.0	0.0	0.0	0.0	0.0	0.0	0.0	0.0	0.0	0.0	0.0	0.0	0.0	0.0	0.0	0.0	0.0	0.0	0.0	0.0	0.0	0.0	0.0	0.0	0.0	0.0	0.0	0.0	0.0	0.0	0.0	0.0	0.0
k__Bacteria;p__Actinobacteria;c__Actinobacteria;o__Actinomycetales;f__Streptomycetaceae	0.0	0.0	0.0	0.0	0.0	0.0	0.0	0.0	0.0	0.0	0.0	0.0	0.0	0.0	0.0	0.0	0.0	0.0	0.0	0.0	0.0	0.0	0.0	0.0	0.0	0.0	0.0	0.0	0.0	0.0	0.0	0.0	0.0	0.0	0.0	0.0	0.0	0.0	0.0	0.0	0.0	0.0	0.0	0.0	0.0	0.0	0.0	0.0	0.0	0.0	0.0	0.0	0.0	0.0	0.0	0.0	0.0	0.0	0.0	0.0	0.0	0.0	0.0	0.0	0.0	0.0	0.0	0.0	0.0	0.0	0.0	0.0	0.0	0.0	0.00106809078772	8.4302815714e-05	0.00133175495709	0.0	0.0	0.0	0.0	0.0	0.0	0.0	0.0	0.0	0.0	0.000405778282746	0.00384615384615	0.00231647895199
k__Bacteria;p__Armatimonadetes;c__[Fimbriimonadia];o__[Fimbriimonadales];f__	0.0	0.0	0.0	0.0	0.0	0.0	0.0	0.0	0.0	0.0	0.0	0.0	0.0	0.0	0.0	0.0	0.0	0.0	0.0	0.0	0.0	0.0	0.0	0.0	0.0	0.0	5.79195304657e-05	0.0	0.0	0.0	0.0	0.0	0.0	0.0	0.0	0.0	0.0	0.0	0.0	0.0	0.0	0.0	0.0	0.0	0.0	0.0	0.0	0.0	0.0	0.0	0.0	0.0	0.0	0.0	0.0	0.0	0.0	0.0	0.0	0.0	0.0	0.0	0.0	0.0	0.0	0.0	0.0	0.0	0.0	0.0	0.0	0.0	0.0	0.0	0.0	0.0	0.0	0.0	0.0	0.0	0.0	0.0	0.0	0.0	0.0	0.0	0.0	0.0	0.0	0.0
k__Bacteria;p__Bacteroidetes;c__Bacteroidia;o__Bacteroidales;f__	0.0	0.0	0.0	0.0	0.0	0.0	0.0	0.0	0.0	0.0	0.0	0.0	0.0	0.0	0.0	0.0	0.0	0.0	0.0	0.0	0.0	0.0	0.0	0.0	0.0	0.0	0.0	0.0	0.0	0.0	0.0	0.0	0.0	0.0	0.0	0.0	0.0	0.0	0.0	0.0	0.0	0.0	0.0	0.0	0.0	0.0	0.0	0.0	0.0	0.0	0.0	0.0	0.0	0.0	0.0	0.0	0.0	0.0	2.38123586141e-05	0.0	0.0	0.0	1.95076274823e-05	0.0	0.0	0.0	0.0	0.0	0.0	0.0	0.0	0.0	2.94837397175e-05	0.0	0.0	0.0	0.0	0.0	0.0	0.0	0.0	9.13325417846e-05	0.0	0.0	0.0	8.58369098712e-05	0.0	0.0	0.0	0.0
k__Bacteria;p__Bacteroidetes;c__Bacteroidia;o__Bacteroidales;f__Bacteroidaceae	0.0	0.0	0.0	0.0	0.0	0.0	0.0	0.0	0.0	0.0	0.0	0.0	0.0	0.0	0.0	0.0	0.0	0.0	0.0	0.0	0.0	0.0	0.0	0.0	0.0	0.0	0.0	0.0	0.0	0.0	0.0	0.0	0.0	0.0	0.0	0.0	0.0	0.0	0.0	0.0	0.0	0.0	0.0	0.0	0.0	0.0	0.0	0.0	0.0	0.0	0.0	0.0	0.0	5.17477813139e-05	0.0	0.0	0.0	0.0	0.0	0.0	0.0	0.0	0.0	0.0	0.0	0.0	0.0	0.0	0.0	0.0	0.0	0.0	0.0	0.0	0.0	0.0	0.0	0.0	0.0	0.0	0.0	0.0	0.0	0.0	0.0	0.0	0.0	0.0	0.00014245014245	0.0
k__Bacteria;p__Bacteroidetes;c__Bacteroidia;o__Bacteroidales;f__Prevotellaceae	0.0	0.0	0.0	0.0	0.0	0.0	0.0	0.0	0.0	0.0	0.0	0.0	0.0	0.0	0.0	0.0	0.0	0.0	0.0	7.6309664619e-05	1.52348451378e-05	1.82411849474e-05	3.43672136782e-05	1.64622602683e-05	0.0	0.0	1.93065101552e-05	0.0	0.0	0.0	0.0	2.03454660129e-05	0.0	0.0	0.0	0.0	0.0	1.84073924088e-05	0.0	0.0	0.0	0.0	0.0	0.0	0.0	0.0	0.0	0.0	0.0	0.0	0.0	0.0	0.0	0.0	0.0	0.0	0.0	0.0	0.0	0.0	0.0	0.0	0.0	0.0	0.0	0.0	0.0	0.0	0.0	0.0	0.0	0.0	0.0	0.0	0.0	0.0	0.0	0.0	0.0	0.0	0.0	0.0	2.8291744469e-05	0.0	6.91371681416e-05	2.86123032904e-05	3.13981600678e-05	0.000243466969648	0.0	7.98785845515e-05
k__Bacteria;p__Bacteroidetes;c__Bacteroidia;o__Bacteroidales;f__Rikenellaceae	0.0	0.0	0.0	0.0	0.0	0.0	0.0	0.0	0.0	0.0	0.0	0.0	0.0	0.0	0.0	0.0	0.0	0.0	0.0	0.0	0.0	0.0	0.0	0.0	0.0	0.0	0.0	0.0	0.0	0.0	0.0	0.0	0.0	0.0	0.0	0.0	0.0	0.0	0.0	0.0	0.0	0.0	0.0	0.0	0.0	0.0	0.0	0.0	0.0	0.0	0.0	0.0	4.38808196937e-05	0.0	0.0	0.0	0.0	0.0	0.0	0.0	0.0	0.0	0.0	0.0	0.0	0.0	0.0	0.0	0.0	0.0	0.0	0.0	0.0	0.0	0.0	0.0	0.0	0.0	0.0	0.0	0.0	3.04441805949e-05	0.0	0.0	0.0	0.0	0.0	0.0	0.0	0.0
k__Bacteria;p__Bacteroidetes;c__Cytophagia;o__Cytophagales;f__Cytophagaceae	0.0	0.0	0.0	0.0	0.0	0.000137861311521	0.0	0.0	0.0	0.0	0.0	0.0	0.0	0.0	0.0	0.0	0.0	0.0	0.0	0.0	0.0	0.0	0.0	0.0	0.0	0.0	0.0	0.0	0.0	0.0	0.0	0.0	0.0	0.0	0.0	0.0	0.0	0.0	0.0	0.0	0.0	0.0	0.0	0.0	0.0	0.0	0.0	0.0	0.0	0.0	0.0	0.0	0.0	0.0	0.0	0.0	0.0	0.0	0.0	0.0	0.0	0.0	0.0	0.0	0.0	0.0	0.0	0.0	0.0	0.0	0.0	0.0	0.0	0.0	0.0	0.0	0.0	0.0	0.0	0.0	0.0	0.0	0.0	0.0	0.0	0.0	0.0	0.0	0.0	0.0
k__Bacteria;p__Bacteroidetes;c__Flavobacteriia;o__Flavobacteriales;f__[Weeksellaceae]	0.0	0.0	0.0	0.0	0.0	0.0	0.0	0.0	0.0	0.0	0.0	0.0	0.0	0.0	0.0	0.0	0.000116500330084	0.0	0.0	0.0	0.0	0.0	0.0	0.0	0.0	0.0	0.0	0.0	0.0	0.0	0.0	0.0	0.0	0.0	0.0	0.0	0.0	0.0	0.0	0.0	0.0	0.0	0.0	0.0	0.0	0.0	0.0	0.0	0.0	0.0	0.0	0.0	0.0	0.0	0.0	0.0	0.0	0.0	0.0	0.0	0.0	0.0	0.0	0.0	0.0	0.0	0.0	0.0	0.0	0.0	0.0	2.05570973379e-05	0.0	0.0	0.0	0.0	0.0	0.0	0.0	0.0	0.0	0.0	0.0	0.0	0.0	0.0	0.0	0.0	0.0	0.0
k__Bacteria;p__Bacteroidetes;c__Sphingobacteriia;o__Sphingobacteriales;f__Sphingobacteriaceae	0.0	0.0	0.0	0.0	0.0	0.0	0.0	0.0	0.0	4.02463074013e-05	0.0	0.0	0.0	0.0	0.0	0.0	0.0	0.0	0.0	5.72322484643e-05	3.04696902756e-05	3.64823698947e-05	0.0	0.0	1.704303366e-05	0.0	0.0	7.5315383167e-05	0.0	0.0	0.0	0.000101727330064	9.06141829319e-05	0.0	8.11869532566e-05	0.0	0.0	0.000110444354453	0.000125445330925	0.0	0.0	0.0	0.0	0.0	0.0	0.0	0.0	0.0	0.0	0.000224668613795	9.00049502723e-05	2.18693959673e-05	0.0	0.0	0.0	0.0	0.0	0.0	0.0	0.0	0.0	0.0	0.0	0.0	0.000112717333108	0.000254777070064	0.0	0.0	5.79340710272e-05	0.0	0.0	0.0	0.0	0.0	0.0	0.0	0.0	3.6580458719e-05	0.0	0.0	0.0	0.0	0.0	0.0	0.0	2.86123032904e-05	0.0	0.0	0.0	0.0
k__Bacteria;p__Bacteroidetes;c__[Saprospirae];o__[Saprospirales];f__Chitinophagaceae	0.0	0.0	5.23669878509e-05	0.0	0.0	0.0	0.0	0.0	0.0	0.0	0.0	0.0	0.0	0.0	0.0	0.000133554652472	0.0	0.0	0.0	0.0	0.0	0.0	0.0	0.0	0.0	0.0	0.0	0.0	0.0	0.0	0.0	0.0	0.0	9.21913893242e-05	0.0	0.0	0.0	5.52221772264e-05	0.0	0.0	0.0	0.0	0.0	0.0	0.0	0.0	0.0	0.0	0.0	0.000288859646307	0.0	0.0	0.0	0.0	0.0	0.0	0.0	0.0	0.0	0.0	0.0	0.0	0.0	0.0	0.0	0.0	0.0	0.0	0.0	0.0	0.0	0.0	0.0	0.0	0.0	0.0	0.0	0.0	0.0	0.0	0.0	0.0	0.0	0.0	0.0	0.0	0.0	0.0	0.0	0.0
k__Bacteria;p__Chloroflexi;c__Thermomicrobia;o__JG30-KF-CM45;f__	0.0	0.0	0.0	0.0	0.0	0.0	0.0	0.0	0.0	0.0	0.0	0.0	0.0	0.0	0.0	0.0	0.0	0.0	0.0	7.6309664619e-05	0.0	0.0	0.0	0.0	0.0	0.0	0.0	0.0	0.0	0.0	0.0	0.0	0.0	0.0	0.0	0.0	0.0	0.0	0.0	0.0	0.0	0.0	0.0	0.0	0.0	0.0	0.0	0.0	0.0	0.0	0.0	0.0	0.0	0.0	0.0	0.0	0.0	0.0	0.0	0.0	0.0	0.0	0.0	0.0	0.0	0.0	0.0	0.0	0.0	0.0	0.0	0.0	0.0	0.0	0.0	0.0	0.0	0.0	0.0	0.0	0.0	0.0	0.0	0.0	0.0	0.0	0.0	0.0	0.0	0.0
k__Bacteria;p__Cyanobacteria;c__Chloroplast;o__Streptophyta;f__	0.888736946793	0.900660245926	0.869815668203	0.0649799681686	0.0555185431934	0.0897936675704	0.137675768172	0.00673974226041	0.00196432363559	0.00330019720691	0.00268594356203	0.00648552414056	0.00465244647715	0.00233372228705	0.00951957528049	0.0366512124855	0.0373577725137	0.0162556532127	0.0594860018566	0.04832309512	0.00936942975975	0.0120574232502	0.015052839591	0.0166433451313	0.0129356625479	0.0116536646441	0.019152058074	0.0151195631708	0.020558995713	0.0126361046542	0.0157480314961	0.0204065024109	0.0208775077475	0.0152300175164	0.0317440987233	0.0151037705096	0.0108475881768	0.0160328387881	0.01302122535	0.0117557624956	0.010636265206	0.00676504609345	0.00340581608593	0.00286005457116	0.00202581277569	0.00239111870196	0.00618107290413	0.00769255949458	0.00178565834404	0.0183907308149	0.0357769677332	0.0347942089839	0.0504629426478	0.0297808481461	0.0133628318584	0.00631168025685	0.019389336988	0.00817024114717	0.0124776759138	0.0144794873929	0.0118211351692	0.00829330082933	0.0128945417658	0.0103700295528	0.00955279398089	0.00786624203822	0.0021859914382	0.00214209210996	0.0104281327849	0.00951916036124	0.0136204785089	0.0166306917463	0.0101718902026	0.012425384192	0.018958611482	0.0260495700556	0.0190145013318	0.0253685481216	0.0282552819148	0.0167097754239	0.0280815384957	0.0145523183244	0.025943529678	0.024295060642	0.0286919247788	0.0374821173104	0.0204402022042	0.00113617919169	0.0	0.00207684319834
k__Bacteria;p__Cyanobacteria;c__Nostocophycideae;o__Nostocales;f__	0.0	0.0	0.0	0.0	0.0	0.0	0.0	0.0	0.0	0.0	0.0	0.0	0.0	0.0	0.0	0.0	0.0	0.0	0.0	0.0	0.0	0.0	0.0	6.58490410733e-05	0.0	0.0	0.0	0.0	0.0	0.0	0.0	0.0	0.0	0.0	0.0	0.0	0.0	0.0	0.0	0.0	0.0	0.0	0.0	0.0	0.0	0.0	0.0	0.0	0.0	0.0	0.0	0.0	0.0	0.0	0.0	0.0	0.0	0.0	0.0	0.0	0.0	0.0	0.0	0.0	0.0	0.0	0.0	0.0	0.0	0.0	0.0	0.0	0.0	0.0	0.0	0.0	0.0	0.0	0.0	0.0	0.0	0.0	0.0	0.0	0.0	0.0	0.0	0.0	0.0	0.0
k__Bacteria;p__Firmicutes;c__Bacilli;o__Bacillales;Other	0.0	0.0	0.0	0.0	0.0	0.0	0.000111598839372	0.0	0.0	0.0	0.0	0.0	0.0	0.0	0.0	0.0	0.0	0.0	0.0	0.0	0.0	0.0	0.0	0.0	0.0	0.0	0.0	0.0	0.0	0.0	0.0	0.0	0.0	0.0	0.0	0.0	0.0	0.0	0.0	0.0	0.0	0.0	0.0	0.0	0.0	0.0	0.0	0.0	0.0	0.0	0.0	0.0	0.0	0.0	0.0	0.0	0.0	0.0	0.0	0.0	0.0	0.0	0.0	0.0	0.0	0.0	0.0	0.0	0.0	0.0	0.0	0.0	0.0	0.0	0.000600801068091	0.00084302815714	7.39863865049e-05	0.0	0.0	0.0	0.0	0.0	0.0	0.0	0.0	0.0	0.0	8.11556565493e-05	0.0	0.0
k__Bacteria;p__Firmicutes;c__Bacilli;o__Bacillales;f__	0.0	0.0	0.0	0.0	0.0	0.0	0.0	0.0	0.0	0.0	0.0	0.0	0.0	0.0	0.0	0.0	0.0	0.0	0.0	0.0	0.0	0.0	0.0	0.0	0.0	0.0	0.0	0.0	0.0	0.0	0.0	0.0	0.0	0.0	0.0	0.0	0.0	0.0	0.0	0.0	0.0	0.0	0.0	0.0	0.0	0.0	0.0	0.0	0.0	0.0	0.0	0.0	0.0	0.0	0.0	0.0	0.0	0.0	0.0	0.0	0.0	0.0	0.0	0.0	0.0	0.0	0.0	0.0	0.0	0.0	0.0	0.0	0.0	0.0	0.0	0.000758725341426	0.00029594554602	0.0	0.0	0.0	0.0	0.0	0.0	0.0	0.0	0.0	0.0	0.0	0.0	0.0
k__Bacteria;p__Firmicutes;c__Bacilli;o__Bacillales;f__Bacillaceae	0.0	0.0	0.0	0.0	0.0	0.0	0.00230637601369	0.0	0.0	0.0	0.0	0.0	0.0	0.0	0.0	0.0	7.76668867228e-05	0.0	0.0	0.0	0.0	0.0	0.0	0.0	0.0	0.0	1.93065101552e-05	3.76576915835e-05	0.0	1.74773231732e-05	0.0	0.0	0.0	0.0	0.0	0.0	0.0	0.0	0.0	0.0	0.000191070632444	0.0	0.0	0.0	0.0	0.0	0.0	0.0	0.0	0.0	9.00049502723e-05	0.0	8.77616393874e-05	0.0	0.0	1.82418504533e-05	0.0	0.0	0.0	0.0	0.0	0.0	0.0	0.0	0.000197255332939	0.0	4.55414882958e-05	0.0	0.0	0.0	2.98694704143e-05	2.05570973379e-05	0.0	0.0	0.124299065421	0.0738492665655	0.0429860905593	0.0	1.82292141386e-05	0.0	0.0	0.0	0.0	0.0	0.000103705752212	0.0	0.0	0.0215874046421	0.00042735042735	0.00439332215033
k__Bacteria;p__Firmicutes;c__Bacilli;o__Bacillales;f__Paenibacillaceae	0.0	0.0	0.0	0.0	0.0	0.0	0.0	0.0	0.0	0.0	0.0	0.0	0.0	0.0	0.0	0.0	0.0	0.0	0.0	0.0	0.0	0.0	0.0	0.0	0.0	0.0	0.0	0.0	0.0	0.0	0.0	0.0	0.0	0.0	0.0	0.0	0.0	0.0	0.0	0.0	0.000573211897331	0.0	0.0	0.0	0.0	0.0	0.0	0.0	0.0	0.0	0.0	0.0	0.0	0.0	0.0	0.0	0.0	0.0	0.0	0.0	0.0	0.0	0.0	1.76962961652e-05	0.0	0.0	0.0	0.0	0.0	0.0	0.0	0.0	0.0	0.0	0.0218958611482	0.00615410554713	0.00665877478544	0.0	0.0	0.0	0.000621076680789	0.0	0.0	0.0	0.0	0.0	0.0	0.00259698100958	0.0	0.00111830018372
k__Bacteria;p__Firmicutes;c__Bacilli;o__Bacillales;f__Planococcaceae	0.0	0.0	0.0	0.0	5.55185431934e-05	0.0	3.7199613124e-05	0.0	0.0	0.0	0.0	0.0	0.0	0.0	0.0	0.0	0.0	0.0	0.0	0.0	0.0	0.0	0.0	0.0	0.0	0.0	0.0	0.0	0.0	0.0	0.0	0.0	0.0	0.0	0.0	0.0	0.0	0.0	0.0	0.0	0.000382141264888	0.0	0.0	0.0	0.0	0.0	0.0	0.0	0.0	0.0	0.0	0.0	0.0	0.0	0.0	0.0	0.0	0.0	0.0	0.0	0.0	0.0	0.0	0.0	2.8179333277e-05	0.0	0.0	0.0	0.0	0.0	0.0	0.0	0.0	0.0	0.0172897196262	0.0065756196257	0.01524119562	0.0	0.0	0.0	0.0	0.0	0.0	0.0	0.0	0.0	0.0	0.00381431585782	0.0	0.000718907260963
k__Bacteria;p__Firmicutes;c__Bacilli;o__Bacillales;f__Staphylococcaceae	0.0	6.05730207765e-05	5.23669878509e-05	0.0	0.000444148345547	0.0	0.00334796518116	0.0	0.0	0.0	0.0	0.0	0.0	0.0	0.0	0.0	0.0	0.0	0.0	0.0	0.0014930148235	0.0	0.0	0.0	0.0	0.0	1.93065101552e-05	0.0	0.0	0.0	0.0	0.0	0.0	1.84382778648e-05	0.0	3.10457769982e-05	0.0	0.0	0.0	0.0	0.0	0.0	0.0	0.0	0.0	0.0	0.0	0.0	0.0	0.0	0.0	0.0	0.0	5.17477813139e-05	0.0	0.0	0.0	0.0	0.0	0.0	0.0	0.0	0.0	0.0	8.45379998309e-05	0.0	0.0	0.0	0.0	0.0	0.0	0.0	0.0	0.0	0.0	0.0	0.0	0.0	0.0	0.0	0.0	0.0	0.0	0.0	6.91371681416e-05	0.0	0.000156990800339	0.0	0.0	0.0
k__Bacteria;p__Firmicutes;c__Bacilli;o__Lactobacillales;Other	0.0	0.0	0.0	0.00115251632731	0.000555185431934	0.000689306557603	0.000409195744364	0.00081469411939	0.000583988107879	0.000482955688816	0.000630036144179	0.000127167140011	0.000867405275401	0.000482839093872	0.00078458038026	0.000343426249213	0.000291250825211	0.000319993173479	0.000415302682367	0.000572322484643	0.000396105973583	0.000912059247369	0.0010997508377	0.000823113013417	0.00081806561568	0.00127130887027	0.00123561664993	0.000997928826963	0.00046096402944	0.00111854868308	0.000494414942318	0.000732436776464	0.000271842548796	0.000848160781783	0.00048712171954	0.000931373309946	0.000401168201804	0.00075470308876	0.000727582919364	0.000570140906253	0.000636902108146	0.000350520522977	0.000556719937123	0.000525987047569	0.000228720797255	0.000341588385995	0.000553043365106	0.000556483027268	0.000156636696845	0.000417241711333	0.000202511138113	0.000262432751607	0.000175523278775	0.000232865015912	0.000495575221239	0.000601981064959	0.000516749421465	0.000875382980054	0.000357185379212	0.00018723475077	0.000663344275679	0.0002390000239	0.000624244079435	0.0008140296236	0.000450869332432	9.55414012739e-05	0.000136624464888	0.00017850767583	0.0	0.000453293350535	0.0002090862929	0.000986740672217	0.000442256095763	0.00101604504466	0.00133511348465	0.000758725341426	0.000443918319029	0.000676738486301	0.000838543850375	0.000882703124359	0.000465807510592	0.00100465795963	0.000679001867255	0.000765198760378	0.00100248893805	0.000743919885551	0.000816352161763	0.000405778282746	7.12250712251e-05	0.000239635753654
k__Bacteria;p__Firmicutes;c__Bacilli;o__Lactobacillales;f__	0.0	0.0	0.0	0.014598540146	0.00649566955363	0.0169109875465	0.0127594673015	0.00577692193749	0.00313229985135	0.00338068982171	0.00371389727095	0.00169556186681	0.00563813429011	0.00470768116525	0.00389674922196	0.00259477610516	0.00250475709681	0.00305060158717	0.00581423755313	0.00782174062345	0.00466186261217	0.00629320880684	0.00656413781253	0.00650259280599	0.00651043885812	0.00681883848599	0.00882307514094	0.00704198832612	0.00516279712973	0.00555778876907	0.00527375938473	0.00909442330777	0.00271842548796	0.00706186042224	0.00450587590574	0.00693873115909	0.00436471003562	0.00563266207709	0.00526870389884	0.00382808894198	0.00560473855168	0.00269900802692	0.00199764212733	0.00286005457116	0.00215651037412	0.00196413321947	0.00276521682553	0.0027169465449	0.00153503962908	0.00314536059313	0.00270014850817	0.00319293181122	0.00353240598534	0.00419157028642	0.00515044247788	0.00361188638976	0.00395425644252	0.00506471581317	0.00378616501965	0.00295414828992	0.00476247172282	0.00308310030831	0.00462330771332	0.00571590366136	0.00935553864796	0.00222929936306	0.00382548501685	0.00107104605498	0.00168008805979	0.00359147808501	0.00238955763314	0.00600267242265	0.00232921543769	0.00605393505779	0.00393858477971	0.00236047883999	0.00251553714117	0.00649303142261	0.00495834624569	0.00806749599704	0.00454716855577	0.00998569123512	0.00840264810728	0.0097180242568	0.0110619469027	0.00809728183119	0.00888567929919	0.00357084888817	0.00042735042735	0.00487259365764
k__Bacteria;p__Firmicutes;c__Bacilli;o__Lactobacillales;f__Carnobacteriaceae	0.0	0.0	0.0	5.48817298721e-05	0.0	4.59537705069e-05	0.0	0.0	0.0	0.0	0.0	0.0	0.0	0.0	0.0	0.0	1.94167216807e-05	4.26657564639e-05	0.0	0.0	0.0	0.0	0.0	1.64622602683e-05	0.0	0.0	0.0	0.0	0.0	0.0	0.0	0.0	0.0	0.0	0.0	0.0	0.0	3.68147848176e-05	0.0	0.0	0.000700592318961	0.0	0.0	0.0	0.0	0.0	0.0	0.0	0.0	3.20955162564e-05	0.0	4.37387919346e-05	0.0	0.0	0.0	0.0	0.0	0.0	0.0	0.0	0.0	0.0	1.95076274823e-05	0.0	0.0	0.0	0.0	0.0	0.0	0.0	0.0	0.0	0.0	0.0	0.0	0.0	0.0	0.0	0.0	0.0	0.0	0.0	0.0	0.0	0.0	0.0	3.13981600678e-05	8.11556565493e-05	0.0	0.0
k__Bacteria;p__Firmicutes;c__Bacilli;o__Lactobacillales;f__Enterococcaceae	0.0	0.0	0.0	0.0057076999067	0.00399733510993	0.00160838196774	0.000520794583736	0.000148126203525	0.000212359311956	0.000160985229605	9.94793911861e-05	0.0	0.000157710050073	8.0473182312e-05	0.000104610717368	0.00118291263618	0.00248534037513	0.000853315129277	0.00168564029902	0.000953870807738	4.57045354134e-05	0.000310100144105	0.000154652461552	0.000164622602683	0.00022155943758	0.000250409322932	0.000135145571087	7.5315383167e-05	0.000122923741184	0.000262159847598	0.0018128547885	0.00272629244573	0.00201163486109	0.00213884023232	0.00190789340153	0.000310457769982	0.000208607464938	0.00103081397489	0.000702493853179	0.0	0.102222788357	0.000175260261488	0.000491223473932	6.57483809461e-05	6.53487992158e-05	0.000256191289496	0.000130127850613	3.27342957216e-05	0.000281946054322	0.00192573097538	0.00279015345844	0.00205572322092	0.000987318443109	0.00139719009547	0.000336283185841	1.82418504533e-05	0.0	0.000416849038121	0.0	0.0	0.000306158896467	0.0	0.000214583902306	0.000176962961652	0.000901738664863	0.000477707006369	0.000592039347846	0.0	5.79340710272e-05	0.00118553645525	0.0	0.000267242265392	0.00171005690362	0.000931374624275	0.00340453938585	0.00143314786714	0.000813850251554	0.000182902293595	0.000200521355524	0.00188857412653	0.000510170130648	0.000395774347733	0.000367792678097	0.000229559628113	0.0	0.000543633762518	0.000690759521492	0.000973867878591	0.00014245014245	0.00135793593738
k__Bacteria;p__Firmicutes;c__Bacilli;o__Lactobacillales;f__Lactobacillaceae	0.00018647439085	0.00018171906233	0.000366568914956	0.249327698809	0.221518987342	0.302237948624	0.322111450041	0.955376981188	0.958377574857	0.969815269449	0.978744570083	0.961383578483	0.967354019635	0.973645032793	0.964955409682	0.295232098907	0.348297153509	0.532873965355	0.423022426345	0.409973673166	0.911729307272	0.889695554623	0.887911332589	0.910116058935	0.895423945462	0.85050563421	0.885782685922	0.91261532668	0.872574176795	0.856738381949	0.707214795825	0.693312445322	0.46358215988	0.620411173596	0.39899328178	0.892100402043	0.945039956353	0.807753193683	0.834838677304	0.877039611218	0.849308961213	0.972939815626	0.972786219544	0.972024063907	0.980068616239	0.978394534586	0.974332281467	0.964352351959	0.972745214749	0.2594280579	0.186670266865	0.307308752132	0.358089429111	0.39030764056	0.877238938053	0.862693591638	0.842279089622	0.908668375748	0.899797594952	0.895481401348	0.871022060449	0.915632991563	0.872303070501	0.835689890106	0.728773917209	0.903280254777	0.958693870116	0.927740092824	0.866230229998	0.889640503504	0.944173959796	0.764970706136	0.822950142996	0.769230769231	0.727036048064	0.820350699713	0.821470849364	0.839539817829	0.815611498988	0.86740977953	0.801787813588	0.80707522757	0.761755219827	0.861422504496	0.870506084071	0.774220314735	0.707369148168	0.945950332738	0.989743589744	0.961338765077
k__Bacteria;p__Firmicutes;c__Bacilli;o__Lactobacillales;f__Leuconostocaceae	0.0	0.000121146041553	0.000366568914956	0.163328028099	0.103542083056	0.166904094481	0.227140837735	0.0126647904014	0.00302612019537	0.00478931058075	0.00590244387704	0.0106820397609	0.00851634270394	0.004385788436	0.00761042968852	0.0441111937878	0.0226010640363	0.0202235685639	0.0489568573802	0.0683353046663	0.0321607580859	0.0217070100874	0.0204828593522	0.0225532965676	0.0207584149979	0.0203602041799	0.0282261178469	0.0154208247034	0.0308077626343	0.0172501179719	0.0488921442959	0.0673434925027	0.0482248681564	0.0484742325067	0.0403905092452	0.0202573694913	0.0138804197824	0.0226226852704	0.0197450950876	0.0160725436429	0.0266225081205	0.00532791194924	0.00301283730679	0.00433939314244	0.00310406796275	0.00290350128096	0.00579068935229	0.0077252937903	0.00341467999123	0.0351445903007	0.0357769677332	0.0404583825395	0.0538417657642	0.0568190638826	0.019982300885	0.0169284372207	0.0215237367723	0.0253444215177	0.0108346231694	0.014708329866	0.0163114656507	0.01249970125	0.0207756232687	0.0222973331682	0.032659847268	0.0110828025478	0.00705893068585	0.011174580507	0.0264179363884	0.0207468879668	0.0129932196302	0.0296022201665	0.0147418698588	0.0229668515304	0.0492656875834	0.0469566683527	0.0568955312223	0.0305446830303	0.022494850247	0.0369708913249	0.0230685624293	0.0196060523031	0.0295082894811	0.0340130848988	0.0451465707965	0.0334763948498	0.0253383151747	0.0125791267651	0.00277777777778	0.0153366882339
k__Bacteria;p__Firmicutes;c__Bacilli;o__Lactobacillales;f__Streptococcaceae	0.0	6.05730207765e-05	0.000471302890658	0.0523022885681	0.057406173662	0.076604935435	0.0997321627855	0.00151829358614	0.00122106604375	0.00116714291464	0.00135955167954	0.00194989614684	0.00145881796317	0.00148875387277	0.00201375630933	0.00295728159045	0.00254359054017	0.00121597405922	0.0049347730493	0.00516997977794	0.00166059812002	0.00499808467558	0.00486296073546	0.0075397152029	0.00567533020878	0.00778195126649	0.00716271526759	0.00611937488232	0.0106329036124	0.00737543037908	0.00285661966673	0.00472014811499	0.00141358125374	0.001364432562	0.00255738902758	0.00243709349436	0.00125164478963	0.00318447888672	0.00235837222139	2.71495669644e-05	0.00229284758933	0.00126187388272	0.000687712863505	0.00111772247608	0.00147034798236	0.000341588385995	0.00139887439409	0.00114570035026	0.00140973027161	0.00259973681677	0.0026101435579	0.00255871932817	0.00274255123086	0.00258738906569	0.00423008849558	0.00508947627647	0.00220180188277	0.00323058004544	0.00264317180617	0.000540900391113	0.00498358648138	0.00485170048517	0.00725683742343	0.00585747403069	0.00436779665793	0.000732484076433	9.10829765917e-05	0.0	0.0	0.00693887513512	0.00161295140237	0.00269297975126	0.00607365038181	0.00241310698108	0.000200267022697	0.000168605631428	0.00029594554602	0.00784650839522	0.00601564066573	0.00983290224576	0.00512388261651	0.00526684324291	0.00599784982742	0.00371121398783	0.00110619469027	0.00703862660944	0.00420735344909	0.000324622626197	0.0	0.000479271507309
k__Bacteria;p__Firmicutes;c__Clostridia;o__Clostridiales;Other	0.0	0.0	0.0	0.0	0.0	0.0	0.0	0.0	0.0	0.0	0.0	0.0	0.0	0.0	0.0	0.0	0.0	0.0	0.0	0.0	0.0	0.0	0.0	0.0	0.0	0.0	0.0	0.0	0.0	0.0	0.0	0.0	0.0	0.0	0.0	0.0	0.0	0.0	0.0	0.0	0.0	0.0	0.0	0.0	0.0	0.0	0.0	0.0	0.0	0.0	0.0	0.0	0.0	0.0	0.0	0.0	0.0	0.0	0.0	0.0	0.0	0.0	0.0	0.0	0.0	0.0	0.0	0.0	0.0	0.0	0.0	0.000102785486689	0.0	0.0	0.0	0.0	0.0	0.0	0.0	0.0	0.0	0.0	0.0	0.0	0.0	0.0	0.0	0.0	0.0	0.0
k__Bacteria;p__Firmicutes;c__Clostridia;o__Clostridiales;f__	0.0	0.0	0.0	5.48817298721e-05	0.000610703975128	0.0	0.0	0.0	0.0	0.0	0.0	0.0	0.0	0.0	0.0	0.000305267777078	0.0	0.0	0.0	0.0	0.0	0.0	0.0	3.29245205367e-05	0.0	0.0	0.0	0.0	0.0	0.0	0.0	0.0	0.0	7.37531114594e-05	2.02967383142e-05	0.0	0.0	0.0	0.0	0.0	0.0	0.0	0.0	0.0	0.0	0.0	0.0	0.0	0.0	0.0	0.0	6.56081879019e-05	0.0	2.58738906569e-05	5.30973451327e-05	0.0	0.0	0.0	2.38123586141e-05	0.0	0.0	0.0	0.0	0.0	0.0	0.0	0.0	0.0	0.0	0.0	0.0	4.11141946757e-05	0.0	0.0	0.0	0.0	0.0	0.000128031605516	3.64584282772e-05	0.0	0.0	0.0	0.0	0.0	3.45685840708e-05	0.0	0.0	0.0	0.0	0.0
k__Bacteria;p__Firmicutes;c__Clostridia;o__Clostridiales;f__Clostridiaceae	0.0	0.0	0.0	0.000439053838977	0.0107705973795	0.000229768852534	0.0	0.0	0.000265449139945	0.0	0.0	0.0	0.0	0.0	0.0	0.16247877435	0.0672401071803	0.0948673094974	0.0335662285631	0.0401770384219	1.52348451378e-05	1.82411849474e-05	0.000154652461552	0.0	6.817213464e-05	0.0	1.93065101552e-05	0.0	0.000245847482368	1.74773231732e-05	0.0183116645303	2.03454660129e-05	0.194421790899	0.0316032082603	0.0370618441616	0.0	0.000128373824577	3.68147848176e-05	0.000526870389884	2.71495669644e-05	0.0	0.0	0.0	0.0	0.0	0.0	0.0	6.54685914433e-05	0.0	0.0	0.0691688042842	0.000502996107248	0.000680152705253	0.133483401899	0.000371681415929	0.0	6.7402098452e-05	2.0842451906e-05	0.0	0.0	0.000153079448234	0.0	0.0	3.53925923304e-05	0.000197255332939	0.00398089171975	0.000136624464888	0.000963941449482	0.0	0.0	5.97389408286e-05	0.000143899681365	5.89674794351e-05	2.11676050972e-05	0.0175567423231	0.000674422525712	0.0235276709086	1.82902293595e-05	5.46876424157e-05	0.0	0.0	0.0	8.48752334069e-05	0.0	0.0	0.0	0.0	0.0	0.0	7.98785845515e-05
k__Bacteria;p__Firmicutes;c__Clostridia;o__Clostridiales;f__Lachnospiraceae	0.0	0.0	0.0	0.0	0.0	0.0	0.00152518413808	0.0	0.0	0.0	0.0	0.0	0.0	0.0	0.0	0.0	0.0	2.13328782319e-05	0.0	0.0	0.0	0.0	0.0	0.0	0.0	9.63112780507e-05	7.72260406209e-05	0.0	0.0	0.0	0.0	0.0	0.0	0.0	0.0	0.0	0.0	0.0	0.0	0.0	0.0	0.0	0.0	0.0	0.0	0.0	0.0	0.0	0.0	0.0	0.0	0.0	0.0	0.0	0.0	0.0	0.0	0.0	0.0	0.0	0.0	0.0	0.0	0.0	0.0	0.000127388535032	0.0	0.0	0.0	0.0	0.0	0.0	0.0	0.0	0.0	0.0	0.0	0.0	0.0	0.0	0.0	0.0	0.0	0.0	0.0	0.0	0.0	0.0	0.0	0.0
k__Bacteria;p__Firmicutes;c__Clostridia;o__Clostridiales;f__Ruminococcaceae	0.0	0.0	0.0	0.0	0.0	0.0	0.0	0.0	0.0	0.0	0.0	0.0	0.0	0.0	0.0	0.0	0.0	0.0	0.0	0.0	0.0	0.0	0.0	0.0	0.0	0.0	0.0	0.0	1.5365467648e-05	0.0	0.0	0.0	0.0	0.0	0.0	0.0	0.0	0.0	0.0	2.71495669644e-05	0.0	0.0	0.0	0.0	0.0	0.0	0.0	0.0	0.0	3.20955162564e-05	0.0	0.0	0.0	0.0	0.0	0.0	0.0	0.0	0.0	2.08038611966e-05	0.0	0.0	0.0	1.76962961652e-05	0.0	0.0	0.0	0.0	0.0	0.0	2.98694704143e-05	0.0	2.94837397175e-05	0.0	0.0	0.0	0.0	0.0	0.0	0.0	0.0	0.0	0.0	7.65198760378e-05	0.0	2.86123032904e-05	3.13981600678e-05	0.0	0.00014245014245	0.0
k__Bacteria;p__Firmicutes;c__Clostridia;o__Clostridiales;f__Veillonellaceae	0.0	0.0	0.0	0.0	0.0	0.0	0.00055799419686	0.0	0.0	0.0	0.0	0.0	0.0	0.0	0.0	0.0	0.0	0.0	0.0	0.0	0.0	0.0	0.0	0.0	0.0	0.0	0.0	0.0	0.0	0.0	0.0	0.0	0.0	0.0	0.0	0.0	0.0	0.0	0.0	0.0	0.0	0.0	0.0	0.0	0.0	0.0	0.0	0.0	0.0	0.0	0.0	0.0	0.0	0.0	0.0	0.0	0.0	0.0	0.0	0.0	0.0	0.0	0.0	0.0	0.0	0.0	0.0	0.0	0.0	0.0	0.0	0.0	0.0	0.0	0.0	0.0	0.0	0.0	0.0	0.0	0.0	0.0	0.0	0.0	0.0	0.0	0.0	0.0	0.0	0.0
k__Bacteria;p__Firmicutes;c__Clostridia;o__Clostridiales;f__[Tissierellaceae]	0.0	0.0	0.0	0.0	0.0	0.0	0.0	0.0	0.0	0.0	0.0	0.0	0.0	0.0	0.0	0.000343426249213	0.0	0.0	0.0	0.0	0.0	0.0	0.0	0.0	0.0	0.0	0.0	0.0	0.0	0.0	0.0	0.0	0.0	0.0	0.0	0.0	0.0	0.0	0.0	0.0	0.0	0.0	0.0	0.0	0.0	0.0	0.0	0.0	0.0	0.0	0.0	0.0	0.0	0.0	0.0	0.0	0.0	0.0	0.0	0.0	0.0	0.0	0.0	0.0	0.0	0.0	0.0	0.0	0.0	0.0	0.0	0.0	0.0	0.0	0.0	0.0	0.0	0.0	0.0	0.0	0.0	0.0	0.0	0.0	0.0	0.0	0.0	0.0	0.0	0.0
k__Bacteria;p__Fusobacteria;c__Fusobacteriia;o__Fusobacteriales;f__Fusobacteriaceae	0.0	0.0	0.0	0.0	0.0	9.19075410137e-05	0.0	0.0	0.0	0.0	0.0	0.0	0.0	0.0	0.0	0.0	9.70836084036e-05	0.0	0.0	0.0	0.0	0.0	0.0	0.0	0.0	1.92622556101e-05	0.0	0.0	0.0	0.0	0.0	0.0	0.0	0.0	0.0	0.0	0.0	0.0	0.0	0.0	0.0	0.0	0.0	0.0	0.0	0.0	0.0	0.0	0.0	0.0	0.0	0.0	0.0	0.0	0.0	0.0	0.0	0.0	0.0	0.0	0.0	0.0	0.0	0.0	0.0	0.0	0.0	0.0	0.0	0.0	0.0	0.0	0.0	0.0	0.0	0.0	0.0	0.0	0.0	0.0	0.0	0.0	0.0	0.0	0.0	0.0	0.0	0.0	0.0	0.0
k__Bacteria;p__Fusobacteria;c__Fusobacteriia;o__Fusobacteriales;f__Leptotrichiaceae	0.0	0.0	0.0	0.0	0.0	0.0	0.000929990328101	0.0	0.0	0.0	0.0	0.0	0.0	0.0	0.0	0.0	0.0	0.0	0.0	0.0	0.0	0.0	0.0	0.0	0.0	0.0	0.0	0.0	0.0	0.0	0.0	0.0	0.0	0.0	0.0	0.0	0.0	0.0	0.0	0.0	0.0	0.0	0.0	0.0	0.0	0.0	0.0	0.0	0.0	0.0	0.0	0.0	0.0	0.0	0.0	0.0	0.0	0.0	0.0	0.0	0.0	0.0	0.0	0.0	0.0	0.0	0.0	0.0	0.0	0.0	0.0	0.0	0.0	6.35028152915e-05	0.0	0.0	0.0	0.0	0.0	0.0	0.0	0.0	0.0	0.0	0.0	0.0	0.0	0.0	0.0	0.0
k__Bacteria;p__Gemmatimonadetes;c__Gemm-1;o__;f__	0.0	0.0	0.0	0.0	0.0	0.0	0.0	0.0	0.0	0.0	0.0	0.0	0.0	0.0	0.0	0.0	0.0	0.0	0.0	0.0	0.0	0.0	0.0	0.0	0.0	0.0	0.0	0.0	0.0	0.0	0.0	0.0	0.0	0.0	0.0	0.0	0.0	0.0	0.0	0.0	0.0	0.0	0.0	0.0	0.0	0.0	0.0	0.0	0.0	0.0	0.0	0.0	0.0	0.0	0.0	0.0	0.0	0.0	0.0	0.0	0.0	0.0	0.0	0.0	0.0	0.0	0.0	0.0	0.0	0.0	0.0	0.0	0.0	0.0	0.0	0.0	0.0	0.0	0.0	0.0	0.0	0.0	0.0	0.0	0.0	0.0	0.0	0.0	0.0	0.0
k__Bacteria;p__Planctomycetes;c__Planctomycetia;o__Planctomycetales;f__Planctomycetaceae	0.0	0.0	0.0	0.0	0.0	0.0	0.0	0.0	0.0	0.0	0.0	0.0	0.0	0.0	0.0	0.0	0.0	0.0	0.0	0.0	0.0	0.0	0.0	0.0	0.0	0.0	0.0	0.0	0.0	0.0	0.0	0.0	0.0	0.0	0.0	0.0	0.0	0.0	0.0	0.0	0.0	0.0	0.0	0.0	0.0	0.0	0.0	0.0	0.0	0.0	0.0	0.0	0.0	0.0	0.0	0.0	0.0	0.0	0.0	0.0	0.0	0.0	0.0	0.0	0.0	0.0	0.0	0.0	0.0	0.0	0.0	0.0	0.0	0.0	0.0	0.0	0.0	0.0	0.0	0.0	0.0	0.0	0.0	0.0	0.0	8.58369098712e-05	0.0	0.0	0.0	0.0
k__Bacteria;p__Proteobacteria;c__Alphaproteobacteria;Other;Other	0.0	0.0	0.0	0.0	0.0	0.0	0.0	0.0	0.0	0.0	0.0	0.0	0.0	0.0	0.0	0.0	0.0	0.0	0.0	0.0	0.0	0.0	0.0	0.0	0.0	0.0	0.0	0.0	0.0	0.0	0.0	0.0	0.0	0.0	4.05934766283e-05	0.0	0.0	0.0	0.0	0.0	0.0	0.0	0.0	0.0	0.0	0.0	0.0	0.0	0.0	0.0	0.0	4.37387919346e-05	0.0	0.0	0.0	0.0	0.0	0.0	0.0	0.0	0.0	0.0	0.0	0.0	0.0	0.0	0.0	0.0	0.0	0.0	0.0	0.0	0.0	0.0	0.0	0.0	0.0	0.0	0.0	0.0	0.0	0.0	0.0	0.0	0.0	0.0	0.0	0.0	0.0	0.0
k__Bacteria;p__Proteobacteria;c__Alphaproteobacteria;o__Caulobacterales;f__Caulobacteraceae	0.0	0.0	0.0	0.0	0.0	0.000183815082027	0.0	0.0	0.0	0.0	0.0	0.0	0.0	0.0	0.0	0.0	0.0	2.13328782319e-05	0.0	0.0	0.0	0.0	0.0	0.0	0.0	0.0	0.0	0.0	0.0	0.0	0.0	0.0	0.0	0.0	2.02967383142e-05	0.0	0.0	0.0	0.0	0.0	0.0	0.0	0.0	0.0	0.0	0.0	0.0	0.0	0.0	0.0	0.0	0.0	0.0	0.000284612797226	0.0	0.0	6.7402098452e-05	0.0	0.0	0.0	0.0	0.0	0.0	0.0	0.0	0.0	0.0	0.0	0.0	0.0	0.0	0.0	0.0	4.23352101943e-05	0.0	0.0	0.0	0.0	0.0	0.0	0.0	0.0	0.0	0.0	0.0	0.0	0.0	0.0	0.0	0.0
k__Bacteria;p__Proteobacteria;c__Alphaproteobacteria;o__Rhizobiales;Other	0.0	0.0	0.0	0.0	0.0	0.0	0.0	0.0	0.0	0.0	0.0	0.0	0.0	0.0	0.0	0.0	3.88334433614e-05	0.0	0.0	1.90774161548e-05	0.0	0.0	0.0	0.0	0.0	0.0	0.0	0.0	0.0	0.0	0.0	0.0	0.0	0.0	0.0	0.0	0.0	0.0	0.0	0.0	0.0	0.0	0.0	0.0	0.0	0.0	0.0	0.0	0.0	3.20955162564e-05	0.0	0.0	0.0	0.0	0.0	0.0	0.0	0.0	0.0	0.0	0.0	0.0	0.0	0.0	0.0	0.0	0.0	0.0	0.0	0.0	0.0	0.0	0.0	0.0	0.0	0.0	0.0	0.0	0.0	0.0	0.0	0.0	0.0	0.0	0.0	0.0	0.0	0.0	0.0	0.0
k__Bacteria;p__Proteobacteria;c__Alphaproteobacteria;o__Rhizobiales;f__Beijerinckiaceae	0.0	0.0	0.0	0.0	0.0	0.0	0.0	0.0	0.0	0.0	0.0	0.0	0.0	0.0	0.0	0.0	0.0	0.0	0.0	0.0	0.0	0.0	0.0	0.0	0.0	0.0	0.0	0.0	0.0	0.0	0.0	2.03454660129e-05	0.0	0.0	0.0	0.0	0.0	0.0	0.0	0.0	0.0	0.0	0.0	0.0	0.0	0.0	0.0	0.0	0.0	0.0	0.0	0.0	0.0	0.0	3.53982300885e-05	0.0	0.0	0.0	0.0	0.0	0.0	0.0	0.0	0.0	0.0	0.0	0.0	0.0	0.0	0.0	0.0	0.0	0.0	0.0	0.0	0.0	0.0	0.0	0.0	0.0	0.0	0.0	0.0	0.0	0.0	0.0	0.0	0.0	0.0	0.0
k__Bacteria;p__Proteobacteria;c__Alphaproteobacteria;o__Rhizobiales;f__Bradyrhizobiaceae	0.0	0.0	0.0	0.0	0.0	0.0	0.0	0.0	0.0	0.0	0.0	0.0	0.0	0.0	0.0	0.0	0.0	0.0	0.0	0.0	0.0	0.0	0.0	0.0	0.0	0.0	0.0	3.76576915835e-05	1.5365467648e-05	0.0	0.0	0.000101727330064	0.0	0.000184382778648	0.0	3.10457769982e-05	0.0	0.0	0.0	0.0	0.0	0.0	0.0	0.0	3.26743996079e-05	0.0	0.0	0.0	0.0	3.20955162564e-05	0.0	0.0	0.000197463688622	0.0	0.0	0.0	0.0	0.00129223201817	0.0	0.0	0.0	0.0	0.0	0.0	0.0	0.0	0.0	0.0	0.0	0.0	0.0	0.0	0.0	0.0	0.0	0.0	0.0	0.0	1.82292141386e-05	0.0	0.0	0.0	0.0	0.0	0.0	0.0	0.0	0.0	0.0	0.0
k__Bacteria;p__Proteobacteria;c__Alphaproteobacteria;o__Rhizobiales;f__Brucellaceae	0.0	6.05730207765e-05	0.0	0.0	0.0	0.0	0.0	0.0	0.0	0.0	0.0	0.0	0.0	0.0	0.0	0.0	0.00027183410353	0.0	4.8859139102e-05	0.000114464496929	0.0	3.64823698947e-05	8.59180341954e-05	1.64622602683e-05	1.704303366e-05	0.0	3.86130203104e-05	5.64865373753e-05	0.000245847482368	8.73866158659e-05	0.0	0.000183109194116	3.62456731728e-05	7.37531114594e-05	0.0	0.0	3.20934561443e-05	0.00014725913927	0.00010035626474	0.0	0.0	0.0	0.0	0.0	0.0	0.0	3.25319626533e-05	3.27342957216e-05	0.0	0.00035305067882	0.0	8.74775838691e-05	2.19404098469e-05	2.58738906569e-05	0.0	0.0	0.0	0.0	0.0	4.16077223933e-05	1.70088275815e-05	0.00040630004063	1.95076274823e-05	3.53925923304e-05	2.8179333277e-05	6.36942675159e-05	0.0	0.0	0.0	0.0	0.0	0.0	0.0	2.11676050972e-05	0.000133511348465	0.0	0.0	0.0	0.000182292141386	0.0	0.0	3.04441805949e-05	2.8291744469e-05	0.000114779814057	0.000138274336283	0.0	0.0	0.0	0.0	0.0
k__Bacteria;p__Proteobacteria;c__Alphaproteobacteria;o__Rhizobiales;f__Methylobacteriaceae	0.0	0.0	0.0	0.0	0.0	0.0	0.0	0.0	0.0	0.0	0.0	0.0	0.0	0.0	0.0	0.0	3.88334433614e-05	0.0	0.0	0.0	0.0	0.0	0.0	0.0	1.704303366e-05	0.0	3.86130203104e-05	0.0	1.5365467648e-05	0.0	0.0	2.03454660129e-05	0.0	1.84382778648e-05	0.000527715196168	1.55228884991e-05	0.0	0.0	0.0	0.0	0.0	0.0	0.0	0.0	0.0	0.0	0.0	0.0	0.0	3.20955162564e-05	0.000247513613249	0.000131216375804	2.19404098469e-05	0.0	0.0	0.0	0.0	0.0	0.0	0.0	0.0	0.0	0.0	0.0	0.0	0.0	0.0	0.0	0.0	0.0	0.0	0.0	0.0	2.11676050972e-05	0.0	0.0	0.0	0.0	0.000145833713109	0.0	0.0	0.0	0.0	0.0	0.0	0.0	0.0	0.0	0.0	0.0
k__Bacteria;p__Proteobacteria;c__Alphaproteobacteria;o__Rhizobiales;f__Methylocystaceae	0.0	0.0	0.0	0.0	0.0	0.0	0.0	0.0	0.0	0.0	0.0	0.0	0.0	0.0	0.0	0.0	0.0	0.0	0.0	0.0	0.0	0.0	0.0	0.0	0.0	0.0	0.0	0.0	0.0	0.0	0.0	0.0	0.0	0.0	0.0	0.0	0.0	0.0	0.0	0.0	0.0	0.0	0.0	0.0	0.0	0.0	0.0	0.0	0.0	0.0	0.0	0.0	2.19404098469e-05	0.0	0.0	0.0	0.0	0.0	0.0	0.0	0.0	0.0	0.0	5.30888884956e-05	0.0	0.0	0.0	0.0	0.0	0.0	0.0	0.0	0.0	0.0	0.0	0.0	0.0	0.0	0.0	0.0	0.0	0.0	0.0	0.0	0.0	0.0	0.0	0.0	0.0	0.0
k__Bacteria;p__Proteobacteria;c__Alphaproteobacteria;o__Rhizobiales;f__Phyllobacteriaceae	0.0	0.0	0.0	0.0	0.0	0.0	0.0	0.0	0.0	0.0	0.0	0.0	0.0	0.0	0.0	0.0	1.94167216807e-05	0.0	0.0	0.0	0.0	0.0	0.0	0.0	3.408606732e-05	0.000134835789271	0.000193065101552	5.64865373753e-05	0.000122923741184	0.000122341262212	0.0	0.000325527456206	1.81228365864e-05	0.000626901447405	6.08902149425e-05	0.0	0.0	0.0	2.5089066185e-05	0.0	0.0	0.0	0.0	0.0	3.26743996079e-05	0.0	0.0	0.0	0.0	0.000674005841384	0.0	0.0	0.000658212295406	0.0	5.30973451327e-05	0.0	0.0	0.0	0.0	0.0	0.000136070620652	0.00136230013623	0.000136553392376	3.53925923304e-05	2.8179333277e-05	9.55414012739e-05	0.0	0.0	0.0	0.0	0.0	0.0	0.0011793495887	0.000190508445874	0.0	0.0	7.39863865049e-05	7.31609174379e-05	0.000437501139326	0.0	0.0	0.0	0.0	0.0	0.0	2.86123032904e-05	0.0	0.0	0.0	0.0
k__Bacteria;p__Proteobacteria;c__Alphaproteobacteria;o__Rhizobiales;f__Rhizobiaceae	0.0	0.000121146041553	5.23669878509e-05	0.0	0.0	0.0	0.0	0.0	0.0	4.02463074013e-05	0.0	0.0	0.0	0.0	0.0	0.0	1.94167216807e-05	0.0	0.0	0.000133541913083	0.0	0.000109447109684	0.0	0.0	1.704303366e-05	0.0	0.0	3.76576915835e-05	1.5365467648e-05	0.0	0.0	2.03454660129e-05	0.0	0.0	0.0	4.65686654973e-05	0.0	3.68147848176e-05	0.0	0.0	0.0	0.0	0.0	0.0	0.0	0.0	0.0	0.0	0.0	0.0	2.25012375681e-05	4.37387919346e-05	0.0	0.0	0.0	0.0	0.0	0.0	0.0	0.0	1.70088275815e-05	0.0	0.0	0.0	0.0	0.0	0.0	0.0	0.0	0.0	0.0	0.0	0.0	0.0	0.0	0.0	0.0	0.0	0.0	0.0	0.0	0.0	0.0	3.82599380189e-05	0.0	0.0	0.0	0.0	0.0	0.0
k__Bacteria;p__Proteobacteria;c__Alphaproteobacteria;o__Rhodobacterales;f__Rhodobacteraceae	0.0	0.0	0.0	0.0	0.0	0.0	0.0	0.0	0.0	0.0	0.0	0.0	0.0	0.0	0.0	0.0	0.0	0.0	0.0	0.0	0.0	0.0	0.0	0.0	0.0	0.0	0.0	0.0	0.0	0.0	0.0	0.0	0.0	0.0	0.0	0.0	0.0	0.0	0.0	0.0	0.0	0.0	0.0	0.0	0.0	0.0	0.0	0.0	0.0	0.0	0.0	0.0	0.0	0.0	0.0	0.00410441635199	0.00222426924892	0.0	0.0	0.0	0.0	0.00057360005736	0.0	0.0	0.0	0.0	0.0	0.0	0.0	0.0	0.0	6.16712920136e-05	0.0	0.0	0.0	0.0	0.0	0.0	0.0	0.0	0.0	0.0	0.0	0.0	0.0	0.0	0.0	0.0	0.0	0.0
k__Bacteria;p__Proteobacteria;c__Alphaproteobacteria;o__Rhodospirillales;f__Acetobacteraceae	0.0	0.000121146041553	0.0	0.0	0.0	0.0	0.0	3.70315508814e-05	0.0	0.0	0.0	0.0	0.0	0.0	0.0	0.0	0.0	0.00010666439116	2.4429569551e-05	0.0	0.0	0.0	0.0	0.0	1.704303366e-05	0.0	0.0	0.0	0.0	0.0	1.83116645303e-05	0.0	0.0	3.68765557297e-05	0.0	0.0	0.0	3.68147848176e-05	0.0	5.42991339288e-05	0.0	0.0	0.0	0.0	0.0	0.0	0.000130127850613	0.000163671478608	6.26546787381e-05	0.0	0.0	0.0	0.0	2.58738906569e-05	3.53982300885e-05	0.0	0.000224673661507	0.0	2.38123586141e-05	0.0	0.0	0.0	0.0	0.0	0.000338151999324	0.000445859872611	0.0	0.00399857193859	0.0	0.0	0.0	0.0	0.0	0.0	0.000333778371162	0.0	7.39863865049e-05	0.0	0.0	0.0	6.65439300845e-05	0.0	0.0	0.0	0.0	0.0	0.0	0.00535627333225	0.0	0.00271587187475
k__Bacteria;p__Proteobacteria;c__Alphaproteobacteria;o__Rhodospirillales;f__Rhodospirillaceae	0.0	0.0	0.0	0.0	0.0	0.0	0.0	0.0	0.0	0.0	0.0	0.0	0.0	0.0	0.0	0.0	0.0	0.0	0.0	0.0	0.0	0.0	0.0	0.0	0.0	0.0	0.0	0.0	0.0	0.0	0.0	0.0	0.0	0.0	0.0	1.55228884991e-05	0.0	0.0	0.0	0.0	0.0	0.0	0.0	0.0	0.0	0.0	0.0	0.0	0.0	3.20955162564e-05	0.0	0.0	8.77616393874e-05	0.0	0.0	0.0	0.0	0.0	0.0	0.0	0.0	0.0	0.0	0.0	0.0	0.0	0.0	0.0	0.0	0.0	0.0	0.0	0.0	0.0	0.0	0.0	0.0	0.0	0.0	0.0	0.0	0.0	0.0	0.0	0.0	0.0	0.0	0.0	0.0	0.0
k__Bacteria;p__Proteobacteria;c__Alphaproteobacteria;o__Rickettsiales;f__mitochondria	0.0962829438091	0.0863771276274	0.0942082111437	0.00131716151693	0.00260937153009	0.00193005836129	0.00312476750242	0.000148126203525	0.0	4.02463074013e-05	0.000132639188248	0.000551057606714	0.0	4.0236591156e-05	0.000313832152104	0.000553297845954	0.0011067531358	0.000341326051711	0.00136805589486	0.0010111030562	0.0	0.000328341329053	0.000463957384655	0.000279858424562	0.00066467831274	0.000346720600982	0.000617808324967	0.000489549990586	0.000522425900032	0.00033206914029	0.000329609961546	0.000528982116335	0.000289965385382	0.000405642113027	0.00111632060728	0.000372549323978	0.000288841105299	0.000441777417811	0.000175623463295	0.000651589607146	0.0	0.000245364366084	0.000163741157977	6.57483809461e-05	0.00016337199804	0.0	0.000227723738573	0.000327342957216	0.000125309357476	0.000674005841384	0.00114756311597	0.000765428858855	0.00168941155821	0.000905586172993	0.000601769911504	0.000674948466772	0.0	0.0	9.52494344565e-05	0.000624115835899	0.00034017655163	0.0	0.000546213569506	0.000336229627139	0.000479048665709	0.000222929936306	4.55414882958e-05	0.0	0.000347604426163	0.0	0.000955823053257	0.000226128070716	0.0	0.000317514076457	0.000200267022697	0.00042151407857	0.00014797277301	0.000987672385412	0.000692710137266	0.000205279796362	0.000621076680789	0.000365330167139	0.000452667911503	0.000612159008302	0.000345685840708	0.00117310443491	0.000439574240949	8.11556565493e-05	0.0	0.0
k__Bacteria;p__Proteobacteria;c__Alphaproteobacteria;o__Sphingomonadales;f__Erythrobacteraceae	0.0	0.0	0.0	0.0	0.0	0.0	0.0	0.0	0.0	0.0	0.0	0.0	0.0	0.0	0.0	0.0	0.0	0.0	0.0	0.0	0.0	0.0	0.0	0.0	0.0	0.0	0.0	0.0	0.0	0.0	0.0	0.0	0.0	0.0	0.0	0.0	0.0	0.0	0.0	0.0	0.0	0.0	0.0	0.0	0.0	0.0	0.0	0.0	0.0	0.0	0.0	0.0	0.0	0.0	0.0	0.0	0.0	0.0	0.000428622455054	0.0	0.0	0.0	0.0	0.0	0.0	0.0	0.0	0.0	0.0	0.0	0.0	0.0	0.0	0.0	0.0	0.0	0.0	0.0	0.0	0.0	0.0	0.0	0.0	0.0	0.0	0.0	0.0	0.0	0.0	0.0
k__Bacteria;p__Proteobacteria;c__Alphaproteobacteria;o__Sphingomonadales;f__Sphingomonadaceae	0.000248632521134	0.0	5.23669878509e-05	0.000109763459744	0.0	0.0	0.0	0.0	0.0	0.0	0.0	0.0	0.0	0.0	0.0	0.0	0.0	0.0	0.0	0.000209851577702	0.0	3.64823698947e-05	1.71836068391e-05	0.0	0.0	0.0	0.0	0.0	0.0	0.0	0.0	0.000122072796077	0.0	0.0	4.05934766283e-05	0.0	1.60467280721e-05	0.000404962632993	0.0	0.0	0.0	0.0	0.0	0.0	0.0	0.0	0.0	0.0	0.0	0.000192573097538	6.75037127042e-05	2.18693959673e-05	0.000153582868928	5.17477813139e-05	0.0	0.0	0.0	0.0	0.0	2.08038611966e-05	1.70088275815e-05	0.00019120001912	9.75381374117e-05	0.0	0.0	6.36942675159e-05	4.55414882958e-05	0.0	0.0	3.48687192719e-05	0.0	4.11141946757e-05	0.0	0.0	6.67556742323e-05	0.0	7.39863865049e-05	7.31609174379e-05	0.0	0.0	0.0	0.0	0.0	0.0	0.0	0.0	0.0	0.0	0.0	0.0
k__Bacteria;p__Proteobacteria;c__Betaproteobacteria;o__Burkholderiales;f__	0.0	0.0	0.0	0.0	0.0	0.0	0.0	0.0	0.0	0.0	0.0	0.0	0.0	0.0	0.0	0.0	0.0	0.0	0.0	0.0	0.0	0.0	0.0	0.0	0.0	0.0	0.0	0.0	0.0	0.0	0.0	0.0	0.0	0.0	6.08902149425e-05	0.0	0.0	0.0	0.0	0.0	0.0	0.0	0.0	0.0	0.0	0.0	0.0	0.0	0.0	0.0	0.0	0.0	0.0	0.0	0.0	0.0	0.0	0.0	0.0	0.0	0.0	0.0	0.0	0.0	0.0	0.0	0.0	0.0	0.0	0.0	0.0	0.0	0.0	0.0	0.0	0.0	0.0	0.0	0.0	0.0	0.0	0.0	0.0	0.0	0.0	0.0	0.0	0.0	0.0	0.0
k__Bacteria;p__Proteobacteria;c__Betaproteobacteria;o__Burkholderiales;f__Alcaligenaceae	0.0	0.0	0.0	0.0	0.0	9.19075410137e-05	0.0	0.0	0.0	0.0	0.0	0.0	0.0	0.0	0.0	0.0	0.0	0.0	0.0	5.72322484643e-05	0.0	3.64823698947e-05	0.0	0.0	0.0	0.0	0.0	0.0	1.5365467648e-05	0.0	1.83116645303e-05	0.000203454660129	0.0	0.0	0.0	1.55228884991e-05	1.60467280721e-05	0.0	0.0	0.0	0.0	0.0	3.27482315955e-05	0.0	0.0	0.0	0.0	0.0	0.0	3.20955162564e-05	0.0	0.0	0.0	0.0	0.0	0.0	0.0	0.0	0.0	0.0	0.0	0.0	0.0	0.0	0.0	0.0	0.0	0.0	0.0	0.0	0.0	0.0	0.0	0.0	0.0	0.0	0.0	0.0	0.0	0.0	0.0	0.0	0.0	0.0	0.0	0.0	0.0	0.0	0.0	0.0
k__Bacteria;p__Proteobacteria;c__Betaproteobacteria;o__Burkholderiales;f__Burkholderiaceae	0.0	0.00018171906233	0.000209467951403	0.0	0.0	0.0	0.0	0.0	0.0	0.0	0.0	0.0	0.0	0.0	0.0	0.0	0.0	0.0	0.0	0.0	0.0	0.0	0.0	0.0	0.0	0.0	3.86130203104e-05	0.0	0.0	0.0	0.0	0.0	0.0	7.37531114594e-05	0.000142077168199	0.0	0.0	0.0	0.0	0.0	0.0	0.0	0.0	0.0	0.0	0.0	0.0	3.27342957216e-05	0.0	0.0	0.0	0.0	0.000131642459081	0.0	0.0	3.64837009066e-05	0.0	0.0	0.0	0.0	0.0	0.0	0.0	0.0	0.0	0.0	0.0	0.0	0.0	0.0	0.0	0.0	0.0	0.0	0.0	0.0	0.0	0.0	0.0	0.0	0.0	0.0	0.0	7.65198760378e-05	0.0	0.0	0.0	0.0	0.0	0.0
k__Bacteria;p__Proteobacteria;c__Betaproteobacteria;o__Burkholderiales;f__Comamonadaceae	0.000870213823968	6.05730207765e-05	0.000314201927105	0.0	0.0	0.0	0.0	0.0	0.0	0.0	0.0	0.0	0.0	0.0	2.6152679342e-05	0.000209871596741	0.000135917051765	2.13328782319e-05	7.3288708653e-05	0.0	0.0	1.82411849474e-05	3.43672136782e-05	0.0	1.704303366e-05	1.92622556101e-05	0.0	0.0	1.5365467648e-05	0.0	0.0	2.03454660129e-05	0.000344333895141	0.0	2.02967383142e-05	0.0	0.0	9.2036962044e-05	0.0	0.0	0.0	0.0	0.0	0.0	0.0	0.0	0.0	0.0	0.0	0.0	0.0	0.0	4.38808196937e-05	0.0	0.0	0.00231671500757	0.0	0.0	0.000214311227527	0.0	0.0	0.0	1.95076274823e-05	0.0	0.0	0.0	0.0	0.0	5.79340710272e-05	0.0	0.0	2.05570973379e-05	0.000943479670961	0.0	0.0	0.000168605631428	0.0	0.0	0.0	0.0	8.87252401127e-05	0.0	0.0	0.0	0.0	0.000114449213162	0.0	0.0	0.000925925925926	0.0
k__Bacteria;p__Proteobacteria;c__Betaproteobacteria;o__Burkholderiales;f__Oxalobacteraceae	0.0	0.0	0.000157100963553	0.0	0.0	0.0	0.0	0.0	0.0	0.0	0.0	0.0	0.0	0.0	0.0	5.72377082022e-05	3.88334433614e-05	6.39986346958e-05	0.0	0.0	0.0	0.0	0.0	1.64622602683e-05	0.0	3.85245112203e-05	0.000173758591397	0.0	0.000138289208832	6.99092926927e-05	0.0	0.00134280075685	0.000163105529277	0.00287637134692	0.00541922912988	0.0	0.0	0.0	0.0	0.0	0.0	0.0	0.0	0.0	0.0	0.0	0.0	0.0	0.0	0.000385146195077	0.0	0.000131216375804	0.00265478959147	0.0	1.76991150442e-05	0.00213429650304	0.0	0.0	0.0	0.0	1.70088275815e-05	0.0	0.0	3.53925923304e-05	0.0	0.0	0.0	0.00174937522313	0.0	0.0	0.0	0.0	0.0	8.46704203886e-05	0.0	0.0	0.0	0.0	0.0	0.0	0.0	0.0	0.0	0.0	0.0	0.0	0.0	0.0	0.0	0.0
k__Bacteria;p__Proteobacteria;c__Deltaproteobacteria;o__Myxococcales;f__0319-6G20	0.0	0.0	0.0	0.0	0.0	0.0	0.0	0.0	0.0	0.0	0.0	0.0	0.0	0.0	0.0	0.0	0.0	0.0	0.0	0.0	0.0	0.0	0.0	0.0	0.0	0.0	0.0	0.0	0.0	0.0	0.0	0.0	0.0	0.0	0.0	0.0	0.0	0.0	0.0	2.71495669644e-05	0.0	0.0	0.0	0.0	0.0	0.0	0.0	0.0	0.0	0.0	0.0	0.0	0.0	0.0	0.0	0.0	0.0	0.0	0.0	0.0	0.0	0.0	0.0	0.0	0.0	0.0	0.0	0.0	0.0	0.0	0.000388303115386	0.0	0.0	0.0	0.0	0.0	0.0	0.0	0.0	0.0	0.0	0.0	0.0	0.0	0.0	0.0	0.0	0.0	0.000569800569801	0.0
k__Bacteria;p__Proteobacteria;c__Gammaproteobacteria;Other;Other	0.0	0.0	0.0	0.00142692497668	0.000832778147901	0.000919075410137	0.000595193809984	0.0	0.0	0.0	0.0	0.0	7.88550250365e-05	0.0	2.6152679342e-05	0.000343426249213	0.000213583938488	0.000213328782319	0.000366443543265	0.000553245068488	0.0	7.29647397895e-05	1.71836068391e-05	4.9386780805e-05	1.704303366e-05	1.92622556101e-05	0.0	0.0	6.1461870592e-05	5.24319695195e-05	9.15583226515e-05	0.000203454660129	0.000126859856105	0.000258135890108	0.000405934766283	7.76144424955e-05	3.20934561443e-05	9.2036962044e-05	0.00010035626474	0.0	0.0	0.0	0.0	0.0	0.0	0.0	0.0	3.27342957216e-05	0.0	0.000192573097538	0.000202511138113	0.00024056335564	0.00035104655755	0.000258738906569	5.30973451327e-05	3.64837009066e-05	4.49347323013e-05	2.0842451906e-05	2.38123586141e-05	8.32154447866e-05	3.4017655163e-05	0.0	0.000117045764894	7.07851846609e-05	0.0	3.1847133758e-05	0.0	0.0	0.0	3.48687192719e-05	0.0	0.000102785486689	0.0	0.000169340840777	0.0	0.0	0.0	1.82902293595e-05	7.29168565543e-05	6.15839389087e-05	2.21813100282e-05	0.00012177672238	0.00028291744469	0.0	0.0	0.000114449213162	0.000188388960407	0.0	0.0	0.0
k__Bacteria;p__Proteobacteria;c__Gammaproteobacteria;o__Enterobacteriales;f__Enterobacteriaceae	0.0126181004475	0.00902538009571	0.0301633850021	0.440810054333	0.531867643793	0.336933045356	0.184584480321	0.0159605984299	0.0308451900616	0.0160985229605	0.00633352123885	0.0162773939214	0.0104877183299	0.0125538164407	0.0102518503021	0.448590998416	0.510446196264	0.325902380749	0.416059999023	0.411900492197	0.0360761132863	0.0622024406705	0.061929719048	0.0342908881389	0.0559352364721	0.0997399595493	0.0471658043092	0.0406138203728	0.0570673468447	0.0973137354283	0.198113898553	0.197452747655	0.263796009351	0.266488429981	0.471574417991	0.0603840362615	0.0227863538624	0.140006626661	0.121380902203	0.0890777292102	0.000636902108146	0.00963931438186	0.016275871103	0.0156481146652	0.0103251102761	0.0133219470538	0.00767754318618	0.0143376215261	0.018075874816	0.67352440864	0.658656226092	0.604382626952	0.520338759928	0.375378405651	0.0770088495575	0.0945475108995	0.10564155564	0.0464995102024	0.0684129062984	0.070254639261	0.0886330005273	0.0523410052341	0.0794350591081	0.117662673202	0.211570434244	0.0682165605096	0.0266873121414	0.0506247768654	0.0940269972771	0.0670525471599	0.0227605364557	0.177284407442	0.138632544152	0.182824605224	0.0122162883845	0.01062215478	0.00762059781	0.0871163624392	0.118653954828	0.0574578150018	0.13393074995	0.138277468262	0.165025745487	0.0630141179171	0.0408946349558	0.134935622318	0.229520550096	0.000486933939296	0.000356125356125	0.00231647895199
k__Bacteria;p__Proteobacteria;c__Gammaproteobacteria;o__Oceanospirillales;f__Halomonadaceae	0.0	0.0	0.0	0.0	0.0	0.0	0.0	0.0	0.0	0.0	0.0	0.0	0.0	0.0	0.0	0.0	0.0	0.0	0.0	0.0	0.0	0.0	0.0	0.0	0.0	0.0	0.0	0.0	0.0	0.0	0.0	0.0	0.0	0.0	0.0	0.0	0.0	0.0	0.0	0.0	0.0	0.0	0.0	0.0	0.0	0.0	0.0	0.0	0.0	0.0	0.0	0.0	0.0	0.0	0.0	0.0	0.0	0.0	0.0	0.0	0.0	0.0	0.0	0.0	0.0	0.0	0.0	0.0	0.0	0.0	0.0	0.0	0.0	0.0	0.0	0.0	0.0	0.0	0.0	0.0	0.0	0.0	0.0	0.0	0.0	0.000114449213162	0.0	0.0	0.0	0.0
k__Bacteria;p__Proteobacteria;c__Gammaproteobacteria;o__Pasteurellales;f__Pasteurellaceae	0.0	0.0	0.0	0.0	0.0	0.0	0.0	0.0	0.0	0.0	0.0	0.0	0.0	0.0	0.0	0.0	0.0	0.0	0.0	0.000114464496929	0.0	0.0	0.0	0.0	0.0	0.0	0.0	0.0	0.0	0.0	0.0	0.0	0.0	0.0	0.0	0.0	0.0	0.0	0.0	0.0	0.0	0.0	0.0	0.0	0.0	0.0	0.0	0.0	0.0	0.0	0.0	0.0	0.0	0.0	0.0	0.0	0.0	0.0	0.0	0.0	0.0	0.0	0.0	0.0	0.0	0.0	0.0	0.0	0.0	0.0	0.0	0.0	0.0	0.0	0.0	0.0	0.0	0.0	0.0	0.0	0.0	0.0	0.0	0.0	0.0	0.0	0.0	0.0	0.0	0.0
k__Bacteria;p__Proteobacteria;c__Gammaproteobacteria;o__Pseudomonadales;f__Moraxellaceae	0.0	0.0	0.0	0.0	5.55185431934e-05	0.0	0.0	0.0	0.0	0.0	0.0	0.0	0.0	0.0	0.0	0.000973041039437	0.000524251485379	0.000533321955798	0.000195436556408	0.000324316074631	0.0	0.0	0.0	0.0	1.704303366e-05	0.0	3.86130203104e-05	0.0	0.0	1.74773231732e-05	9.15583226515e-05	0.0	0.000289965385382	0.000221259334378	0.000324747813026	0.0	0.0	1.84073924088e-05	0.0	0.0	0.0	0.0	0.0	0.0	0.0	0.0	3.25319626533e-05	0.0	0.0	0.0	0.000720039602178	0.0	0.0	0.000879712282336	1.76991150442e-05	0.0	0.0	0.0	0.0	0.0	0.0	0.0	0.0	0.0	2.8179333277e-05	0.0	0.0	0.0	0.0	0.0	0.0	0.0	0.0	0.0	0.0	0.0	0.0	0.0	0.0	0.0	0.0	0.000182665083569	2.8291744469e-05	3.82599380189e-05	3.45685840708e-05	0.0	0.0	0.0	0.0	0.0
k__Bacteria;p__Proteobacteria;c__Gammaproteobacteria;o__Pseudomonadales;f__Pseudomonadaceae	0.000248632521134	0.0	0.0	0.0	0.0	0.0	0.0	0.0	0.0	0.0	0.0	0.0	0.0	0.0	0.0	0.000248030068876	0.0	0.0	2.4429569551e-05	0.0	0.0	0.0	0.0	0.0	0.0	0.0	0.0	0.0	0.0	0.0	0.0	0.0	0.0	0.0	0.0	0.0	0.0	0.0	0.0	0.0	0.0	0.0	0.0	0.0	0.0	0.0	0.0	0.0	0.0	0.0	0.0	0.0	0.0	5.17477813139e-05	0.0	0.0	0.0	0.0	0.0	0.0	0.0	0.0	0.0	0.0	0.0	0.0	0.0	0.0	0.0	0.0	0.0	0.0	0.0	0.0	0.0	0.0	0.0	0.0	0.0	0.0	0.0	0.0	0.0	0.0	0.0	0.0	0.0	0.0	0.0	0.0
k__Bacteria;p__Proteobacteria;c__Gammaproteobacteria;o__Xanthomonadales;f__Xanthomonadaceae	0.0	0.000545157186989	0.000366568914956	0.000329290379233	0.0	0.0	0.0	0.0	0.0	0.0	0.0	0.0	3.94275125182e-05	4.0236591156e-05	0.0	0.000114475416404	5.82501650421e-05	2.13328782319e-05	0.00024429569551	5.72322484643e-05	0.0	0.000145929479579	0.000154652461552	0.0	0.0001704303366	1.92622556101e-05	7.72260406209e-05	7.5315383167e-05	0.00046096402944	0.000122341262212	5.49349935909e-05	6.10363980387e-05	9.06141829319e-05	0.000202821056513	0.000507418457854	4.65686654973e-05	0.0	0.00014725913927	0.0	0.0	0.0	0.0	3.27482315955e-05	0.0	0.0	0.0	0.000325319626533	3.27342957216e-05	3.13273393691e-05	0.0	0.000180009900545	2.18693959673e-05	0.000592391065865	0.000129369453285	1.76991150442e-05	0.0	0.000696488350671	0.0	0.0	0.0	0.0	0.0	0.000117045764894	0.0	8.45379998309e-05	3.1847133758e-05	0.0	0.0	0.000115868142054	6.97374385439e-05	0.0	0.0	0.0	0.0	0.0	0.00126454223571	7.39863865049e-05	0.0	0.000109375284831	0.0	0.000310538340394	0.000639327792492	5.65834889379e-05	0.000153039752076	0.000103705752212	0.000114449213162	3.13981600678e-05	0.0	7.12250712251e-05	0.0
k__Bacteria;p__[Thermi];c__Deinococci;o__Deinococcales;f__Deinococcaceae	0.0	0.0	0.0	0.0	0.0	0.0	0.0	0.0	0.0	0.0	0.0	0.0	0.0	0.0	0.0	0.0	0.0	0.0	0.0	0.0	0.0	0.0	0.0	0.0	0.0	0.0	0.0	0.0	0.000138289208832	0.0	0.0	0.0	0.0	0.0	0.0	0.0	0.0	0.0	0.0	0.0	0.0	0.0	0.0	0.0	0.0	0.0	0.0	0.0	0.0	0.0	0.0	0.0	0.0	0.0	0.0	0.0	0.0	0.0	0.0	0.0	0.0	0.0	0.0	0.0	0.0	0.0	0.0	0.0	0.0	0.0	0.0	0.0	0.0	0.0	0.0	0.0	0.0	0.0	0.0	0.0	0.0	0.0	0.0	0.0	0.0	0.0	0.0	0.0	0.0	0.0