	sequences per sample	iteration	1158	450	1144	1147	1040	1020	460	757	449	1027	447	448	459	1017	1029	1033	1021	832	431	759	458	1159	1143	833	1145	1162	761	452	1019	758	432	1142	764	760	434	429	1153	1151	762	451	1160	453	1150	831	765	1016	456	1018	1032	442	1141	1022	1037	834	1031	455	461	457	454	1024	1157	1138	1156	1034	1154	1139	1038	1140	1035	1025	1039	1161	430	1028	1148	836	839	441	1152	1023	439	843	1155	1149	435	844	437	436	440	1030	763	837	766	842	1146	1026	1036	841	838
alpha_rarefaction_10_0.txt	10	0	1.0	6.5	2.0	4.0	9.0	8.5	3.0	5.5	12.0	4.0	7.0	6.2	7.0	9.0	2.0	3.0	2.0	9.0	12.0	22.0	3.0	7.0	7.0	4.5	4.0	5.33333333333	23.0	7.0	12.0	8.5	23.0	12.0	4.0	13.0	1.0	16.0	3.0	16.0	4.0	12.0	16.0	3.0	7.0	16.0	4.5	12.0	2.0	12.0	3.0	4.0	8.0	4.0	2.0	29.0	12.0	2.0	2.0	6.5	2.0	2.0	8.0	22.0	4.0	6.5	4.5	8.0	3.0	7.0	5.0	1.0	4.0	7.0	7.0	1.0	9.0	2.0	2.0	1.0	11.0	4.5	2.0	2.0	5.0	11.0	1.0	2.0	2.0	1.0	1.0	4.0	2.0	2.0	4.0	1.0	2.0	4.0	4.0	2.0	1.0
alpha_rarefaction_10_1.txt	10	1	4.0	12.0	7.0	9.0	2.0	55.0	7.0	6.5	8.0	4.0	7.0	5.33333333333	1.0	9.0	7.0	3.0	4.0	8.5	13.0	13.0	2.0	4.0	4.0	4.0	4.0	9.0	12.0	2.0	12.0	12.0	12.0	5.0	7.0	12.0	2.0	12.0	5.0	11.0	4.0	29.0	5.33333333333	7.0	4.0	13.0	4.0	7.0	4.0	13.0	3.0	1.0	9.0	4.0	1.0	12.0	4.0	2.0	3.0	4.0	1.0	2.0	12.0	12.0	7.0	2.0	3.0	4.5	4.0	5.0	3.0	2.0	2.0	9.0	12.0	2.0	7.0	2.0	1.0	4.0	11.0	1.0	1.0	1.0	12.0	2.0	1.0	2.0	1.0	1.0	1.0	7.0	4.0	1.0	4.0	2.0	3.0	7.0	4.0	1.0	2.0
alpha_rarefaction_10_2.txt	10	2	4.5	13.0	4.0	7.0	1.0	7.0	7.0	4.5	12.0	7.0	12.0	23.0	2.0	29.0	2.0	3.0	2.0	9.0	7.0	29.0	3.0	7.0	11.0	12.0	2.0	5.5	12.0	4.0	12.0	16.0	6.5	9.0	2.0	8.5	4.0	8.5	5.0	4.0	1.0	5.5	4.5	2.0	2.0	8.0	11.0	13.0	4.0	7.0	4.0	7.0	12.0	1.0	2.0	12.0	12.0	4.5	11.0	4.0	2.0	4.0	7.0	29.0	4.5	4.5	4.0	6.5	3.0	12.0	8.5	1.0	2.0	11.0	7.0	1.0	4.5	1.0	1.0	1.0	4.5	1.0	1.0	1.0	11.0	4.0	1.0	4.0	1.0	2.0	1.0	4.5	1.0	2.0	7.0	1.0	2.0	7.0	2.0	1.0	2.0
alpha_rarefaction_10_3.txt	10	3	2.0	7.0	4.0	7.0	7.0	12.0	4.0	12.0	4.0	4.0	23.0	13.0	4.0	12.0	2.0	4.5	4.0	5.33333333333	13.0	12.0	4.0	4.0	7.0	7.0	4.0	3.0	22.0	2.0	13.0	8.5	23.0	6.5	16.0	9.0	2.0	13.0	9.0	4.0	7.0	29.0	6.5	2.0	2.0	5.33333333333	2.0	12.0	4.0	8.5	5.33333333333	2.0	11.0	4.5	1.0	12.0	4.5	4.0	7.0	4.0	2.0	2.0	8.0	11.0	3.0	5.0	11.0	4.5	2.0	9.0	7.0	1.0	2.0	4.5	13.0	4.0	2.0	2.0	2.0	1.0	4.0	7.0	1.0	1.0	5.5	4.0	1.0	4.0	2.0	2.0	2.0	11.0	11.0	1.0	2.0	1.0	4.0	7.0	2.0	1.0	1.0
alpha_rarefaction_10_4.txt	10	4	7.0	12.0	4.0	1.0	2.0	23.0	4.0	9.0	9.0	1.0	12.0	8.0	3.0	55.0	11.0	3.0	7.0	6.5	23.0	3.0	1.0	3.0	4.0	3.0	2.0	22.0	13.0	7.0	8.5	9.0	12.0	4.5	2.0	13.0	2.0	23.0	12.0	16.0	4.0	12.0	11.0	1.0	4.0	12.0	4.0	29.0	4.0	23.0	5.5	1.0	7.0	2.0	2.0	12.0	13.0	1.0	2.0	7.0	2.0	4.0	12.0	12.0	4.0	4.5	3.0	12.0	4.0	5.0	12.0	4.0	2.0	22.0	23.0	4.0	2.0	2.0	4.0	4.0	16.0	7.0	1.0	1.0	3.0	11.0	4.0	3.0	7.0	1.0	2.0	4.0	4.0	2.0	11.0	1.0	4.5	4.0	4.0	2.0	2.0
alpha_rarefaction_10_5.txt	10	5	4.0	9.0	2.0	4.5	7.0	7.0	7.0	6.5	23.0	7.0	22.0	5.33333333333	1.0	13.0	7.0	5.0	2.0	12.0	8.0	12.0	2.0	2.0	4.0	6.5	7.0	22.0	12.0	2.0	12.0	9.0	7.0	22.0	2.0	8.5	1.0	29.0	4.0	4.0	2.0	23.0	11.0	4.0	2.0	22.0	2.0	8.5	2.0	13.0	3.0	2.0	8.0	1.0	1.0	29.0	12.0	2.0	4.0	3.0	6.5	2.0	7.0	4.0	4.0	3.0	4.5	8.5	6.5	9.0	4.0	2.0	7.0	16.0	8.5	2.0	4.0	1.0	1.0	1.0	9.0	7.0	1.0	1.0	5.0	2.0	2.0	1.0	2.0	1.0	1.0	11.0	1.0	1.0	4.0	1.0	4.0	4.5	4.0	1.0	1.0
alpha_rarefaction_10_6.txt	10	6	2.0	12.0	3.0	4.0	2.0	23.0	4.0	7.0	5.5	3.0	12.0	7.0	7.0	29.0	1.0	6.5	7.0	3.0	9.0	7.0	2.0	7.0	4.0	7.0	4.0	11.0	23.0	2.0	12.0	7.0	12.0	3.0	7.0	23.0	2.0	13.0	4.0	7.0	4.5	12.0	4.0	4.0	4.5	12.0	2.0	23.0	4.0	5.33333333333	6.5	2.0	4.5	7.0	1.0	6.5	7.0	7.0	4.5	2.0	7.0	2.0	3.0	13.0	5.0	3.0	3.0	13.0	4.0	5.0	4.0	3.0	4.0	9.0	13.0	4.0	4.0	1.0	1.0	4.0	11.0	2.0	1.0	2.0	7.0	4.0	7.0	1.0	2.0	1.0	2.0	7.0	1.0	2.0	4.0	2.0	2.0	2.0	7.0	1.0	1.0
alpha_rarefaction_10_7.txt	10	7	7.0	8.5	7.0	4.5	11.0	13.0	1.0	12.0	16.0	2.0	8.5	9.0	1.0	12.0	2.0	5.33333333333	7.0	11.0	7.0	8.5	4.0	4.5	7.0	3.0	3.0	7.0	12.0	11.0	29.0	12.0	6.5	5.33333333333	2.0	11.0	2.0	9.0	5.0	3.0	4.0	55.0	5.33333333333	1.0	4.0	5.33333333333	2.0	7.0	2.0	5.33333333333	5.33333333333	1.0	7.0	2.0	2.0	12.0	6.5	4.5	4.0	5.0	2.0	2.0	12.0	9.0	4.0	5.0	4.5	6.5	16.0	5.5	12.0	4.0	2.0	7.0	8.5	2.0	2.0	2.0	2.0	2.0	11.0	3.0	2.0	1.0	5.0	4.5	4.0	1.0	2.0	1.0	1.0	6.5	7.0	2.0	4.0	2.0	16.0	1.0	7.0	1.0	2.0
alpha_rarefaction_10_8.txt	10	8	4.0	7.0	2.0	4.5	7.0	7.0	3.0	16.0	6.2	4.0	8.5	12.0	4.0	16.0	1.0	9.0	7.0	8.5	12.0	13.0	2.0	2.0	4.0	6.5	11.0	16.0	6.5	7.0	7.0	7.0	8.5	22.0	4.0	12.0	1.0	23.0	5.0	6.5	4.0	8.5	4.0	2.0	4.0	6.5	4.0	8.5	4.0	8.5	3.0	2.0	7.0	7.0	1.0	7.0	13.0	1.0	7.0	11.0	2.0	4.0	4.0	16.0	6.5	7.0	4.0	16.0	4.0	22.0	22.0	7.0	7.0	2.0	13.0	2.0	7.0	1.0	1.0	2.0	11.0	4.0	2.0	2.0	8.0	1.0	2.0	4.0	1.0	1.0	1.0	7.0	2.0	1.0	4.0	2.0	1.0	7.0	2.0	2.0	1.0
alpha_rarefaction_10_9.txt	10	9	4.0	12.0	4.5	7.0	6.5	13.0	2.0	23.0	4.5	4.0	12.0	23.0	2.0	23.0	4.0	5.33333333333	7.0	12.0	23.0	23.0	7.0	7.0	4.0	22.0	11.0	16.0	5.33333333333	2.0	13.0	12.0	29.0	6.5	4.0	12.0	2.0	29.0	4.0	2.0	7.0	9.0	4.0	4.0	2.0	12.0	4.0	13.0	4.0	12.0	4.5	7.0	6.5	4.0	4.0	12.0	11.0	2.0	4.0	2.0	7.0	2.0	9.0	13.0	3.0	11.0	3.0	7.0	7.0	9.0	16.0	4.0	4.0	3.0	12.0	7.0	3.0	1.0	2.0	1.0	7.0	1.0	3.0	1.0	4.0	3.0	1.0	1.0	1.0	1.0	2.0	2.0	4.0	2.0	4.0	2.0	2.0	2.0	2.0	1.0	1.0
alpha_rarefaction_209_0.txt	209	0	82.0	74.0	28.0	46.0	35.0	76.625	98.0	96.3333333333	87.5	77.0	164.2	108.0	61.0	67.875	141.0	33.75	54.0	73.0	111.125	92.75	39.5	45.5	82.5	56.3333333333	26.4285714286	79.5	148.5	19.0	64.0	38.0	190.0	65.0	85.0	76.1428571429	19.0	124.6	71.5	68.25	51.0	53.5	40.6666666667	45.5	30.75	108.0	76.5	77.5	18.5	69.0	144.0	30.0	113.0	60.0	24.0	64.5	81.0	25.4285714286	41.2	23.0	58.0	36.3333333333	40.1428571429	47.1666666667	43.5	42.0	18.0	56.0	76.5	35.0	66.0	57.0	55.0	31.0	117.857142857	26.0	75.5	38.0	37.0	14.0	67.0	90.3333333333	20.5	25.0	42.1666666667	20.0	47.0	38.0	12.0	47.0	29.0	29.0	14.5	11.3333333333	24.0	17.0	48.0	45.5	22.2	46.0	5.5
alpha_rarefaction_209_1.txt	209	1	33.0	87.0	31.1666666667	55.5	52.25	71.0	32.0	63.1428571429	122.25	42.0	115.0	83.1666666667	89.0	120.25	31.25	76.5	64.5	43.6666666667	71.1111111111	74.75	42.5	50.25	30.0	28.1111111111	101.5	48.1428571429	53.3636363636	35.5	79.1428571429	49.1428571429	88.8571428571	108.0	28.0	73.0	38.0	153.625	53.2	40.6	176.0	87.0	71.3333333333	61.0	57.0	49.5	53.2	121.333333333	30.0	69.1428571429	42.5	30.0	63.0	58.0	12.0	49.0	28.6	19.0	83.0	36.5	38.5	22.0	113.0	80.5	48.75	33.0	26.3333333333	35.25	39.0	30.5	53.0	25.5	38.3333333333	53.25	101.0	21.0	32.75	20.5	10.0	30.0	54.3333333333	52.0	22.2	16.5	66.2	39.1666666667	20.5	20.5	20.5	16.5	20.5	39.5	21.3333333333	57.0	36.3333333333	11.0	35.0	35.6	25.3333333333	12.0	36.5
alpha_rarefaction_209_2.txt	209	2	37.3333333333	83.5	26.3333333333	78.5	26.5	59.375	27.0	64.0	67.2	29.0	59.6666666667	112.2	26.8571428571	74.5	30.0	37.6	142.0	63.1428571429	96.5	59.2	44.5	73.5	48.0	52.0	52.3333333333	85.5	66.25	41.0	93.1428571429	58.2	165.25	60.75	35.0	97.3333333333	42.5	112.090909091	77.0	40.3333333333	36.5	94.75	48.0	58.0	26.0	47.0	37.6	137.0	42.5	117.0	161.0	17.0	49.75	57.0	16.0	76.75	85.0	37.3333333333	38.5	35.75	46.0	32.0	175.0	119.6	50.0	23.0	19.75	65.0	38.0	48.0	31.5	28.0	27.0	52.0	68.3	25.0	54.2	23.0	12.0	12.3333333333	39.5	32.0	11.0	37.0	28.0	44.75	30.0	6.33333333333	20.5	13.0	47.0	53.25	27.0	34.5	19.0	12.0	33.0	17.0	31.25	16.0	35.5
alpha_rarefaction_209_3.txt	209	3	50.25	65.6	19.0	102.0	40.0	59.0	47.0	68.2	95.1666666667	18.0	56.0	72.25	39.0	81.5	42.0	20.0	40.5	88.0	76.0833333333	66.0	124.0	41.5	23.25	42.6	42.2	60.6	138.0	30.0	55.4285714286	96.1666666667	100.166666667	56.0	39.1666666667	87.5	16.5	82.5	58.0	31.8571428571	42.0	113.2	38.0	53.0	20.0	58.375	53.3333333333	50.0	42.0	79.5	43.0	118.0	75.3333333333	27.0	26.25	65.5	47.5	49.3333333333	42.1666666667	40.5	125.0	34.0	73.0	86.8571428571	47.75	30.0	12.75	42.0	57.0	31.0	31.0	15.3333333333	64.0	102.0	103.0	28.0	34.0	9.0	20.3333333333	8.0	42.5	29.0	13.0	10.0	131.0	30.25	30.0	13.0	25.0	16.5	10.0	41.0	43.0	80.0	31.75	10.0	30.0	17.5	32.0	18.0	25.0
alpha_rarefaction_209_4.txt	209	4	35.5	60.0	59.0	44.5	49.0	178.333333333	28.0	64.0	155.75	35.3333333333	92.5	191.0	20.0	101.0	127.0	38.0	74.5	75.3333333333	142.0	87.6	26.0	44.75	60.0	30.2	40.1666666667	31.0	191.0	16.0	58.5	63.6	68.6	82.5	23.6666666667	118.6	21.0	194.6	158.5	55.0	26.5	103.5	64.0	45.5	39.3333333333	61.0	29.5	78.75	26.5	85.5	51.8571428571	30.0	89.5	25.4285714286	14.3333333333	58.6666666667	57.25	48.0	68.5	54.2	32.0	99.5	68.2	66.1428571429	24.6666666667	31.1666666667	18.0	38.2	42.1666666667	29.5	39.2	32.75	66.5	46.75	77.5	22.0	32.0	38.0	37.0	48.0	159.5	24.0	7.5	24.0	24.5	102.5	16.5	18.25	11.3333333333	14.0	25.0	28.4285714286	39.0	30.0	39.5	34.5	26.5	17.0	26.0	17.0	25.0
alpha_rarefaction_209_5.txt	209	5	58.0	156.6	33.0	60.0	42.2	73.2	16.75	47.5	53.0	67.5	54.75	108.0	51.5	91.0	36.3333333333	37.6	52.3333333333	148.333333333	100.5	83.2	109.0	26.0	34.0	38.0	52.3333333333	118.333333333	262.5	40.5	103.25	68.6666666667	93.4285714286	54.6666666667	51.0	99.0	13.3333333333	96.6153846154	37.5	39.6	140.0	104.5	68.0	55.0	50.3333333333	54.0	48.0	178.333333333	28.0	73.0	36.0	24.0	69.2	37.0	27.0	73.0	84.0	72.0	43.0	50.4285714286	57.0	61.0	56.0	88.0	68.25	28.0	22.0	51.4285714286	41.3333333333	29.5	32.0	59.0	49.25	42.1666666667	72.625	29.1666666667	101.0	23.0	23.0	10.0	55.5	22.6666666667	12.0	16.25	29.1428571429	38.3333333333	94.0	16.5	16.5	11.0	18.0	75.0	19.0	46.0	71.0	13.75	61.0	110.0	32.75	26.0	17.0
alpha_rarefaction_209_6.txt	209	6	29.0	92.0	30.0	122.0	35.75	69.0	28.0	202.0	58.5	85.0	66.0	188.0	46.25	146.2	62.0	41.5	53.3333333333	63.1428571429	96.3333333333	63.6	54.0	83.0	92.0	64.0	36.3333333333	42.1666666667	114.428571429	19.5	61.5	107.0	119.0	34.8571428571	50.25	48.5	13.5	134.75	40.5	71.3333333333	51.3333333333	83.5	37.1428571429	114.0	47.0	76.75	47.0	60.0	64.25	77.0	62.0	24.0	47.2	57.6	18.0	48.5	71.0	39.1666666667	35.0	74.5	34.0	124.0	62.0	72.2	50.25	19.75	19.5	40.75	32.0	28.3333333333	29.3333333333	13.2	37.3333333333	69.0	135.0	22.6	56.0	25.0	15.5	40.5	116.5	20.25	17.0	16.5	28.0	73.0	24.0	10.0	16.5	42.5	20.5	69.3333333333	31.0	40.0	41.5	30.0	74.5	21.0	36.2	17.0	13.0
alpha_rarefaction_209_7.txt	209	7	41.0	232.0	53.0	37.1428571429	67.0	131.75	51.0	94.2	165.0	64.5	116.0	95.75	35.3333333333	231.0	32.0	52.0	25.1428571429	82.1666666667	128.2	68.2	23.0	44.75	33.75	43.0	45.0	88.6	73.625	29.25	130.0	66.2	102.75	50.0	36.5	77.3333333333	9.5	119.666666667	70.3333333333	100.0	52.0	180.0	145.5	33.0	20.25	45.5	53.3333333333	63.3333333333	37.5	95.1428571429	40.5	16.5	42.2	106.0	23.5	56.6666666667	54.25	46.0	100.0	30.25	95.0	50.0	88.6	66.25	43.2	35.5	17.0	27.1	54.0	45.0	87.0	36.6	82.0	93.0	153.6	29.75	38.2	13.0	12.0	30.0	62.0	35.5	8.0	30.0	39.0	32.0	80.0	16.0	25.0	28.0	20.5	43.0	69.0	18.0	28.0	30.0	38.0	24.5	30.0	16.5	12.0
alpha_rarefaction_209_8.txt	209	8	30.0	100.166666667	55.0	172.0	74.0	108.0	41.0	38.0	83.8571428571	64.0	102.25	178.333333333	71.5	60.1111111111	85.0	21.2	43.0	60.5	115.0	83.2	25.0	60.0	68.5	41.1428571429	39.3333333333	79.1666666667	67.25	13.0	76.0	55.0	66.4285714286	51.75	44.0	71.0	38.0	107.0	60.0	36.75	43.5	135.0	56.4285714286	49.25	66.5	77.75	47.75	77.0	15.5	88.0	63.2	29.0	75.5	30.25	15.3333333333	47.6666666667	53.6666666667	22.0	54.4285714286	42.0	34.75	43.5	46.1666666667	66.6	49.0	26.1428571429	22.0	40.2	66.25	37.0	35.0	38.5	66.5	95.25	118.6	14.0	115.333333333	7.5	20.5	38.0	62.0	39.5	15.0	36.5	42.5	42.5	11.0	25.0	30.0	21.3333333333	68.0	40.5	31.0	57.0	32.0	13.0	30.0	19.0	65.5	7.25	25.0
alpha_rarefaction_209_9.txt	209	9	38.6	57.4285714286	45.75	44.5	47.5	101.25	44.0	66.0	82.2	39.1666666667	146.2	66.25	35.5	127.75	60.0	41.5	29.0	80.625	174.0	31.5	22.6666666667	74.0	35.2	74.5	32.25	158.5	95.5	19.2	44.2727272727	65.5	139.5	95.3333333333	160.0	94.2	16.5	112.666666667	45.0	75.5	32.0	62.4285714286	60.5	29.25	43.0	44.6	39.1666666667	78.3333333333	34.0	69.2	46.75	10.5	54.4285714286	33.0	26.0	75.0	66.1428571429	42.0	38.0	54.0	22.6666666667	73.5	52.0	76.0	51.25	31.0	14.3333333333	35.8571428571	31.25	25.2	61.0	24.1428571429	27.25	37.2	92.0	21.2	59.0	13.75	11.3333333333	10.0	111.0	51.3333333333	21.5	25.0	44.5	37.3333333333	31.0	7.5	24.0	10.0	21.3333333333	36.2	43.5	15.0	35.3333333333	4.0	38.6	24.5	50.3333333333	12.0	18.0
alpha_rarefaction_408_0.txt	408	0	92.3333333333	91.8333333333	105.0	74.625	53.125	139.666666667	85.5	48.5454545455	189.0	32.25	124.545454545	199.375	40.1666666667	155.625	76.0	40.8	42.1666666667	85.1111111111	198.75	91.5454545455	76.1111111111	78.5	67.6666666667	79.75	53.25	95.0	148.333333333	43.2	132.0	84.0	171.333333333	102.166666667	55.3333333333	66.8571428571	44.0	226.0	67.0	65.6666666667	47.0	156.615384615	85.8	62.6	49.75	130.5	36.0	118.666666667	59.6	122.5	58.5	40.0	85.4285714286	52.4285714286	36.3333333333	169.25	72.0769230769	44.0	61.6	83.2	48.9090909091	49.0	61.375	202.6	128.0	90.75	18.5	78.3333333333	59.5	63.5	57.25	154.0	103.0	117.857142857	132.2	65.25	73.0	12.5	30.0	18.0	105.0	56.5	20.0	49.0	68.2	47.2	18.25	17.0	17.25	33.3333333333	44.0	66.6	54.2	19.6	58.4285714286	41.5	67.6666666667	64.25	42.2	20.0	30.0
alpha_rarefaction_408_1.txt	408	1	69.0	136.0	72.5	71.0909090909	91.75	95.75	52.6666666667	69.25	131.363636364	106.5	110.583333333	133.3	100.0	140.0	52.6666666667	42.0	57.2	60.6875	195.5	181.5	44.3333333333	55.5	118.25	105.0	67.0	85.2	111.0	43.5	104.071428571	95.1428571429	97.3333333333	160.75	69.0	94.4285714286	23.0	182.4	79.1666666667	74.5	56.5	159.625	101.25	67.25	35.25	124.5	82.5	114.0	25.5	128.857142857	66.6666666667	23.2	91.625	58.5	23.0	75.6	73.3	197.0	62.1428571429	106.0	84.0	58.6	95.4285714286	115.111111111	79.0	37.75	25.5	40.25	47.5	52.0	39.0	134.0	48.0	99.0	215.0	54.0	73.5454545455	12.0	79.0	79.0	101.5	59.6	15.0	44.0	76.5	71.0	18.2	69.0	34.0	70.0	80.0	91.75	54.0	56.0	47.75	21.5	54.0	44.0	161.0	49.0	17.0
alpha_rarefaction_408_2.txt	408	2	45.2	129.75	56.5	95.2	61.4285714286	187.8	114.5	80.3333333333	164.090909091	49.4285714286	107.090909091	83.0	60.0	90.9090909091	70.25	46.0	52.8571428571	101.142857143	116.588235294	71.0	63.5	57.2	30.625	71.0	42.1666666667	69.3	141.0	33.4285714286	111.583333333	139.0	127.0	104.0	68.25	100.111111111	25.0	265.875	80.1666666667	92.25	33.0	107.1875	108.0	54.375	53.25	146.0	55.6666666667	84.5	38.0	111.666666667	63.5	71.5	154.166666667	55.2	25.3333333333	110.0	113.125	68.25	88.875	43.2	49.75	45.1428571429	117.428571429	105.75	44.6666666667	88.0	22.25	62.375	101.25	99.3333333333	42.1428571429	71.3333333333	38.0	79.3333333333	168.333333333	80.0	66.1	32.0	57.0	31.0	67.3	49.0	13.0	49.3333333333	72.0	78.5	34.3333333333	31.0	31.0	44.0	25.5	51.4285714286	27.5	16.75	52.0	38.0	60.5	53.3333333333	62.0	26.0	38.0
alpha_rarefaction_408_3.txt	408	3	46.2	138.0	52.0	63.4285714286	52.1111111111	193.0	48.75	68.6666666667	117.5	59.6	199.666666667	209.2	66.625	138.75	41.6666666667	49.1428571429	43.0	90.625	176.230769231	160.0	94.3333333333	46.1428571429	85.0	64.4285714286	87.0	82.4285714286	89.0	40.1666666667	166.333333333	143.0	190.0	79.5	45.6666666667	117.666666667	40.5	166.666666667	70.625	66.6666666667	95.0	90.9090909091	53.0	63.2	126.0	84.1428571429	63.1428571429	115.1	67.2	188.0	88.0	39.5	76.1111111111	42.1666666667	24.2	81.0	72.875	73.5	72.1428571429	72.0	51.25	76.5	85.5	155.2	100.0	24.5	41.5	61.0	67.1111111111	101.0	82.5	88.75	31.2	137.0	194.75	53.2	112.2	23.5	41.5	28.0	54.1111111111	62.1428571429	33.3333333333	12.5	30.5	37.4285714286	28.0	27.0	17.2	21.3333333333	41.5	79.1111111111	25.5	23.0	78.5	26.0	55.1	17.5	137.0	81.0	81.0
alpha_rarefaction_408_4.txt	408	4	78.5	126.583333333	86.5	107.0	114.0	90.8	62.0	74.0	86.25	56.0	180.0	111.125	259.0	189.6	53.25	46.2	112.0	203.0	150.25	68.0	70.25	67.0	118.333333333	79.5	76.0	149.166666667	168.333333333	39.6	116.0	67.25	96.9090909091	63.5	56.5	105.666666667	82.0	130.166666667	79.1111111111	87.4285714286	92.3333333333	122.272727273	95.25	124.0	118.333333333	94.875	49.75	109.0	49.4285714286	110.75	62.6	62.5	83.5	93.3333333333	80.0	485.0	60.2727272727	108.0	72.5	43.75	76.5	77.0	65.4285714286	101.166666667	50.0	72.0	28.3333333333	69.0	80.1666666667	60.0	74.5	56.0	81.2	66.1428571429	310.0	74.0	121.333333333	26.0	29.0	34.6	70.875	69.25	27.0	27.25	48.0	48.0	36.6	48.0	21.3333333333	38.0	23.0	46.5	43.0	37.0	47.75	27.25	51.5454545455	144.0	39.6	25.0	35.3333333333
alpha_rarefaction_408_5.txt	408	5	60.5	197.0	93.75	82.1666666667	92.25	117.5	66.0	84.1	153.625	118.333333333	146.0	123.333333333	59.5	161.666666667	78.5	139.0	56.3333333333	105.666666667	156.615384615	70.1428571429	49.0	40.1111111111	70.0	55.2	71.75	92.6	179.0	64.0	94.0	114.142857143	152.272727273	75.0	82.2	111.111111111	53.0	158.090909091	68.625	61.1	49.0	163.666666667	74.0	64.0	42.6	124.0	61.3333333333	120.0	86.0	92.25	87.6	54.0	84.3333333333	62.0	36.3333333333	72.1	87.625	130.5	84.5	67.2	109.0	64.0	121.857142857	91.1666666667	122.25	27.0	35.75	56.5	55.8571428571	49.5	83.0	42.5	146.5	81.5	143.25	66.2	70.875	48.0	30.75	18.0	123.25	109.0	15.75	20.0	73.0	44.3333333333	42.0	35.5	44.0	22.0	39.2	133.5	41.1666666667	10.0	37.2	36.5	96.0	35.0	47.75	33.5	56.0
alpha_rarefaction_408_6.txt	408	6	158.5	158.111111111	65.6666666667	70.875	38.5	118.1	53.0	74.6666666667	122.272727273	40.0	134.0	94.25	43.5	114.461538462	57.2	53.0	50.125	95.4285714286	141.333333333	99.1428571429	58.5	61.6	52.125	140.0	287.0	57.8571428571	185.5	45.75	133.428571429	66.0	197.75	77.0	92.2	173.625	81.0	150.714285714	165.0	73.75	39.1	148.928571429	105.0	46.1428571429	30.5	108.375	58.4285714286	99.6	71.3333333333	81.625	56.375	38.0	89.8571428571	53.0	24.3333333333	91.8571428571	85.2	41.1666666667	72.0	43.5454545455	46.0	52.0	79.5	94.4285714286	127.75	50.0	43.0	47.0	73.1428571429	46.1666666667	54.0	67.5	68.25	118.6	118.666666667	66.25	89.5	20.5	15.0	28.25	87.6	41.6	25.0	39.0	42.75	39.6666666667	88.0	30.0	49.0	32.0	29.25	103.0	56.0	35.3333333333	44.5	20.0	46.0	56.2	44.5	30.75	37.5
alpha_rarefaction_408_7.txt	408	7	54.6666666667	123.272727273	61.5	124.428571429	36.25	128.6	78.5	106.25	107.666666667	61.0	121.428571429	105.75	95.25	125.0	85.0	49.2	54.2	118.428571429	162.0	95.0	63.0	56.75	70.0	74.25	47.5	62.375	163.428571429	43.5	112.8	110.111111111	87.3684210526	348.5	96.3333333333	129.125	41.5	162.2	117.6	40.2	52.0	102.0625	64.25	48.1428571429	46.2	97.0	54.0	110.8	39.5	89.3636363636	54.8571428571	23.0	84.5	57.0	21.0	76.0	63.25	134.0	114.5	63.25	49.0	66.25	71.6666666667	124.5	57.375	28.2	29.3333333333	57.4285714286	64.25	98.3333333333	36.0	112.5	65.6666666667	74.6	154.5	30.875	73.625	10.0	62.5	30.0	102.25	53.0	23.0	48.3333333333	135.0	45.5	36.6	26.25	43.0	29.75	38.5	48.1428571429	30.0	25.0	43.0	33.5	40.375	51.0	84.0	107.0	35.5
alpha_rarefaction_408_8.txt	408	8	61.0	128.5	35.4285714286	79.4285714286	64.6	191.0	35.0	65.3333333333	256.142857143	103.5	116.5	69.0714285714	73.0	103.615384615	36.4285714286	60.0	54.25	122.333333333	120.047619048	194.25	35.0	66.2	64.6666666667	69.0	48.1111111111	85.1666666667	153.875	52.0	149.875	87.0	118.5	106.0	67.6666666667	137.75	31.75	141.461538462	83.2	66.0	92.3333333333	273.0	78.5	72.75	66.2	102.75	76.0	97.5	45.0	191.0	77.5	52.0	101.5	50.4285714286	81.0	67.0	62.0	49.6666666667	48.5	95.1666666667	103.0	67.25	114.666666667	115.125	77.0	42.5	27.3333333333	177.0	41.2	71.5	42.2	37.5	37.75	95.2	157.5	127.0	60.25	42.0	62.5	38.2	79.4285714286	53.0	19.5	39.5	42.1428571429	42.1	17.0	62.5	31.0	108.0	17.25	63.6666666667	23.0	33.6	51.0	69.0	53.0	36.75	61.0	29.0	40.0
alpha_rarefaction_408_9.txt	408	9	75.5	126.333333333	106.0	121.6	57.5	135.375	32.0	131.75	108.769230769	65.2	216.5	85.5	68.0	73.3333333333	57.4285714286	84.2	32.1111111111	69.25	167.0	128.2	33.6	47.0	55.0	93.0	32.4285714286	66.3333333333	98.4285714286	50.6666666667	194.0	87.8571428571	244.5	46.5	128.0	114.111111111	46.0	143.4	138.0	74.1428571429	158.5	152.875	61.75	65.6666666667	74.0	74.0	105.0	108.5	79.0	101.5	68.6666666667	63.5	106.0	98.25	26.0	106.75	91.2	67.25	52.0	61.1428571429	97.25	35.75	85.4285714286	85.5	53.0	102.0	32.0	71.0	61.6	81.5	90.0	32.1666666667	80.2	53.0	177.111111111	52.3333333333	45.5	21.3333333333	13.0	15.0	89.875	56.0	18.5	27.25	58.4285714286	74.5	48.0	56.0	18.0	30.0	80.0	39.4285714286	48.0	22.3333333333	31.8571428571	37.5	62.4615384615	46.75	55.3333333333	18.2	38.0
alpha_rarefaction_607_0.txt	607	0	85.0	147.05	56.0	138.0	75.6666666667	126.928571429	93.2	92.8571428571	137.076923077	49.75	141.2	141.909090909	43.0	120.4	55.6666666667	55.9090909091	43.1428571429	82.6666666667	153.352941176	229.0	91.1428571429	56.8571428571	51.0	100.142857143	86.0	85.3636363636	158.833333333	73.5	239.375	217.5	263.1	166.857142857	69.0	221.5	37.3333333333	228.153846154	132.0	75.2727272727	62.5	135.0	86.1111111111	55.3	43.1111111111	94.5	63.4285714286	153.0	110.2	152.875	64.1111111111	25.5	109.75	65.6666666667	43.2	96.1666666667	135.375	64.6666666667	56.125	169.0	63.5	65.6666666667	165.666666667	124.230769231	123.25	49.2	29.2	68.5	108.0	62.1111111111	119.0	45.0	62.75	100.090909091	214.272727273	126.0	102.0	25.0	44.0	39.5	112.0	67.0	50.3333333333	56.0	67.6	55.6666666667	53.0	45.0	70.0	57.0	42.1428571429	64.6666666667	46.1428571429	30.75	128.0	34.3333333333	85.0	37.4285714286	60.2	27.25	44.0
alpha_rarefaction_607_1.txt	607	1	110.666666667	156.176470588	61.4285714286	98.3333333333	77.1428571429	117.352941176	129.0	97.75	142.5	87.5	113.0	143.909090909	77.1666666667	146.111111111	61.75	55.4285714286	134.5	88.5	250.230769231	118.1	113.0	68.1111111111	89.875	76.0	68.1111111111	106.666666667	183.866666667	197.5	131.0	120.1	158.352941176	168.25	78.5	129.857142857	35.75	346.333333333	110.0	110.142857143	59.0	137.666666667	130.5	60.0909090909	68.875	197.0	60.0	125.076923077	45.9090909091	86.55	84.5	57.0	157.625	94.75	29.5	103.25	159.625	55.375	59.0	106.5	70.0	53.6666666667	71.0	143.666666667	114.666666667	37.25	17.2	89.4285714286	75.0	84.1666666667	88.0	42.0	56.8571428571	102.75	182.111111111	76.0	80.5	56.0	25.0	64.5	124.857142857	67.6666666667	26.0	44.0	78.6666666667	70.0	80.6	31.0	16.75	27.25	49.3333333333	54.1111111111	70.75	36.375	40.75	24.0	81.1111111111	46.5	64.0	41.75	36.0
alpha_rarefaction_607_2.txt	607	2	84.8571428571	140.2	62.0	109.583333333	94.5	164.0	63.0	91.8333333333	165.111111111	38.6666666667	109.333333333	156.833333333	69.6	150.769230769	91.0	62.75	79.5	96.8	217.882352941	165.0	62.3333333333	48.6	81.5	125.6	72.0	90.0	165.55	44.3333333333	132.0	129.0	211.461538462	140.0	62.75	139.0	74.3333333333	208.333333333	70.2	69.875	60.4285714286	141.473684211	168.0	81.1666666667	107.0	161.3	109.0	104.153846154	76.0	137.909090909	120.6	36.0	86.0	56.125	44.0	122.0	96.0	46.0	141.0	100.0	49.75	58.4285714286	125.428571429	125.5	100.166666667	52.0	39.0	69.2	53.1428571429	62.2	74.0	42.1	84.2	84.5	208.5	73.75	84.1111111111	35.1666666667	39.5	57.0	70.7142857143	41.0	54.0	44.5	73.2	53.0	48.6666666667	32.75	39.5	33.0	28.0	66.5	124.0	34.0	107.0	43.5	161.25	50.0	43.0	43.0	37.125
alpha_rarefaction_607_3.txt	607	3	94.2	165.571428571	115.0	106.666666667	60.375	118.866666667	66.0	62.125	116.0	73.0	123.333333333	179.625	90.6	202.230769231	76.5	53.3	145.333333333	128.545454545	148.0	129.909090909	53.1538461538	60.1111111111	89.875	112.0	125.428571429	86.1111111111	212.272727273	44.5	144.066666667	131.6	148.666666667	144.0	85.625	130.0	40.0	161.333333333	54.0	48.3333333333	98.0	182.0	67.7692307692	101.375	72.0	152.0	57.2727272727	112.5	70.0	145.1	88.8571428571	23.3333333333	171.857142857	73.0	84.0	139.2	153.875	80.8571428571	121.6	101.0	94.75	82.2	170.0	127.272727273	74.1111111111	42.2	47.75	157.5	82.1111111111	61.8571428571	58.375	42.6	108.0	138.75	174.0	51.0	99.75	35.6	27.25	32.0	72.0	99.0	36.5	110.0	54.5	68.875	60.2	42.5	34.1428571429	27.5	45.4285714286	143.5	39.1666666667	23.0	67.0	42.75	112.666666667	48.75	82.8571428571	51.0	21.6666666667
alpha_rarefaction_607_4.txt	607	4	61.1111111111	155.545454545	82.1666666667	135.75	59.0	122.214285714	85.5	99.1428571429	107.5	86.5	162.5	128.545454545	75.0	111.5	43.1111111111	63.5	73.1428571429	94.8333333333	181.125	177.0	130.0	64.0	102.375	96.0	58.5	159.6	139.0	63.0	154.615384615	131.111111111	152.714285714	105.333333333	77.5	110.272727273	37.1428571429	190.0	136.0	71.0	138.0	137.666666667	93.875	60.0	65.6666666667	102.25	40.0	85.0714285714	51.0	182.272727273	64.75	46.4285714286	76.1176470588	130.0	46.0	78.3	75.4615384615	57.1538461538	77.1428571429	109.0	105.0	88.5	79.2142857143	122.666666667	161.0	84.0	48.75	84.1428571429	80.5	46.5	56.0	79.2	71.0	182.5	195.0	102.0	91.6	30.75	35.0	24.2	81.0666666667	87.4285714286	20.5	44.0	42.4285714286	77.5	56.6	57.0	61.0	61.0	33.75	83.4285714286	38.0	38.5	58.0	47.25	63.3333333333	45.0	87.0	21.5	32.0
alpha_rarefaction_607_5.txt	607	5	73.5	173.769230769	158.0	75.3	66.75	169.428571429	56.2727272727	176.166666667	150.25	76.1428571429	180.0	111.153846154	104.0	161.153846154	63.1428571429	75.25	102.5	94.0	247.0	203.666666667	72.2727272727	57.0	75.3333333333	57.4285714286	66.6666666667	136.0	140.117647059	74.5	155.0	87.25	197.5	116.666666667	123.25	163.0	32.0	175.6875	119.5	64.5	61.6	181.5	79.0	74.5	60.2	108.333333333	95.2	143.571428571	39.1428571429	135.111111111	63.3333333333	50.25	92.0	66.0	38.5	87.5454545455	206.0	64.0	71.0	58.6153846154	43.125	51.0	125.0	133.125	85.8571428571	56.0	44.0	65.8571428571	163.25	111.0	83.75	40.6	86.0	87.625	267.909090909	64.0	111.125	43.5	19.25	29.4285714286	93.4285714286	86.6	22.0	40.0	67.1428571429	79.5	96.0	53.0	44.0	27.0	30.0	58.2727272727	75.0	41.0	54.125	50.0	94.5	42.6	58.4285714286	36.0	67.3333333333
alpha_rarefaction_607_6.txt	607	6	65.5	170.666666667	82.4285714286	107.0	53.4615384615	197.5	89.0	80.0769230769	227.0	43.5833333333	117.176470588	97.0	49.1111111111	94.1666666667	59.0909090909	70.6666666667	79.4285714286	137.5	247.461538462	140.142857143	77.1428571429	60.3333333333	55.125	112.0	123.333333333	96.875	192.75	53.0	114.666666667	129.909090909	236.090909091	115.142857143	83.625	152.272727273	24.0	185.65	133.666666667	124.125	60.3333333333	127.5	87.5	82.2	61.1111111111	147.0	66.25	251.0	95.75	159.5	70.3	26.0	128.857142857	65.5	34.0	101.0	189.0	97.1666666667	75.0	70.0	74.9090909091	78.0	107.5	184.1	93.5	64.0	35.75	52.0	56.0	64.4285714286	47.0	105.0	112.0	74.0	175.230769231	48.0	134.666666667	41.75	29.0	71.5	97.1428571429	85.0	35.3333333333	50.0	64.25	57.0	35.375	61.0	31.0	31.4285714286	28.0	117.5	48.0	51.3333333333	42.6666666667	50.2	79.0	61.0	66.0	28.25	35.6
alpha_rarefaction_607_7.txt	607	7	63.25	155.833333333	65.0	106.111111111	48.1428571429	163.4	46.9090909091	106.153846154	134.909090909	50.0	187.909090909	153.333333333	59.1111111111	224.666666667	65.25	83.1666666667	95.1666666667	130.0	259.214285714	142.111111111	77.5	51.1	84.0	143.5	73.0	88.5	162.4	64.2	152.0	165.666666667	275.666666667	72.7142857143	201.5	119.571428571	34.2	216.333333333	83.5	78.5	56.25	141.4375	102.142857143	244.0	78.0	93.3636363636	68.5	91.1111111111	84.2	140.076923077	56.1111111111	64.5	120.090909091	61.3333333333	45.5	70.8333333333	85.0	62.1428571429	84.0	120.5	66.25	93.1666666667	106.090909091	212.75	85.1111111111	89.5	34.25	66.0	135.0	52.3333333333	54.0	46.5	65.1428571429	97.1111111111	301.6	88.0	80.5	31.2	26.0	55.6	121.0	68.2	20.25	40.2	75.625	130.2	36.0	34.6	49.0	50.3333333333	63.0	86.25	39.6	50.0	46.0	63.5	76.5	336.0	47.0	41.2	58.6666666667
alpha_rarefaction_607_8.txt	607	8	59.1111111111	150.1	72.25	76.6	67.6666666667	173.461538462	105.0	133.2	142.0	59.2	148.545454545	114.375	112.0	88.0	118.6	95.1428571429	48.5	93.625	167.833333333	93.875	101.0	80.1666666667	65.6666666667	178.0	52.0	129.0	181.272727273	196.0	213.125	114.461538462	106.909090909	231.0	57.6666666667	155.666666667	258.0	233.352941176	83.8571428571	130.75	84.0	156.769230769	116.090909091	133.5	51.6	148.0	66.0833333333	123.0	42.375	196.6	51.5	47.6666666667	120.1	54.0	47.0	90.9090909091	135.428571429	95.1666666667	72.6	67.0	48.0	101.0	113.1	107.166666667	59.375	74.0	32.0	58.3636363636	78.1428571429	68.0	86.5	64.875	111.0	237.5	181.714285714	88.0	75.0	21.5	66.5	28.1666666667	137.142857143	74.5	30.0	29.0	56.0	98.6666666667	56.0	17.1428571429	25.4285714286	25.2	58.0	76.1428571429	43.0	24.2	59.0	18.25	75.1428571429	55.3333333333	69.0	55.6	52.0
alpha_rarefaction_607_9.txt	607	9	130.0	147.066666667	100.166666667	128.375	77.0833333333	131.8125	55.375	136.909090909	102.0	58.5	213.111111111	122.4	60.5	119.214285714	93.75	109.0	59.5	86.2352941176	201.55	111.0	51.0	56.8571428571	102.5	96.5	109.0	90.0714285714	141.076923077	47.0	111.666666667	166.428571429	145.235294118	145.0	86.2	97.7692307692	44.75	240.555555556	237.0	77.0	50.0	182.0	114.125	108.142857143	75.1428571429	228.5	66.6666666667	109.0	59.5	151.666666667	90.4285714286	28.25	118.666666667	74.75	50.25	151.0	86.5454545455	81.4285714286	59.1111111111	77.1428571429	53.3	69.625	119.0	100.461538462	87.8571428571	57.6666666667	30.0	129.25	87.625	58.0	77.0	59.0	67.6666666667	87.625	190.428571429	98.5	92.4285714286	49.0	25.0	141.5	92.6	57.4285714286	15.8571428571	36.1666666667	65.0	155.0	90.0	40.5	33.0	53.0	51.2	86.2	128.0	19.5	71.0	38.5	64.4285714286	85.5	37.0	48.3333333333	69.3333333333
alpha_rarefaction_806_0.txt	806	0	85.8	170.9	77.6666666667	101.0	133.428571429	216.125	74.6666666667	106.714285714	184.0	125.5	200.363636364	113.0	127.2	215.5	96.1111111111	92.0	75.0	123.8	165.041666667	159.142857143	82.4285714286	82.1666666667	105.5	86.5	107.25	83.0714285714	180.176470588	79.5	269.333333333	164.666666667	194.428571429	123.5	115.0	152.571428571	49.6666666667	223.0	109.666666667	97.1111111111	101.5	175.4	101.25	110.0	149.2	165.111111111	195.6	116.090909091	56.1	144.117647059	90.8571428571	40.6666666667	170.666666667	71.0769230769	42.5	106.214285714	111.75	86.8571428571	55.3	90.0	68.25	81.4285714286	134.0	102.833333333	107.375	56.4285714286	88.0	95.2	331.5	90.0	94.6	81.1666666667	93.0	122.5	211.0	75.1428571429	103.090909091	41.5	64.25	30.3333333333	93.25	93.0	30.25	49.0	72.6666666667	81.25	47.0	61.0	63.25	28.0	56.0	115.666666667	65.2	26.5	68.875	32.75	75.0	39.4285714286	92.5	52.0	52.0
alpha_rarefaction_806_1.txt	806	1	120.5	153.454545455	140.0	88.0769230769	137.75	167.2	69.875	126.0	190.875	56.1	235.1	154.769230769	102.6	172.6875	73.0833333333	75.0	88.875	198.75	259.0	169.083333333	69.2307692308	47.5	59.5714285714	115.0	110.142857143	143.909090909	311.111111111	138.5	142.571428571	162.615384615	140.6	94.2307692308	111.142857143	208.25	41.6666666667	174.0	108.375	87.8333333333	66.6	251.0	131.5	106.0	68.3	264.0	95.4285714286	221.153846154	77.5	129.3125	71.0833333333	58.6	198.75	67.0833333333	54.2	135.0	128.428571429	156.0	82.9090909091	133.142857143	85.625	85.5	103.6	132.583333333	96.4285714286	110.0	28.6666666667	81.0	91.8	157.75	61.6666666667	81.4285714286	93.6	110.375	278.076923077	63.25	103.333333333	31.4285714286	52.0	87.2	86.9090909091	55.1538461538	40.5	31.25	57.0	112.0	38.0	69.3333333333	27.4285714286	30.25	50.0	103.0	56.0	50.3333333333	83.1666666667	142.5	107.666666667	125.75	95.1666666667	37.0	195.0
alpha_rarefaction_806_2.txt	806	2	66.0	197.833333333	110.461538462	110.8	78.2727272727	157.473684211	68.2	153.0	152.352941176	85.8571428571	135.0	146.235294118	90.875	167.111111111	80.1111111111	62.0	55.25	228.0	212.444444444	143.333333333	101.5	94.0	75.2	121.666666667	118.333333333	101.75	143.473684211	70.0	226.333333333	208.375	171.3	166.428571429	84.4285714286	153.0	67.25	223.055555556	107.6	86.5	82.4285714286	138.0	100.111111111	102.666666667	130.0	157.153846154	67.5	122.5	65.25	148.235294118	94.5454545455	40.3333333333	110.272727273	89.0	51.25	89.0	98.25	61.0	111.0	99.25	74.0	49.0	200.0	116.666666667	139.0	97.75	28.0	77.1428571429	96.1111111111	96.0	53.0	68.0	58.2727272727	133.375	177.176470588	186.0	107.6	39.5	48.0	158.0	120.5	63.1428571429	28.0	30.1666666667	56.5	105.0	23.0	101.5	32.75	56.1428571429	35.1428571429	96.5	69.25	55.0	107.0	43.75	75.6666666667	31.5	72.2727272727	59.2	41.5
alpha_rarefaction_806_3.txt	806	3	52.125	146.473684211	75.2727272727	148.875	58.5454545455	263.3	126.428571429	103.5	185.866666667	74.1111111111	178.461538462	199.5	97.1666666667	191.25	100.375	75.2727272727	66.1428571429	133.545454545	202.833333333	170.5	86.625	69.875	153.111111111	123.666666667	81.5	147.0	184.058823529	63.6	116.375	122.652173913	162.333333333	141.142857143	86.8571428571	261.3	37.6	279.0	145.875	105.666666667	66.25	192.714285714	119.0	73.0	63.4285714286	163.625	76.1111111111	158.066666667	73.0769230769	159.25	75.6	38.6	97.9090909091	90.875	69.25	102.625	137.6	56.375	82.5	165.857142857	135.5	73.5	98.4615384615	149.230769231	88.9090909091	169.0	40.2	68.8571428571	132.75	69.3333333333	112.0	50.3333333333	61.2	138.0	187.8	65.0	73.25	55.0	45.0	61.2	67.5	79.5	39.5	55.0	90.1666666667	92.0	49.4285714286	36.6	36.0	41.5	45.5	63.2727272727	56.5	34.75	51.5	43.75	99.1428571429	57.5	70.1111111111	34.5	53.5
alpha_rarefaction_806_4.txt	806	4	92.0	195.428571429	108.125	88.1111111111	81.5	142.136363636	63.25	129.6	193.545454545	79.1428571429	181.125	172.666666667	71.1111111111	190.1	94.25	78.1428571429	69.875	162.0	191.052631579	205.142857143	72.875	81.1666666667	76.2727272727	92.1111111111	110.111111111	166.428571429	178.545454545	61.4285714286	239.090909091	158.066666667	220.235294118	149.333333333	142.0	188.1	64.0	266.176470588	154.142857143	85.5	109.125	194.4	129.857142857	77.6666666667	58.6666666667	103.0	149.2	182.545454545	129.75	165.615384615	102.75	65.0	119.1	94.1111111111	66.25	111.333333333	104.333333333	57.1	69.1428571429	100.75	71.0909090909	77.9090909091	113.5	150.0	65.8666666667	52.1111111111	32.2	82.0	115.5	76.625	66.0909090909	77.5	106.5	307.0	205.333333333	84.875	89.3636363636	32.0	52.0	56.5	178.166666667	63.4285714286	34.0	35.5	122.2	66.6	43.0	43.75	30.0	69.5	49.6666666667	90.0	65.25	48.25	71.0	70.3333333333	61.125	40.0909090909	77.5454545455	45.0	66.0
alpha_rarefaction_806_5.txt	806	5	83.1428571429	178.25	89.0	121.0	97.25	138.142857143	70.0909090909	142.0	175.769230769	124.2	226.111111111	136.714285714	59.8571428571	148.055555556	103.0	71.875	99.1666666667	112.153846154	228.0	141.0	73.0	79.1428571429	67.0	134.25	73.0	137.375	219.5	47.3333333333	130.928571429	114.666666667	217.235294118	113.6	106.25	141.4375	42.125	231.636363636	74.6	91.8571428571	66.1428571429	199.214285714	86.6666666667	89.8	108.0	139.125	82.5	113.153846154	83.5	178.0	96.1428571429	37.375	114.090909091	64.5	62.6666666667	113.4	153.25	86.625	83.1111111111	98.0909090909	76.0	79.4285714286	128.333333333	165.571428571	83.3333333333	93.0	57.3333333333	100.6	69.1428571429	120.0	80.5	70.0	99.75	141.75	215.545454545	108.5	122.666666667	34.1428571429	36.375	35.1111111111	203.6	82.1111111111	52.3333333333	41.5	73.25	78.0	67.0	59.0	52.0	42.2	40.1666666667	145.0	55.8571428571	114.333333333	61.375	39.2	78.5	44.0	76.3333333333	27.0	43.2
alpha_rarefaction_806_6.txt	806	6	105.5	163.066666667	44.0909090909	105.666666667	193.25	146.75	97.2	105.071428571	140.076923077	69.6666666667	184.0	131.833333333	86.2	130.3125	97.1428571429	70.6666666667	78.9090909091	125.928571429	225.473684211	150.25	93.1111111111	84.4285714286	99.1428571429	113.0	66.3333333333	103.153846154	199.142857143	117.0	94.3	186.909090909	151.894736842	116.75	75.4285714286	141.476190476	52.6666666667	194.476190476	75.0	109.375	122.333333333	159.666666667	93.8333333333	67.0	67.6666666667	136.6	85.8571428571	121.0	94.0	186.352941176	80.1428571429	34.1428571429	128.076923077	84.1666666667	100.0	127.0	115.6	131.142857143	80.1428571429	56.7142857143	66.1	75.0	87.0	200.25	132.375	47.125	49.0	91.1666666667	73.875	81.5	56.1428571429	55.0	67.6	90.1	203.055555556	60.0	84.5	24.3333333333	29.0	50.25	79.2727272727	72.0	29.0	32.0	58.3636363636	68.6	71.5	143.5	35.5	82.0	38.375	104.375	46.2	27.5	47.125	45.0	140.0	37.0	52.6	69.75	58.0
alpha_rarefaction_806_7.txt	806	7	100.333333333	182.5	133.142857143	84.0833333333	78.0909090909	181.0	72.625	110.666666667	132.4	109.0	130.0	170.666666667	79.3333333333	159.176470588	87.0	78.6666666667	70.0	136.125	233.368421053	135.076923077	109.0	82.5	54.0666666667	92.0	82.5	131.5	324.0	63.25	173.0	154.928571429	153.055555556	172.857142857	79.6	170.0	38.3333333333	228.25	148.875	96.0	121.25	163.352941176	107.75	60.1538461538	79.5	109.111111111	91.875	134.6	106.0	159.769230769	114.125	60.0	185.0	104.666666667	32.875	178.333333333	101.2	70.0	71.3333333333	105.6	97.75	82.625	172.6	177.875	103.142857143	54.0	31.1428571429	71.5	89.3636363636	82.4285714286	94.0	56.0	76.2727272727	104.090909091	228.428571429	67.6666666667	84.8823529412	24.0	26.5	45.0	119.1	74.0	60.0	45.0	101.2	77.1111111111	49.125	41.3333333333	31.0	57.0	45.75	72.0	60.5	32.0	102.0	216.0	96.1428571429	42.0	64.25	49.0	35.0
alpha_rarefaction_806_8.txt	806	8	101.6	161.473684211	87.0	93.9090909091	143.0	131.052631579	57.8571428571	140.375	155.714285714	72.875	119.476190476	176.6	99.0	135.789473684	92.5	107.0	55.0	143.3	158.0	95.0	78.5	97.5	62.0909090909	92.8	63.3333333333	142.142857143	210.230769231	58.375	169.5	177.0	218.071428571	113.0	233.2	128.090909091	86.0	191.291666667	108.375	102.111111111	88.8571428571	338.142857143	68.3529411765	130.75	70.2	118.769230769	84.0	148.461538462	75.6666666667	148.0	128.428571429	41.125	156.0	98.0	44.1428571429	108.272727273	164.3	90.4285714286	104.0	99.25	47.0	37.5833333333	137.111111111	135.75	72.25	96.75	34.5	81.1111111111	84.1428571429	75.6666666667	154.333333333	94.2	87.8571428571	90.3636363636	228.428571429	89.4285714286	89.8333333333	36.0	44.75	45.75	154.090909091	63.25	22.2	51.5	88.5	83.1	108.0	52.2	35.6	22.75	55.0	69.0	67.25	85.75	96.75	27.0	72.3	47.0	77.5	25.0	58.0
alpha_rarefaction_806_9.txt	806	9	60.2727272727	194.833333333	95.25	97.75	83.9090909091	174.6875	62.3333333333	117.111111111	162.058823529	82.5	128.0	163.833333333	137.5	168.5	80.0	90.8571428571	106.0	123.125	205.636363636	179.5	104.375	111.0	171.0	120.666666667	77.0833333333	144.1	169.9	112.0	222.111111111	146.571428571	214.625	207.6	88.9090909091	138.75	67.0	224.105263158	106.0	92.0	106.125	142.583333333	109.666666667	50.0	103.0	99.9090909091	101.5	167.3	67.5	179.769230769	151.2	78.5	159.5	58.5454545455	50.125	165.2	319.5	98.0	106.666666667	111.1	111.142857143	79.5	165.166666667	135.0	82.5454545455	57.0	42.1666666667	117.0	89.8571428571	74.0909090909	142.0	73.0	67.6	102.090909091	190.076923077	86.0	126.111111111	41.1428571429	31.0	40.2	166.857142857	87.4285714286	37.5	65.5	99.0	121.5	54.2	49.6666666667	69.75	37.6	56.4285714286	100.142857143	48.75	73.5	56.1	112.0	87.9090909091	55.8571428571	68.2307692308	48.25	32.0
alpha_rarefaction_1005_0.txt	1005	0	89.3636363636	212.647058824	136.3	97.2142857143	144.0	159.666666667	75.0	118.9375	148.5	103.5	164.333333333	214.5	84.8333333333	169.619047619	82.3333333333	93.625	74.6666666667	130.272727273	182.789473684	125.5	94.875	83.1	161.428571429	81.0	93.75	99.1052631579	200.047619048	71.0	220.25	186.588235294	231.1875	123.230769231	96.6	238.071428571	103.0	243.714285714	122.0	96.2142857143	85.0	197.714285714	94.5	95.5454545455	142.0	157.352941176	85.9090909091	120.625	89.2307692308	220.272727273	108.0	74.5	129.214285714	110.666666667	67.0	110.0	109.153846154	66.0	95.6	125.0	88.8	77.0833333333	132.076923077	163.2	137.0	66.75	32.0	82.0	96.0	81.4	101.0	94.75	69.25	145.333333333	341.6875	70.0	107.071428571	48.6666666667	57.6	31.0	150.833333333	100.166666667	42.0	56.0	65.0	82.9090909091	82.2	83.0	36.5	53.8571428571	40.5	96.6	151.75	41.0	52.3636363636	26.625	74.0833333333	77.5	109.0	65.25	64.2
alpha_rarefaction_1005_1.txt	1005	1	83.5	228.882352941	96.0	97.0	129.909090909	165.142857143	60.75	105.714285714	172.0	58.3	169.333333333	183.555555556	53.0	230.333333333	89.0	88.5	103.666666667	119.090909091	228.8	301.0	77.8947368421	140.5	115.1	124.666666667	71.0	188.0	198.285714286	76.0	174.0	142.5	189.714285714	139.0	104.333333333	206.076923077	108.0	280.5	124.583333333	122.428571429	96.25	253.5	140.5	66.25	90.8	113.375	80.0769230769	159.714285714	49.5	163.272727273	96.0	84.0	127.214285714	121.857142857	44.0	150.333333333	137.0	69.6666666667	89.1	308.0	114.2	91.6	155.461538462	125.0	217.0	47.5	77.75	71.1111111111	89.1111111111	95.6	98.6	49.5	61.1	121.928571429	292.1	85.2	97.0625	41.0	62.2	39.1111111111	107.272727273	71.6666666667	49.0	100.0	89.3333333333	75.0909090909	79.8571428571	42.0	80.5	35.8	68.25	84.2307692308	46.1666666667	66.25	85.4285714286	49.25	86.9090909091	63.5	51.9090909091	45.4285714286	36.1111111111
alpha_rarefaction_1005_2.txt	1005	2	107.375	328.0	88.8571428571	106.875	135.428571429	185.0	111.142857143	172.090909091	190.714285714	193.25	172.4	129.052631579	71.1	147.0	67.4615384615	92.1111111111	109.25	227.8	252.176470588	199.909090909	98.4285714286	80.3333333333	58.2142857143	145.142857143	89.3636363636	172.666666667	193.052631579	135.5	147.0	199.25	198.5	148.75	110.375	159.333333333	49.0	253.181818182	143.0	112.8	101.0	265.058823529	84.2142857143	97.5	407.5	168.0	92.8	239.769230769	66.0	137.3	84.3333333333	59.5	179.272727273	106.0	54.0	125.111111111	156.0	57.6153846154	88.4285714286	75.3125	108.111111111	78.3333333333	154.25	135.666666667	180.0	71.25	223.0	101.0	134.2	110.375	100.0	62.375	121.5	113.6	201.5	52.1111111111	173.625	28.0909090909	32.0	78.0	115.583333333	98.1428571429	27.2	32.6	67.0	118.666666667	59.6	54.5	40.1666666667	63.0	56.0	90.0714285714	56.25	111.333333333	66.75	67.5	79.1111111111	79.0	110.125	42.0	43.0
alpha_rarefaction_1005_3.txt	1005	3	79.625	177.833333333	92.6	133.75	86.5	234.0	113.142857143	158.0	154.6875	80.5	126.285714286	132.052631579	111.666666667	152.235294118	132.5	92.8571428571	80.5	199.0	270.157894737	189.1	71.1	113.666666667	104.75	148.25	103.375	179.0	250.8	100.0	240.0	166.214285714	235.555555556	187.0	131.6	129.0	57.0	223.047619048	116.230769231	116.111111111	81.9090909091	218.0	156.090909091	81.0833333333	115.0	100.0	80.6	139.4	79.0	169.176470588	84.2	69.0	181.272727273	92.875	47.1428571429	121.375	137.583333333	65.7142857143	87.4285714286	77.0833333333	77.6	104.5	167.142857143	176.083333333	84.2727272727	76.0	30.3333333333	74.0	77.0	101.25	89.1666666667	113.666666667	90.625	129.583333333	219.055555556	90.4285714286	71.6153846154	61.0	99.5	36.0909090909	143.111111111	94.6	23.2	58.5	71.5	74.0	49.3	45.0	38.1428571429	42.6	63.1428571429	81.625	55.8571428571	47.0	73.875	36.0	103.25	49.3333333333	92.25	54.75	37.0909090909
alpha_rarefaction_1005_4.txt	1005	4	104.0	258.461538462	71.3333333333	117.769230769	98.0	248.090909091	80.5	114.0	140.647058824	59.3	209.9375	166.769230769	72.2307692308	173.55	74.875	78.0	139.25	114.666666667	205.791666667	164.615384615	135.142857143	130.2	130.125	90.375	88.625	148.75	225.55	62.75	180.090909091	113.464285714	178.956521739	206.375	91.3636363636	176.6	74.5	288.0	167.0	74.0	97.1428571429	239.428571429	203.0	89.9090909091	75.0	159.0	84.9090909091	273.875	99.75	236.75	120.428571429	50.125	124.4	67.0909090909	74.0	117.4	146.5	70.0	110.8	99.5	96.1428571429	76.0	125.1	196.214285714	94.8333333333	68.25	43.5	93.4285714286	149.5	111.375	122.333333333	82.4285714286	96.6	182.875	249.75	41.4285714286	207.75	39.6	50.25	125.0	153.333333333	74.6	48.0	31.1111111111	96.0	106.090909091	67.6666666667	38.375	68.25	42.2	35.3333333333	103.25	78.5	44.0	60.8333333333	53.2	90.625	63.1428571429	145.5	31.4285714286	66.0
alpha_rarefaction_1005_5.txt	1005	5	85.9090909091	276.75	76.6	100.545454545	115.125	211.909090909	73.6666666667	131.714285714	151.875	93.5454545455	172.0	147.076923077	69.0	254.545454545	80.9090909091	102.25	99.1666666667	129.5	196.0	147.875	108.375	117.666666667	76.0909090909	89.5	111.0	113.090909091	214.4	58.0	153.875	160.066666667	205.5	174.090909091	79.2727272727	239.333333333	59.375	275.714285714	94.2142857143	116.461538462	74.6	286.0	115.625	125.0	77.2727272727	253.0	81.0	154.461538462	83.5	162.5	79.0769230769	76.1666666667	163.0	120.5	73.1428571429	90.2142857143	131.714285714	87.875	115.125	94.4285714286	123.857142857	74.0	124.571428571	153.882352941	116.142857143	80.5	28.5	119.0	106.0	84.3333333333	90.8571428571	65.3333333333	93.875	92.4615384615	182.0	96.1666666667	127.5	28.1111111111	25.0	45.1428571429	112.352941176	84.5	63.2	74.5	75.25	61.875	52.375	43.0	43.5	47.0	43.5	89.3636363636	67.1111111111	71.75	62.5	64.25	132.5	79.0	116.0	36.0	50.8571428571
alpha_rarefaction_1005_6.txt	1005	6	90.8571428571	164.681818182	85.0	88.0	139.666666667	182.5	68.6666666667	129.928571429	207.117647059	86.625	160.8	183.0	51.5625	223.090909091	77.2727272727	148.0	134.142857143	155.25	249.894736842	121.9375	93.8	69.0	99.8571428571	109.0	104.333333333	123.5	206.0	56.125	176.153846154	221.6	215.666666667	126.0	117.142857143	193.0	66.6666666667	313.125	120.5	127.428571429	62.5	152.272727273	119.583333333	124.857142857	54.9285714286	126.090909091	94.0	218.272727273	106.25	164.789473684	108.375	41.6666666667	143.125	101.0	93.3333333333	165.875	116.4	61.0	109.5	115.461538462	119.428571429	70.0	139.666666667	144.125	83.0833333333	41.75	53.0	86.0	102.333333333	164.0	80.0	155.6	96.1538461538	120.0	310.153846154	73.0	102.615384615	42.2	40.375	41.125	90.0	71.0769230769	36.0	34.0	71.0909090909	103.272727273	55.375	143.5	35.2	67.5	35.3333333333	136.666666667	42.1111111111	35.4285714286	75.6666666667	19.25	60.6153846154	58.6666666667	75.2727272727	45.1111111111	40.5
alpha_rarefaction_1005_7.txt	1005	7	89.8	186.391304348	100.111111111	102.153846154	91.1666666667	225.882352941	81.1428571429	112.769230769	153.882352941	76.9090909091	168.055555556	201.909090909	60.25	161.714285714	94.875	178.166666667	102.0	125.571428571	221.0	131.583333333	99.0625	69.0	74.1111111111	137.0	79.6	169.5	184.058823529	113.428571429	192.076923077	114.0	278.3125	134.555555556	94.0	176.0	51.1	242.1	123.583333333	90.3636363636	74.6666666667	266.571428571	98.8333333333	88.8571428571	115.2	113.1875	91.8	153.0	90.9090909091	148.75	109.375	38.0	204.909090909	93.6	58.5	126.461538462	137.0	67.875	108.6	136.75	100.6	72.6	124.0	169.5	104.5	88.0	35.875	117.0	118.5	77.3	54.5	90.4285714286	79.625	108.75	254.461538462	109.142857143	92.2307692308	39.0	69.0	78.5	230.0	61.125	35.4285714286	94.0	77.0	144.545454545	117.333333333	124.0	68.5	45.0	46.1111111111	86.1111111111	53.0	55.2	75.6666666667	30.1666666667	91.9090909091	61.5	79.5	76.5	51.375
alpha_rarefaction_1005_8.txt	1005	8	82.5	199.55	83.0	107.0	108.375	202.055555556	85.3636363636	166.0	182.4	69.4615384615	166.333333333	190.230769231	84.3636363636	198.25	96.5	79.2727272727	121.0	139.117647059	208.444444444	153.25	87.5	67.5	85.9090909091	159.2	86.625	137.363636364	238.352941176	88.6	218.272727273	182.272727273	174.619047619	151.111111111	118.666666667	192.833333333	34.1666666667	200.037037037	140.0	143.1	143.0	233.894736842	93.2307692308	88.3636363636	81.3333333333	160.090909091	117.090909091	137.928571429	62.1538461538	166.066666667	105.5	68.6666666667	127.230769231	82.25	51.0	126.0	125.5	69.3	82.5454545455	131.6	65.375	76.625	207.25	129.571428571	107.166666667	98.2	74.3333333333	107.25	128.125	106.0	169.25	87.8571428571	76.625	141.666666667	230.55	43.5833333333	132.125	43.0	22.0	39.375	94.4615384615	89.8	127.0	60.25	85.1428571429	129.6	40.5454545455	44.1428571429	60.0	43.2	51.375	100.2	100.0	47.1428571429	75.6666666667	53.5	87.1	48.0	119.5	67.0	47.4285714286
alpha_rarefaction_1005_9.txt	1005	9	144.25	191.352941176	145.0	97.1764705882	111.769230769	195.55	64.75	104.0	179.0	94.75	310.6	177.0	91.875	191.8125	129.428571429	107.666666667	93.75	138.666666667	252.833333333	116.0	91.2142857143	89.625	77.0	107.0	71.4615384615	102.75	173.625	62.3333333333	140.666666667	196.8	241.2	154.25	88.4615384615	138.0	52.1	286.0	114.090909091	156.0	67.6666666667	195.666666667	105.333333333	71.0	82.9090909091	157.066666667	86.25	143.75	101.166666667	182.875	85.75	44.0	126.0	76.6	49.0	139.545454545	161.666666667	85.0	127.6	118.1	77.5454545455	114.1	181.272727273	199.0	83.0714285714	88.8571428571	39.2	79.6666666667	109.375	97.25	62.125	66.3333333333	68.3333333333	116.090909091	209.3125	69.6666666667	158.111111111	75.0	64.2	44.5	135.6	60.125	74.5	43.2	68.1	104.75	59.25	53.2	65.25	23.5	40.6	87.0	44.0	57.0	100.75	43.2	97.5	59.375	78.3333333333	39.1666666667	56.4285714286
alpha_rarefaction_1204_0.txt	1204	0	116.1	261.666666667	132.5	125.142857143	141.1	196.230769231	67.8125	171.0	205.882352941	76.0	201.4	136.12	100.5	181.0	71.75	108.166666667	113.666666667	150.333333333	261.8	145.894736842	104.090909091	100.111111111	101.166666667	136.6	82.1428571429	113.055555556	272.9375	69.6666666667	188.176470588	169.0	243.0625	157.25	93.0	205.75	56.6666666667	256.5	171.071428571	116.0	81.0769230769	189.25	146.461538462	130.125	154.142857143	148.2	105.333333333	205.071428571	71.0	253.0	85.3333333333	64.25	211.5	86.3333333333	46.375	122.0	212.375	113.0	473.0	112.0	96.5454545455	67.2307692308	173.25	193.0	98.875	91.0	107.5	100.625	125.5	111.375	77.3	110.0	105.666666667	126.076923077	295.05	107.111111111	77.2307692308	59.5	38.6	63.6666666667	85.75	115.125	36.0	51.25	96.0	114.0	65.25	35.2	69.0	92.75	49.6	97.2727272727	105.0	56.0	59.1	84.5	112.375	92.0	69.2352941176	75.1666666667	43.2
alpha_rarefaction_1204_1.txt	1204	1	132.6	264.666666667	94.9090909091	168.25	137.0	248.176470588	161.0	149.461538462	236.0625	168.857142857	200.833333333	261.5	75.875	178.157894737	73.3	74.3	116.0	120.15	323.235294118	198.071428571	149.0	114.125	149.875	134.909090909	72.0909090909	160.090909091	242.954545455	68.1	202.75	231.066666667	263.1875	221.333333333	128.5	155.125	49.1428571429	271.772727273	166.090909091	186.166666667	101.75	222.0	133.545454545	71.1111111111	91.4285714286	155.545454545	107.333333333	225.111111111	80.0	216.071428571	106.75	79.2	138.25	106.75	54.125	132.1	170.615384615	80.0833333333	104.75	87.8823529412	82.0	90.5454545455	180.461538462	182.157894737	160.3	86.5	45.1666666667	112.6	87.0	89.3636363636	91.5	82.5	68.6153846154	161.615384615	216.071428571	70.2307692308	156.666666667	58.5	64.0	60.5	123.5	148.875	53.3333333333	81.2	72.5	92.0	38.1	36.375	62.2	63.6666666667	68.0	92.8333333333	73.0	57.75	66.0	78.0	68.0	56.1	74.0769230769	67.25	41.1111111111
alpha_rarefaction_1204_2.txt	1204	2	90.8333333333	224.647058824	116.1	121.571428571	102.2	190.25	89.1666666667	199.111111111	156.05	121.272727273	192.714285714	203.363636364	92.4615384615	213.3125	76.0	76.0	116.272727273	147.0	238.235294118	155.769230769	117.142857143	118.0	115.0	154.875	179.166666667	181.0	265.0	61.0	195.352941176	135.142857143	224.65	136.666666667	119.125	122.0	74.6666666667	298.714285714	138.066666667	106.545454545	132.666666667	216.652173913	105.0	78.0	82.0	182.125	78.2307692308	193.428571429	77.1111111111	214.315789474	127.0	53.125	128.352941176	180.142857143	53.0	119.0	192.1	128.6	250.6	103.6	87.0666666667	67.0	120.090909091	196.4375	137.0	72.0833333333	32.0	97.0	303.5	102.0	96.0	66.3333333333	93.625	114.0	247.954545455	110.0	172.6	47.0	59.0	37.0	122.461538462	89.1111111111	33.0	46.3636363636	82.6666666667	100.2	66.0	40.6	86.6	58.5	41.5833333333	92.8333333333	46.0	53.8571428571	86.1111111111	59.1428571429	122.0	113.2	83.5	66.0	63.0
alpha_rarefaction_1204_3.txt	1204	3	85.5	200.0	143.25	127.583333333	141.75	203.052631579	97.0	206.230769231	144.647058824	84.5	202.833333333	168.333333333	76.0	190.65	109.666666667	110.375	129.428571429	156.571428571	231.047619048	165.090909091	106.75	115.0	101.714285714	283.166666667	120.272727273	132.0	265.0	65.3333333333	184.5	169.5625	229.235294118	167.615384615	105.5	184.058823529	86.4285714286	266.652173913	140.75	116.0	112.125	200.65	113.75	89.0	86.3636363636	205.111111111	81.3	178.5	78.625	197.285714286	83.2142857143	35.0	151.2	96.0	61.6	106.071428571	151.066666667	73.6666666667	87.6666666667	158.625	119.0	81.5454545455	204.909090909	170.058823529	106.090909091	106.5	38.75	158.2	92.0769230769	127.5	122.428571429	69.875	91.7692307692	146.333333333	264.0	73.0909090909	121.090909091	39.0	54.2	67.875	119.75	97.5454545455	48.0	59.5	71.0	141.3	68.875	119.25	43.5	42.6666666667	80.625	99.7142857143	53.3	30.8571428571	73.6666666667	37.0	113.666666667	40.25	77.5454545455	38.0	51.125
alpha_rarefaction_1204_4.txt	1204	4	105.090909091	206.791666667	119.1	167.0	113.0	207.772727273	75.6	150.571428571	165.333333333	79.0	201.0	204.0	65.125	213.666666667	87.5	97.4285714286	191.0	138.166666667	257.176470588	163.928571429	171.0	118.0	71.4615384615	134.75	68.8333333333	120.0	219.12	73.625	170.75	177.555555556	227.625	137.0	124.5	183.875	55.0	210.333333333	99.0	82.6666666667	145.0	333.769230769	131.076923077	89.3636363636	75.0	146.2	99.5454545455	180.0	95.2727272727	201.8125	165.428571429	40.5	157.571428571	97.5	42.5	140.666666667	145.2	71.0	81.0769230769	150.25	118.0	98.1875	141.571428571	155.875	99.25	73.6666666667	56.125	134.125	107.090909091	93.0	152.5	100.25	85.3333333333	136.4	297.157894737	73.0	104.769230769	89.3333333333	45.1428571429	58.2	168.3	76.0	63.0	46.2	89.5	107.333333333	83.5	57.0	124.0	241.0	34.875	132.375	71.0	51.0	68.6	39.3333333333	124.428571429	94.0	78.0	46.6	60.6
alpha_rarefaction_1204_5.txt	1204	5	155.625	182.5	78.875	119.8	87.0	172.272727273	165.2	121.166666667	174.526315789	76.0	165.588235294	229.214285714	84.9090909091	183.555555556	104.0	84.2727272727	90.25	201.6	273.4	131.235294118	149.875	108.333333333	134.3	98.9090909091	81.0833333333	199.363636364	206.555555556	59.125	257.0	237.0	190.0	146.076923077	140.142857143	181.5	175.333333333	294.636363636	125.5	127.5	78.2727272727	189.789473684	136.111111111	76.0909090909	78.6	216.272727273	88.5	174.2	72.1	191.0	116.142857143	63.0	153.066666667	146.25	68.875	108.1	105.071428571	74.0	95.25	164.428571429	91.8571428571	90.0	146.571428571	154.0	144.545454545	103.333333333	107.5	78.4615384615	101.0	128.857142857	87.1428571429	71.0	82.0833333333	124.214285714	332.2	78.3333333333	129.583333333	61.2	70.75	52.125	114.769230769	73.6666666667	38.6	70.0	87.0	96.4615384615	63.4285714286	74.75	66.0	51.125	74.0	82.0	55.125	37.1428571429	109.375	69.5	57.0	62.0	89.8	75.5	41.5
alpha_rarefaction_1204_6.txt	1204	6	105.142857143	226.789473684	114.583333333	129.272727273	104.714285714	239.0625	84.2307692308	187.076923077	189.5	73.7142857143	205.833333333	205.666666667	135.375	194.0	110.583333333	101.111111111	105.75	182.5	239.25	254.583333333	105.090909091	88.5	128.125	127.333333333	137.666666667	134.0	255.0625	43.0	214.230769231	188.230769231	352.0	139.5	84.6666666667	244.0	66.6	216.965517241	146.6875	98.625	103.6	225.625	134.0	136.142857143	168.25	146.05	101.333333333	157.588235294	72.3333333333	186.058823529	77.0	73.1428571429	132.0	87.4285714286	63.6	131.230769231	170.1	149.5	129.545454545	166.090909091	62.0	126.428571429	101.166666667	127.0	88.9090909091	64.0	65.6	80.0714285714	68.0	88.1428571429	98.0	84.3636363636	142.25	241.142857143	240.043478261	108.0	145.909090909	93.0	35.0	78.1666666667	124.214285714	126.0	30.625	126.0	99.9090909091	111.6	73.3333333333	36.6666666667	55.5	52.8571428571	83.0	96.0	68.875	59.6	85.1	34.0	86.0833333333	76.5	113.0	42.0	64.2
alpha_rarefaction_1204_7.txt	1204	7	70.0	234.235294118	131.125	112.714285714	111.75	235.588235294	88.1111111111	202.111111111	221.625	67.0	307.666666667	215.230769231	87.1111111111	275.75	102.5	89.3333333333	71.25	180.428571429	304.681818182	150.909090909	108.75	108.6	97.75	129.333333333	83.0	141.111111111	233.1875	82.9090909091	267.352941176	177.875	250.176470588	127.333333333	92.0	235.9	58.1111111111	254.896551724	112.5	104.272727273	83.0833333333	182.230769231	176.0	97.0	80.625	144.4375	144.142857143	183.5	78.6	227.272727273	287.2	81.0	164.0	92.8571428571	67.2	92.0	226.8	99.1428571429	150.25	104.071428571	91.8333333333	81.0	138.25	122.1875	116.0	75.625	42.1111111111	141.375	143.25	100.5	101.5	83.5	112.0	132.909090909	216.0	89.875	109.071428571	58.4285714286	43.3636363636	61.6666666667	111.1875	109.8	62.2	135.0	104.428571429	165.428571429	61.4285714286	41.5	64.2	55.0909090909	88.25	86.3333333333	128.75	62.0	79.5	89.0	88.5	80.5	74.0	37.1111111111	51.5454545455
alpha_rarefaction_1204_8.txt	1204	8	75.2307692308	242.0625	153.090909091	105.545454545	117.111111111	206.0	89.0714285714	130.75	225.25	67.0	145.0	158.0	83.0	210.315789474	118.2	121.333333333	132.2	176.0	239.043478261	190.0	130.111111111	85.0	152.333333333	120.0	101.142857143	211.142857143	207.538461538	70.25	238.714285714	180.5	181.045454545	113.0	70.5	175.391304348	77.0	329.047619048	108.75	111.5	80.0	382.666666667	139.0	109.666666667	76.0	156.588235294	71.0	128.352941176	98.5	211.666666667	103.272727273	44.125	180.090909091	75.0714285714	51.5	106.0625	180.125	95.875	142.1	90.3636363636	81.5	104.6	151.461538462	198.909090909	118.571428571	115.0	55.25	79.2307692308	98.8571428571	159.5	72.25	62.8333333333	76.0	162.5	269.214285714	61.5714285714	106.6	57.6	53.0	45.5	143.0	143.0	64.2	80.0	135.125	130.0	80.5	49.0	35.75	40.0	80.2	108.0	56.1	61.1428571429	86.1666666667	47.0	116.142857143	66.1	87.3636363636	48.0	85.5
alpha_rarefaction_1204_9.txt	1204	9	123.5	193.291666667	157.1	148.0	112.666666667	191.052631579	92.6	157.545454545	198.4	97.25	186.875	178.666666667	96.5	233.333333333	95.625	109.333333333	87.3636363636	199.8	215.677419355	198.666666667	151.0	116.125	90.0	105.0	128.5	131.272727273	216.636363636	60.0909090909	212.0	191.076923077	276.052631579	180.857142857	109.666666667	186.052631579	64.1428571429	241.137931034	140.571428571	103.0	69.8666666667	229.5	102.105263158	98.25	82.3333333333	193.909090909	118.866666667	188.714285714	86.1428571429	183.55	123.0	59.6	131.882352941	100.5	63.6	157.1	139.571428571	76.875	108.333333333	100.6	107.6	81.25	230.0	259.230769231	167.666666667	100.142857143	42.6666666667	139.2	99.75	81.0	172.2	72.1428571429	139.142857143	157.0	233.545454545	90.9090909091	137.0	48.0	35.0909090909	52.8571428571	112.5	102.75	48.0	43.0	79.6666666667	129.0	60.0	76.1666666667	50.6666666667	51.4285714286	44.3636363636	121.428571429	46.3333333333	30.75	100.166666667	44.0	108.8	76.0	96.0	54.5	44.5
alpha_rarefaction_1403_0.txt	1403	0	77.4	242.476190476	127.0	107.05	139.428571429	222.260869565	88.0714285714	152.6875	176.058823529	71.0	167.451612903	276.0	153.666666667	190.666666667	74.0833333333	94.8	91.0714285714	271.363636364	215.322580645	200.214285714	138.3	117.666666667	88.0	154.0	80.6666666667	172.111111111	339.352941176	83.1428571429	184.526315789	202.428571429	239.541666667	180.5	104.111111111	185.0	103.0	315.5	96.8333333333	123.8	97.5	394.090909091	126.230769231	113.6	118.125	180.3	87.0	231.0	126.0	177.25	118.0	67.0909090909	127.625	88.0	85.6	116.0	184.125	89.5	160.666666667	112.0	134.125	83.5454545455	226.090909091	163.8	130.0	209.0	53.75	86.3	79.0	87.5	77.4285714286	95.6	168.0	130.0	211.913043478	83.1111111111	120.571428571	110.0	38.1428571429	91.75	214.125	99.5454545455	49.0	83.6	93.9090909091	102.545454545	110.0	55.0	53.125	98.25	62.6	93.1111111111	65.75	40.0	118.0	49.125	99.8	88.875	93.0	43.1666666667	81.2
alpha_rarefaction_1403_1.txt	1403	1	126.333333333	309.25	91.5	123.461538462	133.0	232.285714286	146.0	125.571428571	202.4375	106.5	274.9375	252.583333333	106.5	203.666666667	126.333333333	96.625	121.0	210.5	295.272727273	192.8125	110.375	136.5	88.0666666667	125.076923077	64.6875	151.055555556	242.636363636	66.75	239.333333333	162.652173913	206.714285714	287.272727273	100.153846154	254.666666667	66.6666666667	337.12	136.571428571	117.769230769	100.272727273	201.384615385	118.055555556	87.5	157.166666667	162.5625	121.125	208.75	88.5	287.0	101.6	59.75	320.0	123.0	63.6	119.333333333	177.315789474	177.166666667	89.25	117.461538462	92.0	63.5714285714	232.0	132.652173913	121.090909091	111.0	61.2	82.6666666667	168.0	250.25	78.0	118.666666667	89.1	147.0	212.037037037	65.1538461538	123.0	51.6666666667	54.375	92.75	166.111111111	141.25	57.2	109.0	96.4285714286	155.090909091	56.2727272727	45.0	147.5	70.0	91.0	130.545454545	57.0	57.4285714286	84.0	44.5	152.0	163.0	109.666666667	54.375	62.25
alpha_rarefaction_1403_2.txt	1403	2	109.090909091	229.545454545	143.909090909	103.833333333	154.333333333	170.368421053	98.875	134.15	186.555555556	94.0	165.130434783	168.714285714	100.25	313.0	97.0	103.0	106.5	162.714285714	251.0	244.769230769	113.666666667	89.0	114.666666667	151.545454545	72.25	201.25	206.483870968	64.25	262.5	201.157894737	293.055555556	153.6875	100.857142857	216.666666667	34.4285714286	374.230769231	136.076923077	139.076923077	89.2307692308	241.076923077	143.909090909	176.428571429	76.6	304.142857143	95.1111111111	155.454545455	100.545454545	213.055555556	100.769230769	76.4285714286	147.75	159.142857143	54.0	167.0	195.909090909	103.333333333	98.2142857143	125.555555556	100.272727273	74.4615384615	137.555555556	126.954545455	168.3	86.1428571429	42.75	76.1538461538	94.1	87.0	146.0	52.5	98.6	125.0	259.772727273	99.3333333333	142.3	34.1666666667	41.2	65.875	174.666666667	120.1	46.2	63.5	81.2307692308	118.8	86.0	70.0	53.25	56.6666666667	55.125	134.111111111	72.0	40.1111111111	84.5454545455	50.0	103.315789474	70.5	198.25	32.0	49.1428571429
alpha_rarefaction_1403_3.txt	1403	3	110.5	209.115384615	140.1	151.6875	158.833333333	388.25	101.090909091	218.75	183.0	107.0	286.714285714	238.0	107.071428571	212.047619048	124.2	114.666666667	108.769230769	152.235294118	230.8	171.0	115.0	71.0	79.4615384615	129.5	134.6	190.909090909	180.103448276	67.0	206.772727273	256.5	227.44	151.875	142.375	160.0	125.5	361.130434783	116.4	118.9375	89.5	239.4	123.588235294	108.75	93.9090909091	261.076923077	105.545454545	341.111111111	92.1666666667	195.5	96.0	92.75	129.352941176	105.153846154	69.2	213.75	196.8	65.1111111111	141.75	104.6	104.333333333	74.0909090909	173.5	238.352941176	118.461538462	81.0	52.5	116.6	101.0	99.0	116.0	78.6666666667	105.333333333	110.1875	248.730769231	82.0769230769	124.583333333	56.5	37.0	76.0	156.153846154	91.3636363636	44.2	91.2	119.0	87.0714285714	106.0	68.0	56.5	74.1428571429	53.4285714286	119.125	74.25	50.4285714286	89.625	64.0	106.5	53.6	123.5	54.1	60.6
alpha_rarefaction_1403_4.txt	1403	4	111.5	260.105263158	116.111111111	153.545454545	134.0	227.9375	84.0833333333	147.076923077	165.333333333	116.0	226.789473684	185.0	96.5	158.041666667	141.142857143	98.0	106.75	249.769230769	295.052631579	147.647058824	99.4285714286	120.142857143	202.375	104.875	88.2307692308	262.3	206.538461538	63.8333333333	213.4	183.5	264.545454545	154.235294118	100.5	173.3	87.4285714286	231.454545455	103.545454545	115.75	161.75	270.055555556	215.142857143	95.8	73.0	154.8	95.1	194.071428571	119.090909091	272.4	109.090909091	80.8571428571	179.0	106.0	52.9090909091	151.0	251.5	78.2142857143	116.571428571	109.0	90.2307692308	60.25	156.6875	204.157894737	165.3	76.0	90.6	140.428571429	84.0833333333	130.111111111	165.6	68.1111111111	100.75	129.4	226.5	95.1111111111	226.666666667	58.75	51.8571428571	42.5454545455	98.9090909091	97.75	40.0	52.9090909091	164.166666667	98.0	80.3636363636	46.3333333333	69.25	47.0	51.5	88.0	79.1428571429	57.2	81.625	44.3333333333	115.6	76.25	80.0	44.1666666667	86.4285714286
alpha_rarefaction_1403_5.txt	1403	5	93.9090909091	264.666666667	121.142857143	126.583333333	130.75	200.058823529	79.2142857143	137.235294118	225.625	100.111111111	183.384615385	194.352941176	86.0666666667	227.235294118	81.9375	105.153846154	120.0	163.0	272.5	180.0	130.125	129.0	113.5	133.0	111.666666667	250.375	283.352941176	100.142857143	321.25	199.428571429	203.2	122.1875	136.0	152.041666667	85.625	402.666666667	154.25	121.571428571	107.75	204.5	139.111111111	124.666666667	81.2727272727	162.434782609	145.111111111	199.285714286	63.9090909091	219.909090909	182.166666667	75.5	213.909090909	96.9090909091	55.5454545455	138.090909091	203.647058824	85.3333333333	106.615384615	219.5	83.5454545455	85.1111111111	170.833333333	202.0	102.428571429	85.5	42.4285714286	137.6	174.5	114.666666667	160.166666667	77.2727272727	74.2307692308	139.909090909	377.352941176	73.0909090909	187.0	46.1111111111	34.1666666667	55.125	297.142857143	90.1111111111	33.875	55.0	152.0	121.090909091	70.1111111111	71.3333333333	54.4285714286	124.75	58.4285714286	107.666666667	79.5	36.75	58.2142857143	41.6	94.5	71.25	119.666666667	46.3333333333	104.0
alpha_rarefaction_1403_6.txt	1403	6	170.857142857	260.0	126.5	114.666666667	109.0	228.8	93.9090909091	264.111111111	159.043478261	99.25	279.866666667	177.9	114.090909091	195.4	75.3	85.0	117.111111111	208.5	270.714285714	151.894736842	120.5	73.0714285714	117.5	135.666666667	131.5	189.545454545	236.375	68.0	228.235294118	187.125	266.333333333	171.571428571	89.0	209.055555556	68.3	221.7	99.2	97.0666666667	80.4	205.724137931	121.4	120.5	114.142857143	156.055555556	157.111111111	243.583333333	96.7692307692	287.0	100.769230769	67.2	171.214285714	268.0	45.5	100.9375	159.0	92.4615384615	118.5	171.333333333	122.5	84.375	154.875	141.416666667	97.0	101.142857143	36.4285714286	119.125	110.75	102.333333333	101.111111111	69.1111111111	78.1111111111	193.25	217.913043478	56.2	185.545454545	45.1111111111	33.4285714286	60.1	110.315789474	98.875	40.375	36.5	120.0	95.9090909091	51.3	81.5	49.0	56.4285714286	55.125	140.142857143	75.0	70.625	75.0909090909	62.6	95.1052631579	142.0	123.5	61.6666666667	45.9090909091
alpha_rarefaction_1403_7.txt	1403	7	103.1875	301.4	104.272727273	138.0	105.428571429	221.0	92.1764705882	165.055555556	220.076923077	99.0	212.833333333	190.0	72.8666666667	187.333333333	130.75	87.0	120.5	143.714285714	302.954545455	154.0	93.4285714286	125.428571429	91.8333333333	119.0	104.333333333	152.6875	169.71875	66.0	288.571428571	184.461538462	283.0	164.0	106.272727273	310.833333333	86.2	360.043478261	95.0	125.0	183.5	305.8125	131.076923077	124.0	92.4615384615	153.368421053	101.75	188.071428571	98.25	182.526315789	118.571428571	73.5	239.0	141.75	45.0	147.0	245.272727273	96.6	143.666666667	144.75	189.5	75.0909090909	163.769230769	178.55	106.5	108.0	42.0	112.5	105.615384615	95.0714285714	83.625	53.4615384615	95.0	138.909090909	232.576923077	149.0	95.0	48.0	34.4285714286	50.1111111111	138.8125	78.1111111111	43.0	55.25	92.3333333333	109.090909091	80.8571428571	44.6	56.0	39.1	78.1428571429	105.272727273	72.0	54.0	60.4285714286	58.5	169.090909091	60.4285714286	90.3636363636	56.0	70.0
alpha_rarefaction_1403_8.txt	1403	8	101.714285714	216.913043478	106.058823529	133.272727273	137.6	282.0	157.166666667	164.153846154	338.1	69.5882352941	226.125	261.0	87.5	154.0	136.5	75.7142857143	82.5454545455	131.9375	227.896551724	237.2	123.928571429	106.272727273	111.6	111.5	95.9090909091	123.583333333	267.125	76.6	225.333333333	231.428571429	243.368421053	115.055555556	106.090909091	244.0	117.6	308.25	115.15	129.5	99.1538461538	285.588235294	156.25	109.5	90.2307692308	180.769230769	159.875	149.666666667	78.0	203.0	136.0	75.5	133.4	124.0	51.6	165.0	248.5	89.0	134.111111111	157.0	98.6	69.7692307692	127.4	205.055555556	82.2142857143	116.125	48.1666666667	115.375	122.230769231	111.666666667	133.125	81.6666666667	112.461538462	190.0	241.0	77.6666666667	157.153846154	46.1111111111	47.0	84.2	124.571428571	110.375	63.0	37.4285714286	71.875	146.75	57.1111111111	44.1666666667	39.1428571429	40.1428571429	57.8571428571	116.8	65.1	46.0	77.875	26.6	108.071428571	77.3333333333	109.375	52.8571428571	62.6
alpha_rarefaction_1403_9.txt	1403	9	125.0	203.476190476	91.5882352941	129.1	105.0	216.5	122.5	133.666666667	172.913043478	112.5	219.789473684	200.8125	93.4615384615	188.0	56.0	109.2	103.333333333	169.058823529	275.125	158.6875	152.875	54.5833333333	133.909090909	113.153846154	89.6666666667	162.272727273	252.0	63.1	208.75	185.176470588	242.235294118	131.4	116.666666667	221.2	57.125	333.136363636	169.6	116.588235294	122.0	174.416666667	136.0	120.272727273	86.2	168.2	155.833333333	139.047619048	111.75	208.5	149.0	57.0	185.125	109.0	48.0	104.894736842	172.058823529	73.6666666667	142.666666667	120.090909091	92.0666666667	93.8571428571	144.4375	283.571428571	109.090909091	79.2727272727	55.9090909091	152.0	130.583333333	126.857142857	146.5	78.2727272727	145.111111111	145.5	225.260869565	117.666666667	190.0	31.0	58.5	53.8571428571	162.666666667	85.0714285714	67.0	50.3	99.625	136.363636364	156.0	44.0	52.4285714286	70.0	93.1428571429	161.142857143	59.1	76.5	96.875	45.5	125.5	90.8571428571	115.666666667	135.0	113.0
alpha_rarefaction_1602_0.txt	1602	0	118.0	338.368421053	93.5882352941	133.25	100.230769231	200.125	76.6666666667	195.1	163.714285714	131.111111111	217.55	263.1875	114.666666667	197.052631579	201.0	140.142857143	99.6	209.666666667	257.037037037	200.0	94.8	157.666666667	109.0	113.714285714	89.0	163.176470588	291.375	59.75	223.65	173.176470588	273.0	189.555555556	130.0	225.8	69.2307692308	342.322580645	134.25	143.363636364	106.0	268.111111111	130.166666667	117.0	122.5	211.2	97.0769230769	145.315789474	79.6	314.153846154	113.0	82.0	180.5625	165.428571429	49.1428571429	120.428571429	159.6875	85.0833333333	99.7692307692	142.363636364	84.2307692308	116.0	172.833333333	208.0	116.5	187.0	83.5	130.0	144.333333333	100.75	105.111111111	92.0	96.25	125.4	230.161290323	127.6	163.0	35.4285714286	43.0	44.1111111111	127.461538462	147.333333333	62.6	118.6	98.2307692308	125.111111111	61.2	57.2	76.5	82.1666666667	67.5	88.0	79.3333333333	36.0	74.0909090909	36.0	103.153846154	75.625	115.0	65.6666666667	76.3333333333
alpha_rarefaction_1602_1.txt	1602	1	108.272727273	317.25	119.461538462	142.647058824	132.5	232.2	160.3	209.3125	315.714285714	85.0	286.0	217.142857143	87.5454545455	208.375	97.4615384615	107.333333333	112.375	170.5	245.774193548	179.0	164.5	83.0	106.6	152.461538462	95.5	173.142857143	242.307692308	73.3	185.142857143	234.071428571	238.130434783	184.272727273	126.230769231	162.125	83.3333333333	267.24137931	241.142857143	103.375	129.111111111	347.5	93.55	107.333333333	100.25	194.071428571	105.111111111	178.833333333	98.625	272.375	149.111111111	90.875	230.0	122.428571429	43.2727272727	159.5	140.928571429	144.666666667	101.461538462	160.875	121.666666667	132.6	205.0	179.666666667	126.666666667	101.111111111	70.0	89.0	125.666666667	130.428571429	120.0	94.8571428571	201.666666667	129.230769231	267.916666667	98.3333333333	134.0	43.1666666667	64.6666666667	60.75	232.0	112.090909091	72.0	50.1111111111	111.333333333	122.461538462	59.125	65.0	38.0	43.375	56.5	166.6	82.1428571429	56.8571428571	71.1111111111	93.1428571429	93.0	72.875	92.1111111111	55.8571428571	77.0
alpha_rarefaction_1602_2.txt	1602	2	87.0833333333	229.666666667	123.5	117.0	145.882352941	205.8	85.0	227.8	283.4	108.75	249.066666667	160.0	130.0	255.058823529	140.142857143	113.0	117.090909091	187.5	260.12	231.0625	113.153846154	126.111111111	99.1	154.545454545	81.0	179.0	286.037037037	93.0	289.076923077	246.4	208.333333333	151.125	94.9090909091	184.4	90.6	270.935483871	149.545454545	115.5	129.857142857	256.636363636	136.3	147.25	70.1111111111	145.5	194.8	273.0	103.5	249.066666667	140.3	78.0	160.230769231	105.615384615	80.0	136.090909091	179.0	69.7692307692	102.25	132.0	122.125	69.25	160.571428571	217.9375	183.111111111	116.125	56.0	90.0769230769	138.111111111	89.2	94.9090909091	99.4285714286	85.0833333333	196.8	319.0	100.75	108.066666667	82.625	62.1428571429	50.5	146.076923077	117.230769231	71.0	122.25	131.0	146.0	68.6666666667	42.375	50.1111111111	62.25	43.375	96.0	69.1428571429	51.5454545455	86.1428571429	42.0769230769	106.75	89.625	92.1	61.0	47.6666666667
alpha_rarefaction_1602_3.txt	1602	3	95.3636363636	309.0	113.0	150.363636364	112.272727273	287.052631579	90.3636363636	172.5625	175.25	111.6	214.285714286	305.769230769	95.0714285714	440.5	83.1111111111	121.125	141.1	175.666666667	339.047619048	173.105263158	127.333333333	80.7142857143	98.0	174.666666667	131.583333333	123.0	229.230769231	73.25	233.5	234.555555556	252.5	173.666666667	133.545454545	200.882352941	67.0833333333	282.111111111	119.6	125.230769231	102.333333333	283.333333333	128.4	105.272727273	150.875	183.333333333	98.0	169.954545455	110.666666667	237.473684211	165.5	85.625	212.833333333	80.0	46.0	125.0625	178.0	137.375	99.9090909091	137.0	98.0	104.272727273	149.647058824	212.25	91.0714285714	132.2	47.0	110.090909091	179.333333333	92.0	92.9090909091	106.142857143	124.5	239.125	284.111111111	139.75	195.8	58.5	57.4285714286	72.2727272727	166.090909091	90.2307692308	113.5	56.375	94.3333333333	142.0	65.1	60.3333333333	60.1428571429	46.6	60.375	137.111111111	46.2727272727	54.5	93.1666666667	52.8571428571	85.2142857143	57.9285714286	115.0	71.0	36.1111111111
alpha_rarefaction_1602_4.txt	1602	4	134.0	284.625	155.272727273	131.333333333	120.461538462	217.882352941	116.142857143	234.066666667	183.045454545	111.6	189.0	188.142857143	72.8666666667	289.333333333	104.272727273	122.111111111	102.25	151.0	303.5	240.153846154	108.333333333	96.1	149.461538462	111.272727273	175.333333333	191.545454545	199.294117647	96.875	282.928571429	224.625	292.055555556	152.909090909	96.0714285714	208.954545455	73.0909090909	293.607142857	183.545454545	117.0	137.0	291.3	133.666666667	109.666666667	95.8	174.571428571	94.3636363636	181.666666667	123.0	243.55	132.583333333	63.3333333333	188.0	84.1176470588	57.25	144.5	174.571428571	102.0	112.5	146.142857143	120.1	84.0	152.105263158	274.0	108.315789474	102.0	68.0	111.090909091	117.153846154	112.153846154	91.0666666667	105.615384615	192.0	267.0	249.9	113.8	129.052631579	58.1428571429	38.4285714286	65.6666666667	157.5625	109.75	45.5	78.1111111111	137.5	94.5882352941	86.625	46.0	50.0	82.8571428571	83.8333333333	173.5	88.5	68.0	107.111111111	65.0	99.0	67.2727272727	74.25	44.125	56.0
alpha_rarefaction_1602_5.txt	1602	5	100.363636364	227.772727273	119.0	186.545454545	138.0	257.538461538	104.75	189.352941176	225.647058824	163.166666667	243.0	306.833333333	116.8	269.05	79.3	127.076923077	200.0	188.5	213.8	210.076923077	117.055555556	120.111111111	90.25	126.882352941	128.545454545	154.461538462	290.375	99.0	263.789473684	199.285714286	225.444444444	241.153846154	86.6470588235	328.153846154	115.142857143	320.615384615	144.8	182.0	71.1111111111	258.615384615	158.25	108.272727273	159.142857143	170.176470588	204.0	223.066666667	98.75	297.25	172.428571429	71.2	205.076923077	172.857142857	56.1	159.0	167.5625	149.666666667	158.25	165.153846154	86.0833333333	100.153846154	165.5625	216.333333333	130.076923077	90.4285714286	47.1666666667	113.5	112.071428571	79.6666666667	95.8	150.0	137.6	131.0	309.875	81.0714285714	125.583333333	87.0	49.5	63.1428571429	203.25	93.0714285714	48.0	54.0	115.090909091	124.090909091	77.1428571429	43.0	64.1428571429	71.0	76.5	107.6	87.0	48.0	85.0714285714	92.1666666667	114.461538462	62.4285714286	120.333333333	51.4285714286	89.0
alpha_rarefaction_1602_6.txt	1602	6	114.6	278.625	125.5	136.25	129.75	192.214285714	122.25	209.076923077	232.375	82.6666666667	204.0	204.555555556	115.0	263.0	102.153846154	166.6	73.25	187.5	292.037037037	149.555555556	134.0	132.0	147.714285714	149.0	110.666666667	132.230769231	259.555555556	72.6666666667	292.5	157.476190476	258.0	169.619047619	194.25	210.157894737	100.142857143	390.25	147.066666667	136.545454545	100.75	275.4	145.4	107.090909091	72.4615384615	143.416666667	155.333333333	317.142857143	75.8666666667	266.136363636	136.4	92.0	180.666666667	101.25	58.125	140.214285714	177.789473684	116.125	100.6	168.428571429	82.0909090909	82.6470588235	190.4	222.117647059	115.375	98.875	39.8571428571	142.3	99.25	143.0	76.6666666667	95.3636363636	93.2307692308	161.153846154	244.043478261	108.375	166.833333333	59.2	30.625	96.2	130.882352941	124.0	31.875	49.75	96.2307692308	104.6	134.0	41.0	44.125	55.2727272727	79.0	101.25	79.625	50.9090909091	68.8333333333	89.0	125.5	102.333333333	102.272727273	39.0	41.375
alpha_rarefaction_1602_7.txt	1602	7	104.153846154	292.588235294	122.8	109.333333333	143.3	291.0	85.0	168.2	182.956521739	106.25	225.65	173.038461538	120.125	262.461538462	83.0	93.1111111111	103.4	191.230769231	286.545454545	235.75	163.0	130.6	122.230769231	114.5	94.0666666667	249.272727273	289.12	59.5	224.545454545	213.0	314.047619048	132.0	140.0	224.647058824	74.0	287.181818182	133.8125	126.571428571	75.2307692308	236.8	185.272727273	93.1	97.0	170.473684211	158.0	242.75	133.125	248.0	87.6470588235	75.5	255.5	121.272727273	78.5	153.2	150.285714286	96.9090909091	84.1176470588	132.076923077	99.8571428571	84.5	142.0	194.176470588	167.5	73.25	40.5	100.0	116.0	97.0769230769	135.125	100.272727273	84.0833333333	255.0	280.84	69.7692307692	123.461538462	93.2	35.4285714286	41.75	168.571428571	101.545454545	68.0	47.5	119.0	126.076923077	67.0833333333	37.0	38.6666666667	46.9090909091	85.8571428571	138.076923077	112.090909091	63.6666666667	92.0	50.4285714286	108.071428571	91.8	93.1111111111	67.2	59.0
alpha_rarefaction_1602_8.txt	1602	8	125.333333333	325.882352941	178.5	126.571428571	169.3	259.333333333	119.0	227.090909091	234.071428571	132.375	183.625	260.666666667	126.272727273	235.066666667	112.2	122.0	110.769230769	186.4	302.6	174.5	143.375	80.2352941176	175.857142857	178.5	118.0	213.5	264.142857143	120.666666667	273.157894737	191.5	227.375	185.4	123.5	250.0	51.6	348.84	159.090909091	104.25	91.1	253.541666667	136.235294118	89.6666666667	101.0	161.894736842	103.833333333	302.666666667	100.0	286.4	166.111111111	71.0	150.24	105.272727273	60.4285714286	144.833333333	204.0	105.5	119.666666667	225.8	126.428571429	70.3529411765	126.375	304.25	110.0	79.875	58.25	118.75	116.666666667	92.0	130.0	93.4285714286	96.2307692308	168.153846154	286.222222222	66.1	175.6	54.375	61.6	61.0	118.0	114.111111111	147.5	62.3333333333	117.666666667	165.625	90.6	76.4285714286	72.75	85.0	139.0	120.090909091	80.5	41.6666666667	79.3	44.2	88.2	117.666666667	101.428571429	46.125	45.0
alpha_rarefaction_1602_9.txt	1602	9	92.3636363636	370.5	115.769230769	151.5	105.2	226.130434783	100.25	240.583333333	204.65	141.375	331.090909091	255.4	116.583333333	215.142857143	109.333333333	127.5	90.1875	155.05	261.5	221.235294118	211.5	104.333333333	143.333333333	108.428571429	108.615384615	184.125	275.037037037	71.25	208.181818182	206.833333333	220.954545455	151.2	97.3636363636	201.0	113.142857143	277.965517241	118.0	106.176470588	108.333333333	239.5	155.75	133.5	89.5	207.235294118	138.0	208.214285714	95.3636363636	229.8	103.75	56.0	168.615384615	89.9090909091	49.125	160.6875	176.142857143	90.5	98.0	157.333333333	108.153846154	191.0	199.909090909	201.0	137.909090909	85.25	38.5	127.0	144.363636364	141.142857143	98.6	71.0909090909	101.545454545	176.0	284.0	100.5	134.272727273	74.1428571429	72.5	199.0	141.714285714	112.666666667	36.2	70.875	100.833333333	117.769230769	66.1428571429	53.6666666667	90.75	47.75	84.5	181.111111111	114.666666667	55.0	88.1111111111	44.125	96.4615384615	75.6666666667	89.0	58.5	59.0
alpha_rarefaction_1801_0.txt	1801	0	92.2	256.5	135.4375	147.571428571	210.5	274.4	91.375	171.5	363.076923077	92.5	260.541666667	229.789473684	110.714285714	226.636363636	112.153846154	113.090909091	101.066666667	148.526315789	312.103448276	170.565217391	153.833333333	115.090909091	119.583333333	131.214285714	152.25	164.769230769	305.791666667	69.25	268.789473684	205.833333333	244.857142857	242.176470588	101.833333333	210.55	57.0	310.6	187.5	164.615384615	115.0	254.1	137.117647059	124.5	85.5	252.666666667	198.363636364	218.333333333	88.9375	379.214285714	127.4	51.1111111111	185.4	141.882352941	81.1	164.0	148.043478261	124.0	152.0	228.857142857	121.142857143	83.0	184.555555556	268.0	130.928571429	66.2727272727	58.125	178.5	180.857142857	101.0	191.25	119.1	88.9375	146.4375	284.5	113.111111111	213.333333333	45.5	53.1	56.125	153.6875	82.2307692308	51.75	56.6666666667	129.666666667	117.090909091	109.125	75.0	51.125	66.1428571429	78.25	91.2727272727	118.0	77.0	103.5	67.6666666667	107.055555556	91.1666666667	93.1111111111	59.75	139.0
alpha_rarefaction_1801_1.txt	1801	1	139.6	232.434782609	225.857142857	155.461538462	126.230769231	235.5	122.090909091	197.588235294	199.125	118.866666667	293.352941176	203.714285714	125.1	307.833333333	103.25	116.0	102.545454545	210.666666667	291.607142857	202.052631579	140.0	116.375	151.0	133.214285714	110.272727273	186.714285714	243.935483871	60.3636363636	247.588235294	180.526315789	304.333333333	197.833333333	112.0	289.875	77.0	331.875	119.913043478	114.75	111.666666667	339.928571429	162.714285714	141.230769231	123.1	182.576923077	156.272727273	176.105263158	78.0	223.526315789	140.6	87.875	201.4	97.0714285714	78.0	128.0	261.1875	99.6	145.0	166.1	86.0	77.3333333333	264.6	216.071428571	160.833333333	102.333333333	61.0	105.0	153.0	112.5	147.0	95.0	118.111111111	174.769230769	268.857142857	68.4	126.0	64.25	42.1666666667	88.875	179.0	91.5	63.1428571429	42.1111111111	131.5	179.857142857	295.5	48.1111111111	48.75	78.0	59.0	120.5	65.8666666667	96.2	87.0	44.125	116.090909091	86.25	77.1	46.0	46.0
alpha_rarefaction_1801_2.txt	1801	2	97.0	280.461538462	168.111111111	129.4	133.5	258.3	199.0	233.615384615	214.0	181.166666667	216.5	170.954545455	104.6	293.0	128.0	112.75	132.25	122.333333333	289.433333333	244.0	138.909090909	149.75	191.0	165.214285714	182.428571429	258.0	220.933333333	102.111111111	254.071428571	205.882352941	257.04	186.5	119.8	199.75	72.0	452.0	164.666666667	127.571428571	90.9090909091	283.05	166.5	132.0	95.0	184.315789474	130.272727273	183.666666667	165.111111111	338.214285714	123.461538462	75.0	252.583333333	158.1	58.0	133.0	198.285714286	203.6	458.0	104.25	129.272727273	108.75	185.25	197.0	175.083333333	75.1	46.25	156.111111111	131.214285714	125.666666667	80.25	94.8	93.8333333333	185.230769231	319.12	83.2352941176	146.75	61.25	51.125	94.1111111111	181.461538462	119.866666667	82.2	130.0	103.0	167.111111111	76.0833333333	58.4285714286	45.1428571429	69.0	83.5	175.5	124.111111111	52.0	95.8333333333	35.4285714286	124.214285714	103.090909091	74.4	54.0	49.0
alpha_rarefaction_1801_3.txt	1801	3	113.071428571	264.454545455	121.0	179.0	171.625	280.142857143	124.5	282.666666667	224.545454545	94.5	235.117647059	252.714285714	119.461538462	255.04	106.714285714	134.111111111	94.0	164.894736842	255.058823529	160.333333333	130.166666667	106.153846154	114.071428571	160.0	99.1111111111	233.0	278.538461538	91.5	195.25	167.4	271.04	280.0	134.714285714	222.333333333	88.0	375.576923077	199.909090909	155.111111111	129.5	246.033333333	140.25	126.75	105.142857143	164.8	101.545454545	198.0	129.333333333	250.954545455	137.4	57.0	212.0	135.076923077	61.1538461538	146.25	195.65	109.071428571	104.066666667	157.928571429	128.272727273	97.0	188.058823529	256.769230769	238.5	93.0	45.0	141.125	155.25	117.375	136.0	113.0	89.2352941176	182.090909091	291.833333333	94.875	198.8	49.0	40.6666666667	63.3333333333	141.5	158.5	42.5454545455	88.2	86.0	135.076923077	66.4615384615	58.4285714286	42.1666666667	60.1111111111	63.0	139.117647059	84.5	48.6666666667	87.25	44.75	182.428571429	79.2142857143	112.75	48.0	38.5
alpha_rarefaction_1801_4.txt	1801	4	142.3	246.473684211	132.545454545	172.4	117.071428571	229.125	110.0	202.235294118	226.0	130.0	307.833333333	240.375	106.25	265.4	79.8666666667	115.090909091	177.625	174.045454545	273.615384615	195.0	127.214285714	91.8823529412	167.142857143	122.769230769	100.0	151.473684211	315.047619048	90.0769230769	279.4	156.789473684	240.117647059	198.230769231	109.333333333	210.772727273	92.875	316.533333333	171.153846154	173.153846154	116.666666667	319.913043478	132.3125	93.0	103.0625	216.315789474	83.7142857143	340.0	113.0	185.037037037	190.142857143	66.0	166.666666667	162.1	54.0	131.052631579	202.4	85.0909090909	135.0	135.5	134.571428571	140.3	156.647058824	192.291666667	153.666666667	111.666666667	75.0	126.1	103.25	134.857142857	124.428571429	94.25	90.0	149.2	323.652173913	125.0	213.375	45.9090909091	46.0	62.4285714286	182.0	91.0769230769	46.5	60.5	119.6	146.125	79.0	53.0	67.625	57.1	92.0	124.5	102.25	48.3333333333	114.75	40.8	128.5	72.2307692308	82.0769230769	48.4615384615	83.0
alpha_rarefaction_1801_5.txt	1801	5	125.1	234.038461538	190.875	165.666666667	164.875	195.714285714	105.0	191.176470588	193.875	85.0833333333	209.5	248.954545455	113.1875	259.0	194.0	119.461538462	107.615384615	206.235294118	282.111111111	225.625	75.125	110.545454545	80.0714285714	109.428571429	99.2307692308	180.058823529	331.875	97.0	201.0	221.076923077	234.888888889	170.105263158	148.461538462	245.954545455	71.3	319.103448276	158.25	153.0	135.076923077	400.666666667	134.3125	192.0	156.875	171.142857143	186.428571429	204.285714286	123.090909091	206.25	115.0	78.5	180.666666667	86.6470588235	76.5	138.588235294	198.0	108.071428571	111.5	99.1875	135.545454545	97.0	149.043478261	194.176470588	149.461538462	102.428571429	56.0	91.0833333333	115.333333333	117.375	167.75	88.5	84.0555555556	135.647058824	246.137931034	95.75	129.230769231	57.4285714286	44.9090909091	66.3333333333	160.5625	60.2	68.25	49.0	108.75	104.909090909	74.6666666667	53.4285714286	67.0	58.8571428571	73.625	134.909090909	85.5	54.4285714286	151.0	51.0	129.5	123.5	96.0	47.1111111111	60.8571428571
alpha_rarefaction_1801_6.txt	1801	6	127.076923077	325.0	212.125	150.076923077	114.153846154	256.181818182	139.666666667	195.4	269.526315789	117.0	234.130434783	210.217391304	134.909090909	303.235294118	128.333333333	114.666666667	133.4	177.5	326.875	208.75	176.5	101.909090909	155.25	222.5	97.0769230769	142.545454545	300.535714286	77.3	288.3125	183.956521739	286.055555556	191.125	130.5	173.0	72.1111111111	278.25	127.333333333	149.363636364	138.125	282.6	220.25	132.0	84.0	157.75	126.5	194.4	97.0625	236.066666667	149.142857143	140.5	182.090909091	144.0	42.875	135.0	230.375	104.6	104.428571429	171.25	123.583333333	95.625	175.153846154	196.44	139.076923077	98.7692307692	58.0	86.7142857143	129.5	138.6	64.4	102.25	143.142857143	219.666666667	324.272727273	147.0	183.272727273	102.0	92.75	51.6	236.666666667	82.7142857143	64.6666666667	61.5	106.545454545	195.25	85.1	71.5	39.1428571429	40.3333333333	107.0	116.0	80.25	90.6	79.0769230769	47.3333333333	81.4615384615	99.2	70.0909090909	72.0	48.1666666667
alpha_rarefaction_1801_7.txt	1801	7	116.6	330.3	177.857142857	179.6	100.588235294	252.043478261	146.1	184.0	263.772727273	131.333333333	169.965517241	269.619047619	92.5	334.25	109.2	193.25	97.4615384615	168.25	230.724137931	186.176470588	237.142857143	151.0	161.25	134.555555556	131.333333333	271.363636364	310.0	88.0	210.714285714	258.0625	280.125	257.0	105.066666667	240.882352941	64.3333333333	537.2	96.3	158.272727273	87.25	265.0	143.714285714	77.7692307692	149.0	174.619047619	95.25	183.833333333	98.0714285714	265.333333333	102.352941176	71.0909090909	185.571428571	103.0	48.125	143.75	213.3125	125.5	106.153846154	128.214285714	180.111111111	79.6666666667	155.5	217.071428571	107.058823529	119.125	73.2	111.333333333	146.909090909	110.153846154	106.153846154	72.8666666667	135.857142857	177.5	363.0	93.8571428571	123.5	60.375	40.0	101.166666667	230.0	89.0	79.0	44.1	80.7692307692	148.75	104.0	57.375	50.1428571429	73.5454545455	86.625	106.153846154	60.0	53.6666666667	117.0	30.0	132.789473684	83.1428571429	90.1875	47.0	60.375
alpha_rarefaction_1801_8.txt	1801	8	106.769230769	239.8	131.076923077	130.052631579	114.666666667	259.75	109.5	213.909090909	239.285714286	109.5	230.375	236.055555556	103.066666667	198.176470588	144.142857143	90.4545454545	124.230769231	174.833333333	317.884615385	214.4	156.615384615	138.6	112.615384615	134.666666667	110.0	261.058823529	254.0	70.4615384615	228.8	175.625	232.833333333	186.0	176.857142857	300.157894737	88.0	294.206896552	145.4375	138.583333333	137.076923077	345.352941176	204.071428571	127.583333333	107.4	171.105263158	118.625	371.0	110.5	288.4	165.1	58.1538461538	206.0	130.545454545	76.5	184.769230769	175.045454545	119.230769231	146.909090909	161.0	103.214285714	77.4615384615	149.3	208.217391304	112.058823529	141.666666667	68.5	110.153846154	128.5	99.8	95.8333333333	113.0	120.583333333	128.4	226.666666667	92.2142857143	126.5	67.2	60.6	58.2727272727	169.0	90.5	57.1111111111	53.3	112.111111111	125.4	67.25	63.5	59.4285714286	78.5	182.333333333	143.333333333	103.333333333	77.5	89.1428571429	61.75	134.0	79.2727272727	111.8	35.3333333333	61.4285714286
alpha_rarefaction_1801_9.txt	1801	9	149.75	313.0	118.461538462	156.333333333	129.272727273	280.714285714	87.0	158.769230769	250.368421053	95.0714285714	188.111111111	283.052631579	124.230769231	230.117647059	156.875	117.0	177.0	174.176470588	335.555555556	154.75	124.090909091	140.125	108.615384615	120.352941176	137.714285714	210.5	258.533333333	93.7692307692	262.333333333	172.954545455	282.206896552	176.5625	101.0	276.0	73.6	293.0	231.0	159.0	95.8	288.0	213.833333333	159.875	105.0	238.428571429	137.714285714	207.0	108.714285714	239.285714286	129.571428571	61.4285714286	163.4	118.8	83.4285714286	122.2	201.4	124.333333333	160.0	259.0	161.0	82.1176470588	162.4	192.0	142.647058824	99.6	45.8	119.769230769	123.4	115.0	143.0	86.25	92.25	150.875	255.785714286	118.125	128.333333333	79.1666666667	35.0909090909	57.0	158.473684211	121.090909091	54.8571428571	55.125	122.375	108.315789474	68.0	59.75	59.2	116.0	108.0	131.272727273	57.6	51.75	98.625	52.0	136.545454545	56.9090909091	110.0	70.0	73.0
alpha_rarefaction_2000_0.txt	2000	0	113.090909091	284.24	183.0	132.052631579	118.5	250.464285714	131.857142857	198.8125	227.0	118.375	294.3	304.8125	99.0769230769	297.05	101.909090909	123.111111111	142.125	216.076923077	419.833333333	238.615384615	131.0	116.4	101.833333333	101.913043478	99.2307692308	170.928571429	287.4	79.25	268.166666667	257.0	374.714285714	171.75	145.375	272.0	58.3	355.625	112.0	135.3125	97.8333333333	429.315789474	189.272727273	123.230769231	110.5	190.8	193.142857143	162.473684211	130.111111111	266.333333333	164.1	86.1666666667	156.4	134.571428571	153.2	161.5	175.058823529	151.0	148.333333333	123.769230769	77.5	127.5	156.476190476	218.5	135.076923077	96.0	55.5	199.0	186.166666667	175.6	318.5	100.75	128.0	182.4	362.055555556	106.153846154	147.5	53.5454545455	50.9090909091	53.4285714286	140.15	108.058823529	51.0	78.3333333333	118.666666667	115.071428571	87.1	86.0	105.0	119.0	62.1111111111	123.583333333	76.875	75.625	95.1666666667	42.1	136.666666667	74.25	87.625	110.666666667	107.0
alpha_rarefaction_2000_1.txt	2000	1	141.2	279.037037037	203.0	128.0	161.875	251.043478261	183.875	183.333333333	302.235294118	95.0	240.285714286	233.0	107.0	308.235294118	145.75	133.545454545	149.1	208.913043478	302.037037037	175.142857143	116.5	110.615384615	150.666666667	139.333333333	120.0	286.545454545	256.0	90.1	218.0	216.65	304.636363636	181.37037037	132.230769231	279.625	53.2307692308	286.833333333	186.125	128.4	79.6470588235	272.538461538	182.0	116.75	126.428571429	203.538461538	130.555555556	245.352941176	97.0714285714	295.15	136.666666667	63.1538461538	186.5625	131.75	57.6	148.5	225.545454545	94.1	193.142857143	164.066666667	99.5	98.5	193.5	239.0	159.25	145.0	81.3333333333	113.428571429	114.272727273	136.545454545	134.125	120.5	136.857142857	173.55	295.6	127.545454545	203.25	72.0	70.0	85.8571428571	229.090909091	137.6	82.2	55.4285714286	130.666666667	129.666666667	82.1111111111	73.1111111111	52.8333333333	55.1	56.4285714286	108.1875	65.8571428571	57.6666666667	108.75	53.6	174.153846154	97.0	107.5	65.1428571429	64.0
alpha_rarefaction_2000_2.txt	2000	2	114.333333333	285.4	161.105263158	173.058823529	162.214285714	223.64	151.111111111	174.636363636	252.541666667	154.333333333	321.066666667	337.055555556	145.3	208.333333333	144.0	200.75	127.714285714	196.65	361.125	180.0	119.769230769	112.090909091	148.909090909	124.583333333	109.545454545	181.666666667	313.291666667	89.1428571429	377.5	246.0	238.888888889	186.136363636	139.4375	186.565217391	56.9090909091	364.15625	244.125	126.0	113.0	314.8125	273.1	167.111111111	88.2727272727	171.038461538	164.214285714	209.0	161.5	220.538461538	161.875	67.25	214.666666667	123.125	69.75	167.0	176.6	117.055555556	138.4	158.272727273	82.2307692308	108.333333333	151.117647059	197.5	179.5	81.1111111111	40.5	146.909090909	131.090909091	113.5	114.75	114.5	115.0	285.666666667	247.125	128.5	181.083333333	88.4285714286	35.4285714286	85.8571428571	153.5	155.666666667	51.3	58.1	86.1	238.428571429	99.1428571429	65.75	83.2	51.1428571429	62.0909090909	105.066666667	117.0	58.125	67.6	68.0	135.111111111	95.8571428571	115.666666667	63.6666666667	66.75
alpha_rarefaction_2000_3.txt	2000	3	111.5	320.344827586	414.5	188.071428571	145.3	236.65	138.363636364	246.090909091	189.142857143	252.5	215.714285714	241.541666667	141.75	223.2	233.428571429	107.0	150.545454545	326.090909091	316.714285714	156.0	156.833333333	132.0	98.5882352941	187.272727273	109.75	177.571428571	275.714285714	136.25	308.0	244.166666667	317.681818182	216.666666667	125.461538462	222.636363636	64.0	356.8125	192.882352941	146.2	105.0	369.0	147.75	177.0	141.75	227.066666667	132.0	266.789473684	90.0769230769	220.666666667	146.3	80.0	179.3	113.1875	55.9285714286	131.615384615	221.2	132.909090909	118.6	143.5	131.0	105.090909091	196.4	237.0	116.055555556	145.111111111	91.2	110.428571429	300.5	149.75	161.2	90.5	99.0714285714	196.428571429	242.75	106.272727273	118.058823529	67.6	82.0	53.1	163.333333333	124.090909091	49.1428571429	83.8	107.857142857	111.333333333	108.5	57.1	42.8	43.5	65.1	125.125	87.1666666667	34.625	99.7692307692	60.1111111111	114.071428571	75.875	88.5	54.3	42.75
alpha_rarefaction_2000_4.txt	2000	4	199.0	352.476190476	124.9375	187.0	136.583333333	277.619047619	117.4	201.555555556	291.588235294	80.0	297.0	258.541666667	131.235294118	229.0	117.5	108.153846154	152.1	211.909090909	314.0	175.619047619	165.5	174.5	195.1	134.076923077	92.375	218.0	307.576923077	90.1111111111	289.0	227.5	279.0	194.2	162.0	185.3	81.1428571429	392.689655172	122.05	127.0	124.142857143	288.24	136.076923077	181.5	136.0	180.5	127.0	203.866666667	105.6	242.4	110.153846154	90.875	152.25	133.0	64.75	130.3	167.75	132.0	121.153846154	223.769230769	117.75	89.9090909091	210.0	222.647058824	136.666666667	161.142857143	63.375	133.076923077	127.0	164.142857143	95.1875	96.25	104.769230769	195.5	366.833333333	130.6	187.090909091	68.2	47.0	65.75	179.555555556	127.5	50.5	132.75	114.111111111	126.583333333	108.111111111	75.0	45.0	91.0	173.0	173.666666667	89.5	75.0	164.428571429	132.0	110.714285714	87.3333333333	152.25	62.375	81.0
alpha_rarefaction_2000_5.txt	2000	5	99.2142857143	368.666666667	192.0	142.15	109.066666667	220.538461538	95.4615384615	193.125	230.647058824	155.25	364.6875	261.454545455	115.0	227.0	150.909090909	173.428571429	123.8	135.875	334.25	232.555555556	155.0	115.5	131.5	119.071428571	141.0	152.473684211	319.166666667	156.1	292.055555556	207.217391304	287.0	233.769230769	161.833333333	217.038461538	165.0	354.45	133.0	325.666666667	100.428571429	251.307692308	159.0	132.428571429	117.461538462	239.0	118.153846154	224.4	96.0714285714	380.428571429	127.214285714	65.3333333333	193.157894737	123.461538462	58.5454545455	129.5	188.058823529	134.857142857	209.333333333	134.0	124.111111111	105.545454545	204.076923077	213.588235294	179.5	107.5	56.5	101.076923077	106.105263158	139.0	280.857142857	108.5	96.1428571429	150.043478261	356.368421053	88.1875	155.571428571	122.5	56.4285714286	143.0	189.176470588	132.0	70.2	71.875	114.333333333	131.5	71.6666666667	84.625	56.0	64.3333333333	60.125	200.363636364	94.8571428571	64.5	98.5454545455	42.0	126.0	190.0	90.8	73.5454545455	71.0
alpha_rarefaction_2000_6.txt	2000	6	114.666666667	392.142857143	203.111111111	129.0	143.0	236.84	125.230769231	214.647058824	242.235294118	113.6	288.055555556	306.4	106.111111111	270.789473684	228.0	120.6	120.0	173.142857143	321.103448276	240.0	121.75	107.4	125.583333333	122.176470588	123.461538462	252.090909091	344.12	98.0	296.0	230.043478261	256.666666667	214.071428571	176.666666667	340.352941176	55.9090909091	310.588235294	198.214285714	125.588235294	120.8	329.05	231.153846154	126.1	136.0	191.8	130.1	221.647058824	137.0	228.161290323	112.055555556	60.4285714286	202.666666667	88.9375	97.1428571429	163.125	254.5	101.769230769	126.5	178.461538462	132.5	93.3636363636	277.363636364	194.214285714	142.0	140.142857143	54.9090909091	144.2	106.461538462	149.111111111	146.111111111	117.125	130.0	201.0	327.666666667	94.0	145.4375	57.0	32.5454545455	82.1111111111	194.1	128.333333333	61.75	74.625	117.5	131.230769231	66.0	67.25	66.0	101.0	76.0	179.0	115.111111111	64.1428571429	114.153846154	57.0	149.333333333	89.4285714286	126.428571429	91.4285714286	45.1428571429
alpha_rarefaction_2000_7.txt	2000	7	130.5	253.545454545	117.769230769	178.0	160.833333333	254.772727273	125.090909091	209.647058824	270.0	89.6470588235	261.894736842	297.285714286	159.0	220.0	132.333333333	109.111111111	100.0	162.043478261	401.0	247.0	137.909090909	141.0	130.5	154.571428571	106.2	162.0	403.0	80.875	282.866666667	280.588235294	244.40625	190.0	169.166666667	243.636363636	78.6666666667	357.896551724	153.055555556	173.571428571	112.454545455	305.791666667	170.214285714	126.272727273	131.076923077	197.037037037	123.769230769	185.833333333	105.75	209.772727273	149.0	99.2727272727	184.0	106.0625	84.1666666667	139.0	179.5	107.333333333	119.75	120.153846154	101.6	88.9375	206.214285714	207.12	155.769230769	116.125	83.75	139.545454545	159.0	159.875	107.1875	85.9090909091	107.615384615	144.25	396.956521739	70.4375	105.473684211	82.1666666667	69.25	89.6	312.875	132.0	59.5	78.1428571429	126.0	132.5	75.0909090909	45.5	67.0	47.125	66.1111111111	172.0	78.0	62.375	142.666666667	69.0	108.461538462	85.5	90.5454545455	112.2	161.0
alpha_rarefaction_2000_8.txt	2000	8	126.583333333	376.954545455	139.75	120.157894737	293.25	303.391304348	129.0	182.875	294.0	226.0	286.176470588	178.368421053	125.090909091	254.333333333	105.6	154.333333333	121.571428571	219.117647059	309.076923077	263.0	161.0	125.666666667	175.666666667	127.882352941	106.875	203.833333333	354.136363636	81.4285714286	319.066666667	199.333333333	260.043478261	191.176470588	149.571428571	210.666666667	96.5454545455	344.5	182.071428571	116.0	114.666666667	298.076923077	193.5	167.25	146.1	181.222222222	129.125	258.058823529	114.153846154	273.125	104.333333333	68.1	249.555555556	176.333333333	78.625	131.0	175.9	160.2	115.0	139.545454545	162.0	102.545454545	202.666666667	254.0	133.647058824	138.0	53.3636363636	111.2	115.4	170.428571429	108.5	100.545454545	84.0	194.0	323.12	98.8	161.928571429	62.25	57.8571428571	86.2	197.076923077	101.8	38.0	78.5	130.1	105.909090909	76.0	36.1111111111	52.7692307692	84.2	59.875	134.25	91.0	61.375	75.7692307692	64.5	148.3	73.4615384615	128.583333333	69.0	54.0
alpha_rarefaction_2000_9.txt	2000	9	161.875	309.333333333	184.0	176.4	161.272727273	302.476190476	107.166666667	171.066666667	224.37037037	150.333333333	302.15	334.615384615	119.571428571	248.0	130.0	104.1	159.153846154	161.125	329.565217391	197.052631579	130.5	147.333333333	111.714285714	153.909090909	135.0	167.75	354.0	132.5	281.0	260.0625	258.870967742	224.2	234.0	240.541666667	78.6666666667	378.576923077	185.0	195.083333333	131.111111111	245.666666667	140.647058824	131.272727273	156.666666667	230.0	128.5	240.882352941	114.176470588	260.833333333	117.375	72.3	218.315789474	166.111111111	111.142857143	156.571428571	161.038461538	91.1111111111	106.769230769	151.066666667	119.6	103.461538462	203.4	223.526315789	142.647058824	93.3636363636	56.4285714286	137.545454545	154.545454545	164.142857143	284.25	98.8	100.333333333	161.0	254.71875	87.1111111111	195.1	44.375	81.5	58.1	242.583333333	130.333333333	43.5833333333	66.1428571429	124.111111111	123.0	66.7692307692	61.375	87.4285714286	97.1666666667	101.2	129.666666667	104.5	60.0	129.428571429	58.375	192.0	99.4285714286	87.3125	70.25	61.0