	sequences per sample	iteration	1158	450	1144	1147	1040	1020	460	757	449	1027	447	448	459	1017	1029	1033	1021	832	431	759	458	1159	1143	833	1145	1162	761	452	1019	758	432	1142	764	760	434	429	1153	1151	762	451	1160	453	1150	831	765	1016	456	1018	1032	442	1141	1022	1037	834	1031	455	461	457	454	1024	1157	1138	1156	1034	1154	1139	1038	1140	1035	1025	1039	1161	430	1028	1148	836	839	441	1152	1023	439	843	1155	1149	435	844	437	436	440	1030	763	837	766	842	1146	1026	1036	841	838
alpha_rarefaction_10_0.txt	10	0	1.0	5.0	2.0	3.0	6.0	7.0	3.0	5.0	7.0	3.0	6.0	6.0	4.0	6.0	2.0	3.0	2.0	6.0	7.0	7.0	3.0	4.0	4.0	4.0	3.0	5.0	9.0	4.0	7.0	7.0	9.0	6.0	3.0	8.0	1.0	6.0	3.0	6.0	3.0	7.0	6.0	3.0	4.0	6.0	4.0	7.0	2.0	7.0	3.0	3.0	5.0	3.0	2.0	8.0	7.0	2.0	2.0	5.0	2.0	2.0	5.0	7.0	4.0	5.0	4.0	5.0	3.0	6.0	4.0	1.0	3.0	4.0	6.0	1.0	6.0	2.0	2.0	1.0	5.0	4.0	2.0	2.0	4.0	5.0	1.0	2.0	2.0	1.0	1.0	3.0	2.0	2.0	3.0	1.0	2.0	3.0	3.0	2.0	1.0
alpha_rarefaction_10_1.txt	10	1	3.0	6.0	4.0	6.0	2.0	10.0	4.0	5.0	5.0	3.0	6.0	5.0	1.0	6.0	4.0	3.0	3.0	7.0	8.0	8.0	2.0	3.0	3.0	3.0	3.0	6.0	7.0	2.0	7.0	7.0	7.0	4.0	4.0	7.0	2.0	7.0	4.0	5.0	3.0	8.0	5.0	4.0	3.0	8.0	3.0	6.0	3.0	8.0	3.0	1.0	6.0	3.0	1.0	7.0	4.0	2.0	3.0	3.0	1.0	2.0	6.0	7.0	4.0	2.0	3.0	4.0	3.0	4.0	3.0	2.0	2.0	6.0	7.0	2.0	4.0	2.0	1.0	3.0	5.0	1.0	1.0	1.0	7.0	2.0	1.0	2.0	1.0	1.0	1.0	4.0	3.0	1.0	3.0	2.0	3.0	4.0	3.0	1.0	2.0
alpha_rarefaction_10_2.txt	10	2	4.0	8.0	3.0	4.0	1.0	6.0	4.0	4.0	6.0	4.0	7.0	9.0	2.0	8.0	2.0	3.0	2.0	6.0	6.0	8.0	3.0	4.0	5.0	7.0	2.0	5.0	7.0	3.0	7.0	6.0	5.0	6.0	2.0	7.0	3.0	7.0	4.0	3.0	1.0	5.0	4.0	2.0	2.0	5.0	5.0	8.0	3.0	6.0	4.0	4.0	7.0	1.0	2.0	7.0	7.0	4.0	5.0	3.0	2.0	3.0	6.0	8.0	4.0	4.0	4.0	5.0	3.0	7.0	7.0	1.0	2.0	5.0	6.0	1.0	4.0	1.0	1.0	1.0	4.0	1.0	1.0	1.0	5.0	3.0	1.0	3.0	1.0	2.0	1.0	4.0	1.0	2.0	4.0	1.0	2.0	4.0	2.0	1.0	2.0
alpha_rarefaction_10_3.txt	10	3	2.0	6.0	3.0	4.0	4.0	7.0	3.0	7.0	4.0	3.0	9.0	8.0	3.0	6.0	2.0	4.0	3.0	5.0	8.0	7.0	3.0	3.0	4.0	6.0	3.0	3.0	7.0	2.0	8.0	7.0	9.0	5.0	6.0	6.0	2.0	8.0	6.0	3.0	4.0	8.0	5.0	2.0	2.0	5.0	2.0	6.0	3.0	7.0	5.0	2.0	5.0	4.0	1.0	6.0	4.0	3.0	4.0	3.0	2.0	2.0	5.0	5.0	3.0	4.0	5.0	4.0	2.0	6.0	4.0	1.0	2.0	4.0	8.0	3.0	2.0	2.0	2.0	1.0	3.0	4.0	1.0	1.0	5.0	3.0	1.0	3.0	2.0	2.0	2.0	5.0	5.0	1.0	2.0	1.0	3.0	4.0	2.0	1.0	1.0
alpha_rarefaction_10_4.txt	10	4	4.0	6.0	3.0	1.0	2.0	9.0	3.0	6.0	6.0	1.0	7.0	5.0	3.0	10.0	5.0	3.0	4.0	5.0	9.0	3.0	1.0	3.0	3.0	3.0	2.0	7.0	8.0	4.0	7.0	6.0	7.0	4.0	2.0	8.0	2.0	9.0	7.0	6.0	3.0	6.0	5.0	1.0	3.0	6.0	3.0	8.0	3.0	9.0	5.0	1.0	4.0	2.0	2.0	7.0	8.0	1.0	2.0	4.0	2.0	3.0	7.0	7.0	4.0	4.0	3.0	7.0	3.0	4.0	7.0	3.0	2.0	7.0	9.0	3.0	2.0	2.0	3.0	3.0	6.0	4.0	1.0	1.0	3.0	5.0	3.0	3.0	4.0	1.0	2.0	3.0	3.0	2.0	5.0	1.0	4.0	3.0	3.0	2.0	2.0
alpha_rarefaction_10_5.txt	10	5	3.0	6.0	2.0	4.0	4.0	6.0	4.0	5.0	9.0	4.0	7.0	5.0	1.0	8.0	4.0	4.0	2.0	7.0	5.0	7.0	2.0	2.0	3.0	5.0	4.0	7.0	7.0	2.0	7.0	6.0	6.0	7.0	2.0	7.0	1.0	8.0	4.0	3.0	2.0	9.0	5.0	3.0	2.0	7.0	2.0	7.0	2.0	8.0	3.0	2.0	5.0	1.0	1.0	8.0	6.0	2.0	3.0	3.0	5.0	2.0	6.0	3.0	3.0	3.0	4.0	7.0	5.0	6.0	4.0	2.0	4.0	6.0	7.0	2.0	3.0	1.0	1.0	1.0	6.0	4.0	1.0	1.0	5.0	2.0	2.0	1.0	2.0	1.0	1.0	5.0	1.0	1.0	3.0	1.0	3.0	4.0	3.0	1.0	1.0
alpha_rarefaction_10_6.txt	10	6	2.0	7.0	3.0	3.0	2.0	9.0	3.0	4.0	5.0	3.0	7.0	6.0	4.0	8.0	1.0	5.0	4.0	3.0	6.0	6.0	2.0	4.0	3.0	4.0	3.0	5.0	9.0	2.0	7.0	6.0	7.0	3.0	4.0	9.0	2.0	8.0	4.0	4.0	4.0	6.0	3.0	3.0	4.0	7.0	2.0	9.0	3.0	5.0	5.0	2.0	4.0	4.0	1.0	5.0	4.0	4.0	4.0	2.0	4.0	2.0	3.0	8.0	4.0	3.0	3.0	8.0	3.0	4.0	4.0	3.0	3.0	6.0	8.0	3.0	3.0	1.0	1.0	3.0	5.0	2.0	1.0	2.0	6.0	3.0	4.0	1.0	2.0	1.0	2.0	4.0	1.0	2.0	3.0	2.0	2.0	2.0	4.0	1.0	1.0
alpha_rarefaction_10_7.txt	10	7	4.0	7.0	4.0	4.0	5.0	8.0	1.0	7.0	6.0	2.0	7.0	6.0	1.0	7.0	2.0	5.0	4.0	5.0	6.0	7.0	3.0	4.0	4.0	3.0	3.0	4.0	7.0	5.0	8.0	7.0	5.0	5.0	2.0	5.0	2.0	6.0	4.0	3.0	3.0	10.0	5.0	1.0	3.0	5.0	2.0	6.0	2.0	5.0	5.0	1.0	6.0	2.0	2.0	7.0	5.0	4.0	3.0	4.0	2.0	2.0	7.0	6.0	4.0	4.0	4.0	5.0	6.0	5.0	6.0	3.0	2.0	4.0	7.0	2.0	2.0	2.0	2.0	2.0	5.0	3.0	2.0	1.0	4.0	4.0	3.0	1.0	2.0	1.0	1.0	5.0	4.0	2.0	3.0	2.0	6.0	1.0	4.0	1.0	2.0
alpha_rarefaction_10_8.txt	10	8	3.0	6.0	2.0	4.0	4.0	6.0	3.0	6.0	6.0	3.0	7.0	7.0	3.0	6.0	1.0	6.0	4.0	7.0	7.0	8.0	2.0	2.0	3.0	5.0	5.0	6.0	5.0	4.0	6.0	6.0	7.0	7.0	3.0	7.0	1.0	9.0	4.0	5.0	3.0	7.0	3.0	2.0	3.0	5.0	3.0	7.0	3.0	7.0	3.0	2.0	4.0	4.0	1.0	6.0	8.0	1.0	4.0	5.0	2.0	3.0	4.0	6.0	5.0	4.0	4.0	6.0	3.0	7.0	7.0	4.0	4.0	2.0	8.0	2.0	4.0	1.0	1.0	2.0	5.0	3.0	2.0	2.0	5.0	1.0	2.0	3.0	1.0	1.0	1.0	4.0	2.0	1.0	3.0	2.0	1.0	4.0	2.0	2.0	1.0
alpha_rarefaction_10_9.txt	10	9	3.0	6.0	4.0	4.0	5.0	8.0	2.0	9.0	4.0	3.0	7.0	9.0	2.0	9.0	3.0	5.0	4.0	7.0	9.0	9.0	4.0	4.0	3.0	7.0	5.0	6.0	5.0	2.0	8.0	6.0	8.0	5.0	3.0	7.0	2.0	8.0	4.0	2.0	4.0	6.0	3.0	3.0	2.0	6.0	3.0	8.0	3.0	6.0	4.0	4.0	5.0	3.0	3.0	7.0	5.0	2.0	3.0	2.0	4.0	2.0	6.0	8.0	3.0	5.0	3.0	6.0	4.0	6.0	6.0	3.0	3.0	3.0	7.0	4.0	3.0	1.0	2.0	1.0	4.0	1.0	3.0	1.0	4.0	3.0	1.0	1.0	1.0	1.0	2.0	2.0	3.0	2.0	3.0	2.0	2.0	2.0	2.0	1.0	1.0
alpha_rarefaction_209_0.txt	209	0	22.0	36.0	19.0	25.0	20.0	45.0	28.0	33.0	35.0	26.0	52.0	38.0	16.0	39.0	21.0	20.0	24.0	38.0	53.0	35.0	20.0	18.0	30.0	26.0	20.0	32.0	47.0	14.0	34.0	27.0	45.0	31.0	25.0	40.0	9.0	49.0	33.0	30.0	18.0	36.0	29.0	18.0	17.0	39.0	24.0	39.0	15.0	39.0	24.0	9.0	38.0	21.0	15.0	36.0	42.0	19.0	23.0	16.0	19.0	18.0	29.0	32.0	24.0	20.0	13.0	32.0	24.0	20.0	21.0	18.0	25.0	19.0	47.0	17.0	23.0	10.0	9.0	9.0	27.0	27.0	10.0	11.0	27.0	17.0	11.0	10.0	6.0	11.0	14.0	20.0	12.0	8.0	15.0	7.0	22.0	18.0	18.0	10.0	5.0
alpha_rarefaction_209_1.txt	209	1	18.0	48.0	22.0	30.0	26.0	41.0	17.0	36.0	41.0	20.0	40.0	41.0	21.0	39.0	20.0	24.0	19.0	32.0	43.0	32.0	23.0	24.0	21.0	25.0	25.0	31.0	41.0	19.0	43.0	32.0	46.0	39.0	13.0	38.0	10.0	61.0	26.0	25.0	23.0	48.0	26.0	16.0	22.0	32.0	26.0	37.0	18.0	42.0	23.0	9.0	33.0	24.0	9.0	34.0	23.0	14.0	23.0	20.0	16.0	15.0	36.0	42.0	26.0	18.0	17.0	24.0	26.0	23.0	27.0	18.0	20.0	27.0	47.0	14.0	19.0	10.0	7.0	9.0	24.0	19.0	15.0	9.0	32.0	24.0	10.0	10.0	10.0	9.0	10.0	23.0	12.0	12.0	18.0	5.0	17.0	20.0	16.0	7.0	17.0
alpha_rarefaction_209_2.txt	209	2	19.0	46.0	17.0	31.0	22.0	38.0	15.0	29.0	33.0	15.0	37.0	42.0	19.0	40.0	18.0	22.0	22.0	36.0	50.0	32.0	17.0	21.0	24.0	26.0	22.0	33.0	40.0	13.0	43.0	31.0	49.0	37.0	20.0	49.0	15.0	58.0	26.0	22.0	20.0	56.0	28.0	23.0	20.0	37.0	22.0	37.0	23.0	42.0	25.0	7.0	27.0	22.0	11.0	34.0	39.0	19.0	22.0	26.0	20.0	17.0	37.0	44.0	26.0	16.0	16.0	31.0	25.0	20.0	24.0	14.0	18.0	26.0	43.0	13.0	27.0	8.0	6.0	9.0	23.0	21.0	8.0	9.0	24.0	22.0	12.0	6.0	10.0	8.0	11.0	27.0	13.0	12.0	14.0	6.0	22.0	12.0	20.0	6.0	13.0
alpha_rarefaction_209_3.txt	209	3	24.0	35.0	17.0	32.0	27.0	35.0	21.0	34.0	41.0	15.0	39.0	34.0	17.0	44.0	20.0	15.0	18.0	42.0	49.0	32.0	19.0	24.0	18.0	27.0	24.0	30.0	53.0	15.0	36.0	42.0	46.0	32.0	24.0	35.0	9.0	45.0	19.0	24.0	20.0	43.0	25.0	17.0	15.0	37.0	23.0	35.0	20.0	42.0	21.0	23.0	30.0	18.0	15.0	37.0	30.0	19.0	27.0	21.0	20.0	21.0	35.0	44.0	25.0	21.0	12.0	29.0	27.0	22.0	22.0	12.0	24.0	32.0	45.0	16.0	16.0	6.0	11.0	7.0	23.0	17.0	8.0	8.0	26.0	19.0	9.0	8.0	11.0	9.0	8.0	26.0	17.0	14.0	18.0	7.0	21.0	15.0	21.0	8.0	11.0
alpha_rarefaction_209_4.txt	209	4	19.0	41.0	24.0	27.0	23.0	43.0	14.0	29.0	47.0	17.0	49.0	41.0	13.0	41.0	22.0	25.0	22.0	42.0	57.0	37.0	21.0	22.0	21.0	23.0	25.0	22.0	41.0	11.0	33.0	33.0	38.0	35.0	19.0	43.0	14.0	54.0	32.0	22.0	19.0	45.0	25.0	18.0	21.0	31.0	22.0	36.0	19.0	38.0	30.0	12.0	37.0	19.0	11.0	36.0	31.0	24.0	23.0	27.0	21.0	23.0	34.0	39.0	20.0	22.0	13.0	25.0	27.0	25.0	26.0	19.0	21.0	24.0	45.0	15.0	21.0	10.0	9.0	15.0	33.0	20.0	6.0	10.0	21.0	26.0	9.0	13.0	8.0	9.0	13.0	22.0	17.0	9.0	17.0	12.0	16.0	11.0	17.0	7.0	11.0
alpha_rarefaction_209_5.txt	209	5	23.0	51.0	18.0	26.0	24.0	39.0	13.0	28.0	36.0	22.0	32.0	38.0	26.0	41.0	18.0	22.0	22.0	40.0	54.0	37.0	18.0	17.0	23.0	27.0	22.0	34.0	45.0	21.0	40.0	37.0	47.0	32.0	27.0	39.0	10.0	56.0	21.0	24.0	20.0	46.0	30.0	22.0	20.0	34.0	22.0	43.0	16.0	40.0	25.0	10.0	35.0	19.0	15.0	35.0	38.0	17.0	21.0	31.0	22.0	16.0	32.0	42.0	30.0	19.0	12.0	32.0	23.0	19.0	23.0	20.0	23.0	27.0	41.0	20.0	23.0	8.0	8.0	7.0	30.0	18.0	6.0	11.0	24.0	20.0	16.0	9.0	9.0	8.0	11.0	20.0	12.0	10.0	16.0	10.0	22.0	19.0	19.0	12.0	10.0
alpha_rarefaction_209_6.txt	209	6	20.0	42.0	18.0	27.0	22.0	39.0	14.0	31.0	33.0	19.0	43.0	38.0	20.0	47.0	17.0	22.0	23.0	36.0	55.0	33.0	21.0	17.0	24.0	29.0	18.0	27.0	48.0	12.0	36.0	38.0	53.0	27.0	24.0	29.0	11.0	56.0	23.0	26.0	21.0	46.0	26.0	23.0	21.0	34.0	21.0	41.0	26.0	42.0	23.0	9.0	29.0	27.0	13.0	31.0	38.0	24.0	24.0	22.0	21.0	19.0	27.0	38.0	24.0	16.0	12.0	27.0	21.0	19.0	20.0	12.0	19.0	31.0	50.0	17.0	26.0	13.0	8.0	13.0	31.0	15.0	7.0	9.0	19.0	18.0	9.0	7.0	9.0	15.0	10.0	24.0	16.0	12.0	24.0	12.0	22.0	14.0	23.0	7.0	8.0
alpha_rarefaction_209_7.txt	209	7	13.0	43.0	17.0	26.0	27.0	44.0	15.0	39.0	39.0	19.0	41.0	38.0	17.0	42.0	21.0	28.0	20.0	40.0	47.0	34.0	16.0	22.0	20.0	30.0	24.0	38.0	42.0	18.0	38.0	32.0	56.0	30.0	20.0	32.0	8.0	52.0	25.0	30.0	19.0	48.0	30.0	18.0	15.0	29.0	23.0	40.0	21.0	45.0	18.0	9.0	29.0	29.0	13.0	34.0	28.0	20.0	22.0	19.0	17.0	17.0	38.0	40.0	25.0	19.0	12.0	25.0	21.0	17.0	27.0	21.0	22.0	25.0	48.0	16.0	25.0	8.0	6.0	9.0	28.0	19.0	7.0	12.0	26.0	21.0	14.0	6.0	11.0	13.0	10.0	21.0	14.0	11.0	16.0	9.0	25.0	17.0	16.0	9.0	6.0
alpha_rarefaction_209_8.txt	209	8	18.0	46.0	22.0	34.0	19.0	43.0	19.0	27.0	41.0	24.0	39.0	43.0	19.0	39.0	25.0	17.0	21.0	35.0	53.0	37.0	16.0	21.0	23.0	30.0	21.0	37.0	41.0	10.0	38.0	31.0	42.0	29.0	22.0	36.0	10.0	56.0	26.0	23.0	16.0	48.0	32.0	23.0	21.0	35.0	25.0	35.0	13.0	42.0	29.0	11.0	37.0	19.0	12.0	36.0	31.0	15.0	30.0	20.0	21.0	16.0	31.0	36.0	23.0	21.0	12.0	27.0	28.0	22.0	23.0	16.0	21.0	32.0	43.0	9.0	31.0	6.0	10.0	10.0	28.0	17.0	10.0	14.0	23.0	23.0	8.0	11.0	9.0	12.0	13.0	18.0	13.0	12.0	17.0	8.0	16.0	14.0	20.0	7.0	11.0
alpha_rarefaction_209_9.txt	209	9	23.0	38.0	23.0	25.0	20.0	38.0	16.0	27.0	36.0	24.0	47.0	40.0	19.0	40.0	21.0	22.0	17.0	40.0	50.0	27.0	18.0	23.0	22.0	29.0	21.0	32.0	52.0	15.0	36.0	37.0	45.0	32.0	24.0	39.0	9.0	54.0	24.0	23.0	17.0	38.0	32.0	18.0	21.0	29.0	24.0	33.0	16.0	35.0	24.0	9.0	35.0	18.0	12.0	37.0	39.0	20.0	25.0	21.0	18.0	21.0	32.0	41.0	25.0	19.0	11.0	28.0	20.0	21.0	26.0	19.0	16.0	24.0	42.0	17.0	24.0	10.0	8.0	7.0	36.0	21.0	11.0	11.0	25.0	19.0	10.0	6.0	9.0	7.0	12.0	23.0	16.0	10.0	17.0	4.0	23.0	14.0	20.0	6.0	11.0
alpha_rarefaction_408_0.txt	408	0	29.0	58.0	36.0	43.0	34.0	57.0	33.0	39.0	66.0	21.0	64.0	70.0	25.0	63.0	34.0	33.0	27.0	49.0	75.0	52.0	40.0	31.0	36.0	37.0	27.0	45.0	66.0	25.0	62.0	55.0	71.0	48.0	25.0	45.0	18.0	86.0	37.0	40.0	26.0	77.0	48.0	32.0	27.0	53.0	25.0	51.0	29.0	63.0	33.0	18.0	46.0	33.0	18.0	53.0	49.0	29.0	31.0	37.0	35.0	29.0	40.0	62.0	36.0	33.0	17.0	33.0	34.0	35.0	31.0	37.0	33.0	47.0	72.0	27.0	38.0	10.0	12.0	11.0	40.0	31.0	13.0	13.0	34.0	29.0	13.0	12.0	12.0	15.0	18.0	36.0	27.0	14.0	34.0	14.0	36.0	26.0	24.0	13.0	19.0
alpha_rarefaction_408_1.txt	408	1	34.0	71.0	38.0	46.0	34.0	57.0	30.0	43.0	64.0	30.0	61.0	63.0	30.0	55.0	30.0	29.0	30.0	50.0	85.0	58.0	31.0	30.0	37.0	45.0	37.0	39.0	66.0	24.0	64.0	45.0	68.0	52.0	29.0	48.0	16.0	87.0	37.0	36.0	31.0	67.0	38.0	29.0	24.0	52.0	35.0	49.0	22.0	58.0	35.0	16.0	51.0	30.0	16.0	48.0	48.0	26.0	35.0	41.0	24.0	28.0	49.0	60.0	37.0	24.0	15.0	29.0	30.0	31.0	28.0	29.0	27.0	45.0	74.0	24.0	44.0	9.0	19.0	19.0	43.0	29.0	10.0	18.0	38.0	36.0	14.0	14.0	16.0	15.0	23.0	34.0	24.0	17.0	25.0	11.0	30.0	22.0	25.0	16.0	12.0
alpha_rarefaction_408_2.txt	408	2	27.0	68.0	31.0	40.0	37.0	75.0	29.0	47.0	70.0	30.0	62.0	56.0	26.0	54.0	32.0	31.0	31.0	51.0	73.0	48.0	35.0	30.0	25.0	41.0	27.0	44.0	67.0	24.0	62.0	54.0	70.0	50.0	30.0	55.0	16.0	87.0	38.0	45.0	22.0	70.0	43.0	33.0	27.0	53.0	33.0	52.0	25.0	60.0	35.0	19.0	55.0	28.0	16.0	50.0	55.0	30.0	45.0	25.0	27.0	28.0	51.0	55.0	33.0	28.0	17.0	41.0	38.0	36.0	31.0	26.0	25.0	46.0	68.0	34.0	43.0	11.0	12.0	13.0	42.0	28.0	11.0	19.0	37.0	31.0	16.0	13.0	13.0	18.0	18.0	32.0	20.0	13.0	28.0	10.0	32.0	23.0	27.0	14.0	16.0
alpha_rarefaction_408_3.txt	408	3	28.0	73.0	28.0	39.0	37.0	63.0	26.0	43.0	62.0	29.0	63.0	61.0	35.0	67.0	30.0	32.0	28.0	50.0	82.0	43.0	31.0	29.0	39.0	40.0	30.0	43.0	62.0	25.0	66.0	58.0	75.0	45.0	34.0	59.0	21.0	71.0	39.0	35.0	27.0	59.0	36.0	29.0	31.0	48.0	36.0	59.0	33.0	65.0	38.0	20.0	48.0	27.0	17.0	48.0	44.0	21.0	36.0	34.0	25.0	24.0	48.0	56.0	40.0	21.0	19.0	37.0	39.0	41.0	30.0	31.0	24.0	49.0	71.0	26.0	42.0	13.0	14.0	16.0	39.0	35.0	15.0	11.0	26.0	28.0	16.0	13.0	13.0	12.0	24.0	43.0	18.0	8.0	26.0	14.0	38.0	15.0	37.0	15.0	15.0
alpha_rarefaction_408_4.txt	408	4	31.0	68.0	34.0	42.0	48.0	53.0	27.0	41.0	57.0	26.0	70.0	53.0	28.0	72.0	27.0	28.0	37.0	48.0	75.0	47.0	32.0	27.0	34.0	41.0	34.0	50.0	68.0	24.0	51.0	41.0	60.0	38.0	31.0	54.0	22.0	80.0	43.0	41.0	29.0	65.0	48.0	29.0	34.0	51.0	27.0	51.0	30.0	64.0	32.0	17.0	49.0	30.0	20.0	50.0	43.0	31.0	34.0	35.0	29.0	26.0	41.0	47.0	38.0	34.0	19.0	34.0	38.0	30.0	29.0	26.0	35.0	39.0	82.0	32.0	37.0	14.0	14.0	19.0	42.0	31.0	13.0	16.0	33.0	31.0	21.0	15.0	12.0	16.0	16.0	29.0	22.0	15.0	25.0	16.0	36.0	24.0	24.0	13.0	17.0
alpha_rarefaction_408_5.txt	408	5	32.0	68.0	36.0	40.0	45.0	62.0	26.0	49.0	61.0	34.0	53.0	61.0	31.0	66.0	31.0	34.0	26.0	54.0	77.0	43.0	29.0	30.0	32.0	37.0	29.0	42.0	69.0	24.0	55.0	52.0	74.0	50.0	36.0	56.0	23.0	76.0	37.0	38.0	32.0	68.0	44.0	34.0	27.0	49.0	38.0	58.0	26.0	56.0	37.0	19.0	51.0	23.0	18.0	49.0	47.0	36.0	32.0	33.0	32.0	24.0	51.0	49.0	41.0	22.0	22.0	39.0	34.0	30.0	32.0	23.0	31.0	44.0	60.0	32.0	42.0	15.0	17.0	15.0	42.0	32.0	12.0	13.0	38.0	31.0	21.0	13.0	18.0	16.0	21.0	39.0	26.0	7.0	24.0	14.0	36.0	20.0	25.0	17.0	21.0
alpha_rarefaction_408_6.txt	408	6	32.0	67.0	34.0	42.0	33.0	62.0	29.0	43.0	65.0	27.0	60.0	58.0	24.0	66.0	30.0	33.0	31.0	49.0	73.0	49.0	30.0	31.0	33.0	35.0	34.0	36.0	62.0	23.0	58.0	47.0	74.0	42.0	37.0	66.0	21.0	80.0	39.0	31.0	30.0	75.0	40.0	29.0	23.0	54.0	34.0	59.0	26.0	50.0	35.0	16.0	47.0	29.0	15.0	49.0	39.0	26.0	34.0	34.0	29.0	28.0	41.0	48.0	40.0	29.0	15.0	34.0	37.0	31.0	28.0	22.0	30.0	43.0	60.0	28.0	37.0	10.0	12.0	17.0	37.0	26.0	10.0	17.0	29.0	31.0	20.0	15.0	13.0	14.0	21.0	33.0	21.0	17.0	27.0	13.0	34.0	29.0	25.0	17.0	18.0
alpha_rarefaction_408_7.txt	408	7	32.0	66.0	36.0	49.0	28.0	62.0	31.0	43.0	56.0	27.0	55.0	59.0	32.0	62.0	28.0	31.0	27.0	52.0	76.0	45.0	33.0	33.0	35.0	36.0	30.0	41.0	63.0	24.0	60.0	55.0	66.0	51.0	33.0	59.0	24.0	87.0	42.0	27.0	28.0	67.0	38.0	31.0	28.0	47.0	30.0	58.0	23.0	55.0	33.0	14.0	47.0	27.0	14.0	46.0	44.0	29.0	29.0	37.0	29.0	28.0	40.0	52.0	36.0	21.0	20.0	38.0	38.0	35.0	24.0	27.0	34.0	47.0	72.0	24.0	42.0	8.0	17.0	15.0	39.0	29.0	17.0	18.0	30.0	26.0	21.0	15.0	17.0	16.0	19.0	31.0	19.0	13.0	28.0	17.0	29.0	27.0	27.0	16.0	13.0
alpha_rarefaction_408_8.txt	408	8	26.0	56.0	26.0	40.0	34.0	61.0	24.0	42.0	74.0	27.0	64.0	51.0	31.0	63.0	27.0	30.0	28.0	60.0	81.0	54.0	20.0	32.0	33.0	35.0	33.0	43.0	66.0	28.0	62.0	48.0	66.0	46.0	36.0	59.0	18.0	72.0	37.0	32.0	29.0	77.0	46.0	30.0	32.0	52.0	34.0	54.0	30.0	68.0	40.0	22.0	55.0	31.0	21.0	46.0	41.0	27.0	31.0	41.0	34.0	29.0	47.0	57.0	35.0	26.0	18.0	39.0	28.0	26.0	29.0	21.0	24.0	40.0	75.0	22.0	34.0	14.0	17.0	20.0	40.0	29.0	12.0	17.0	31.0	33.0	12.0	17.0	10.0	17.0	12.0	38.0	16.0	18.0	25.0	14.0	33.0	23.0	27.0	14.0	18.0
alpha_rarefaction_408_9.txt	408	9	23.0	64.0	43.0	46.0	32.0	61.0	20.0	44.0	63.0	31.0	66.0	48.0	33.0	58.0	33.0	38.0	26.0	43.0	77.0	47.0	27.0	26.0	31.0	36.0	26.0	43.0	63.0	28.0	64.0	45.0	72.0	40.0	36.0	59.0	22.0	87.0	33.0	38.0	32.0	65.0	38.0	34.0	32.0	44.0	42.0	50.0	28.0	58.0	37.0	18.0	48.0	35.0	17.0	56.0	45.0	29.0	35.0	34.0	34.0	22.0	46.0	47.0	36.0	32.0	23.0	37.0	31.0	29.0	33.0	23.0	34.0	36.0	72.0	22.0	35.0	12.0	8.0	10.0	46.0	26.0	15.0	16.0	39.0	36.0	15.0	17.0	11.0	15.0	20.0	30.0	24.0	13.0	24.0	15.0	43.0	24.0	25.0	14.0	16.0
alpha_rarefaction_607_0.txt	607	0	39.0	93.0	39.0	51.0	45.0	74.0	38.0	50.0	74.0	27.0	81.0	71.0	30.0	76.0	33.0	42.0	32.0	61.0	87.0	53.0	41.0	35.0	36.0	50.0	40.0	51.0	80.0	35.0	80.0	67.0	92.0	61.0	39.0	71.0	19.0	101.0	45.0	48.0	34.0	83.0	50.0	40.0	33.0	57.0	39.0	63.0	40.0	65.0	43.0	18.0	59.0	34.0	25.0	54.0	61.0	33.0	37.0	43.0	35.0	34.0	70.0	73.0	42.0	31.0	22.0	43.0	43.0	41.0	44.0	30.0	39.0	55.0	89.0	34.0	48.0	16.0	18.0	20.0	49.0	37.0	20.0	21.0	37.0	33.0	23.0	19.0	15.0	23.0	25.0	39.0	29.0	17.0	36.0	16.0	39.0	28.0	33.0	16.0	23.0
alpha_rarefaction_607_1.txt	607	1	43.0	87.0	37.0	50.0	41.0	76.0	42.0	59.0	78.0	35.0	69.0	73.0	35.0	68.0	38.0	36.0	40.0	56.0	100.0	62.0	36.0	40.0	46.0	46.0	40.0	55.0	92.0	35.0	74.0	64.0	92.0	52.0	40.0	59.0	26.0	108.0	45.0	48.0	40.0	83.0	53.0	41.0	40.0	67.0	41.0	71.0	35.0	69.0	37.0	23.0	65.0	37.0	22.0	56.0	67.0	34.0	40.0	48.0	35.0	31.0	50.0	61.0	47.0	29.0	16.0	50.0	42.0	42.0	37.0	29.0	35.0	52.0	77.0	34.0	46.0	17.0	16.0	19.0	54.0	36.0	17.0	24.0	48.0	40.0	30.0	20.0	13.0	16.0	19.0	39.0	28.0	25.0	31.0	15.0	45.0	29.0	30.0	19.0	23.0
alpha_rarefaction_607_2.txt	607	2	42.0	80.0	41.0	60.0	51.0	89.0	29.0	58.0	74.0	30.0	68.0	78.0	42.0	78.0	41.0	39.0	32.0	59.0	103.0	60.0	39.0	35.0	49.0	50.0	39.0	51.0	94.0	31.0	69.0	66.0	93.0	53.0	39.0	65.0	29.0	110.0	36.0	41.0	36.0	87.0	57.0	39.0	38.0	71.0	44.0	66.0	34.0	74.0	45.0	23.0	56.0	37.0	22.0	60.0	54.0	34.0	48.0	46.0	27.0	34.0	59.0	70.0	46.0	32.0	21.0	42.0	36.0	35.0	34.0	33.0	38.0	47.0	81.0	31.0	48.0	20.0	20.0	23.0	51.0	28.0	24.0	17.0	39.0	36.0	26.0	23.0	20.0	15.0	19.0	38.0	29.0	16.0	38.0	16.0	45.0	30.0	30.0	23.0	24.0
alpha_rarefaction_607_3.txt	607	3	39.0	85.0	40.0	55.0	39.0	72.0	36.0	43.0	74.0	35.0	80.0	72.0	40.0	88.0	38.0	38.0	37.0	68.0	82.0	66.0	40.0	39.0	46.0	47.0	50.0	50.0	87.0	25.0	81.0	65.0	86.0	56.0	45.0	67.0	27.0	96.0	37.0	37.0	30.0	88.0	50.0	47.0	32.0	59.0	40.0	70.0	35.0	71.0	46.0	14.0	66.0	35.0	27.0	58.0	66.0	38.0	46.0	47.0	37.0	36.0	71.0	70.0	46.0	29.0	25.0	42.0	46.0	40.0	37.0	27.0	45.0	60.0	89.0	34.0	49.0	20.0	16.0	21.0	52.0	39.0	20.0	19.0	37.0	40.0	26.0	15.0	23.0	20.0	26.0	42.0	24.0	14.0	28.0	20.0	45.0	26.0	40.0	18.0	17.0
alpha_rarefaction_607_4.txt	607	4	40.0	81.0	40.0	57.0	35.0	72.0	33.0	49.0	61.0	34.0	80.0	68.0	33.0	69.0	33.0	38.0	37.0	61.0	95.0	51.0	38.0	41.0	48.0	46.0	33.0	54.0	79.0	33.0	75.0	65.0	82.0	57.0	43.0	68.0	26.0	103.0	49.0	48.0	38.0	83.0	50.0	39.0	40.0	55.0	34.0	60.0	34.0	84.0	41.0	27.0	57.0	43.0	25.0	53.0	56.0	41.0	41.0	46.0	47.0	36.0	56.0	64.0	44.0	33.0	26.0	48.0	43.0	36.0	36.0	33.0	38.0	59.0	80.0	32.0	41.0	17.0	22.0	17.0	54.0	41.0	17.0	18.0	33.0	43.0	26.0	12.0	21.0	21.0	24.0	44.0	25.0	19.0	39.0	21.0	40.0	23.0	41.0	18.0	21.0
alpha_rarefaction_607_5.txt	607	5	39.0	87.0	41.0	50.0	43.0	69.0	39.0	59.0	75.0	40.0	82.0	68.0	39.0	78.0	36.0	37.0	44.0	55.0	104.0	67.0	45.0	38.0	42.0	38.0	35.0	44.0	87.0	36.0	73.0	58.0	87.0	58.0	42.0	77.0	21.0	96.0	47.0	39.0	31.0	78.0	54.0	40.0	33.0	60.0	40.0	76.0	28.0	69.0	33.0	24.0	53.0	36.0	22.0	58.0	51.0	30.0	36.0	44.0	30.0	34.0	59.0	63.0	43.0	30.0	22.0	44.0	47.0	42.0	41.0	25.0	40.0	47.0	96.0	34.0	53.0	16.0	14.0	20.0	47.0	36.0	15.0	18.0	40.0	47.0	26.0	23.0	18.0	18.0	19.0	41.0	24.0	19.0	35.0	17.0	42.0	27.0	34.0	23.0	22.0
alpha_rarefaction_607_6.txt	607	6	37.0	89.0	43.0	49.0	43.0	87.0	39.0	57.0	80.0	36.0	78.0	66.0	34.0	70.0	40.0	39.0	40.0	76.0	102.0	60.0	41.0	37.0	36.0	43.0	39.0	53.0	93.0	29.0	63.0	66.0	91.0	53.0	43.0	74.0	18.0	103.0	51.0	54.0	37.0	75.0	49.0	36.0	40.0	62.0	40.0	76.0	38.0	77.0	45.0	20.0	58.0	37.0	19.0	59.0	57.0	43.0	45.0	40.0	43.0	36.0	61.0	76.0	50.0	25.0	22.0	39.0	39.0	40.0	34.0	36.0	37.0	44.0	81.0	28.0	52.0	19.0	18.0	19.0	47.0	39.0	17.0	17.0	45.0	38.0	24.0	21.0	20.0	22.0	19.0	45.0	28.0	21.0	31.0	23.0	37.0	27.0	36.0	17.0	20.0
alpha_rarefaction_607_7.txt	607	7	37.0	77.0	42.0	51.0	37.0	85.0	36.0	63.0	71.0	30.0	81.0	71.0	38.0	83.0	39.0	41.0	41.0	70.0	106.0	64.0	45.0	34.0	38.0	49.0	35.0	56.0	84.0	30.0	74.0	70.0	92.0	53.0	39.0	72.0	21.0	91.0	46.0	44.0	30.0	85.0	52.0	41.0	36.0	59.0	40.0	55.0	38.0	77.0	41.0	19.0	66.0	38.0	18.0	55.0	55.0	35.0	45.0	48.0	40.0	39.0	61.0	64.0	49.0	37.0	23.0	42.0	48.0	39.0	33.0	29.0	38.0	52.0	76.0	31.0	49.0	18.0	17.0	25.0	46.0	34.0	15.0	22.0	44.0	49.0	23.0	19.0	16.0	20.0	23.0	50.0	24.0	17.0	34.0	18.0	38.0	36.0	32.0	23.0	27.0
alpha_rarefaction_607_8.txt	607	8	38.0	76.0	34.0	49.0	42.0	83.0	42.0	52.0	68.0	32.0	74.0	75.0	37.0	63.0	43.0	45.0	31.0	53.0	97.0	50.0	43.0	38.0	40.0	54.0	31.0	59.0	83.0	41.0	78.0	66.0	70.0	55.0	35.0	69.0	27.0	111.0	41.0	43.0	33.0	84.0	62.0	39.0	38.0	70.0	45.0	61.0	31.0	79.0	41.0	25.0	64.0	34.0	21.0	59.0	60.0	41.0	45.0	44.0	36.0	41.0	57.0	53.0	38.0	36.0	23.0	46.0	42.0	34.0	39.0	36.0	34.0	65.0	87.0	38.0	50.0	11.0	21.0	19.0	57.0	36.0	18.0	18.0	41.0	47.0	21.0	15.0	19.0	18.0	24.0	40.0	21.0	17.0	29.0	13.0	39.0	25.0	29.0	25.0	22.0
alpha_rarefaction_607_9.txt	607	9	38.0	84.0	46.0	54.0	50.0	78.0	34.0	66.0	69.0	33.0	77.0	73.0	32.0	69.0	36.0	39.0	34.0	64.0	107.0	51.0	31.0	35.0	44.0	44.0	39.0	59.0	78.0	26.0	72.0	66.0	87.0	57.0	40.0	62.0	22.0	114.0	50.0	52.0	33.0	83.0	56.0	46.0	39.0	62.0	35.0	65.0	42.0	89.0	44.0	17.0	60.0	32.0	24.0	58.0	57.0	42.0	38.0	41.0	38.0	38.0	57.0	67.0	45.0	35.0	21.0	48.0	47.0	34.0	39.0	29.0	42.0	47.0	92.0	40.0	46.0	16.0	16.0	26.0	42.0	33.0	15.0	21.0	35.0	50.0	22.0	21.0	22.0	23.0	24.0	40.0	23.0	16.0	36.0	19.0	40.0	33.0	26.0	18.0	24.0
alpha_rarefaction_806_0.txt	806	0	48.0	102.0	47.0	68.0	58.0	81.0	44.0	69.0	86.0	48.0	89.0	78.0	46.0	88.0	51.0	46.0	42.0	71.0	114.0	64.0	43.0	40.0	47.0	48.0	44.0	58.0	96.0	41.0	92.0	69.0	96.0	68.0	53.0	85.0	27.0	119.0	58.0	52.0	43.0	97.0	54.0	47.0	50.0	74.0	55.0	71.0	39.0	91.0	48.0	29.0	75.0	48.0	23.0	73.0	65.0	44.0	40.0	44.0	42.0	42.0	71.0	69.0	53.0	37.0	28.0	49.0	51.0	44.0	44.0	39.0	36.0	63.0	97.0	39.0	58.0	22.0	26.0	23.0	57.0	43.0	19.0	25.0	47.0	52.0	27.0	22.0	25.0	19.0	26.0	48.0	31.0	19.0	40.0	19.0	45.0	30.0	49.0	22.0	22.0
alpha_rarefaction_806_1.txt	806	1	48.0	100.0	55.0	59.0	59.0	92.0	41.0	63.0	78.0	39.0	92.0	82.0	53.0	93.0	46.0	42.0	45.0	75.0	105.0	79.0	48.0	37.0	46.0	52.0	48.0	73.0	101.0	44.0	84.0	83.0	101.0	63.0	49.0	89.0	30.0	117.0	54.0	54.0	36.0	97.0	54.0	48.0	43.0	76.0	49.0	94.0	43.0	83.0	50.0	28.0	75.0	46.0	27.0	69.0	62.0	39.0	51.0	53.0	45.0	38.0	63.0	74.0	50.0	41.0	24.0	46.0	54.0	49.0	39.0	42.0	43.0	56.0	108.0	37.0	55.0	22.0	22.0	32.0	55.0	42.0	21.0	23.0	45.0	49.0	25.0	24.0	21.0	19.0	24.0	43.0	26.0	20.0	41.0	27.0	56.0	38.0	41.0	24.0	24.0
alpha_rarefaction_806_2.txt	806	2	45.0	106.0	62.0	58.0	51.0	93.0	34.0	63.0	86.0	43.0	83.0	88.0	47.0	76.0	44.0	43.0	41.0	72.0	123.0	75.0	43.0	44.0	50.0	63.0	56.0	63.0	89.0	32.0	98.0	79.0	105.0	66.0	45.0	84.0	29.0	118.0	58.0	49.0	43.0	97.0	55.0	51.0	38.0	81.0	39.0	70.0	39.0	90.0	55.0	27.0	68.0	43.0	25.0	64.0	62.0	42.0	46.0	52.0	39.0	34.0	70.0	65.0	52.0	40.0	23.0	50.0	51.0	46.0	41.0	38.0	41.0	59.0	93.0	41.0	58.0	20.0	24.0	22.0	61.0	36.0	19.0	21.0	39.0	45.0	20.0	25.0	19.0	29.0	24.0	53.0	31.0	20.0	44.0	21.0	45.0	27.0	45.0	25.0	24.0
alpha_rarefaction_806_3.txt	806	3	39.0	92.0	48.0	61.0	43.0	98.0	51.0	60.0	94.0	46.0	88.0	89.0	43.0	73.0	46.0	48.0	39.0	73.0	111.0	68.0	46.0	41.0	62.0	56.0	43.0	62.0	103.0	33.0	77.0	87.0	97.0	61.0	44.0	96.0	22.0	118.0	58.0	54.0	40.0	98.0	56.0	40.0	39.0	71.0	48.0	86.0	50.0	84.0	48.0	23.0	66.0	47.0	31.0	62.0	71.0	35.0	51.0	60.0	41.0	39.0	65.0	83.0	52.0	43.0	27.0	47.0	45.0	46.0	43.0	39.0	34.0	51.0	108.0	35.0	47.0	20.0	19.0	27.0	50.0	48.0	23.0	25.0	48.0	42.0	30.0	21.0	23.0	22.0	28.0	46.0	31.0	21.0	34.0	21.0	49.0	32.0	42.0	18.0	28.0
alpha_rarefaction_806_4.txt	806	4	46.0	97.0	50.0	52.0	47.0	93.0	37.0	63.0	91.0	43.0	95.0	91.0	43.0	82.0	47.0	42.0	41.0	72.0	110.0	70.0	44.0	39.0	49.0	56.0	55.0	66.0	106.0	37.0	94.0	86.0	109.0	67.0	49.0	80.0	30.0	120.0	59.0	53.0	51.0	99.0	59.0	47.0	36.0	61.0	50.0	80.0	42.0	86.0	52.0	30.0	63.0	49.0	28.0	70.0	63.0	40.0	42.0	50.0	46.0	46.0	71.0	72.0	49.0	37.0	25.0	49.0	56.0	45.0	47.0	39.0	48.0	60.0	107.0	41.0	55.0	21.0	22.0	28.0	61.0	39.0	23.0	19.0	52.0	36.0	28.0	21.0	15.0	31.0	27.0	44.0	27.0	22.0	33.0	25.0	42.0	33.0	48.0	25.0	28.0
alpha_rarefaction_806_5.txt	806	5	47.0	104.0	47.0	59.0	50.0	91.0	45.0	54.0	89.0	43.0	90.0	81.0	38.0	88.0	49.0	43.0	45.0	69.0	116.0	71.0	38.0	43.0	44.0	53.0	38.0	63.0	92.0	34.0	78.0	75.0	106.0	64.0	43.0	85.0	29.0	125.0	47.0	49.0	39.0	97.0	56.0	52.0	38.0	69.0	50.0	70.0	36.0	88.0	46.0	26.0	69.0	36.0	31.0	76.0	78.0	46.0	47.0	53.0	46.0	40.0	66.0	85.0	50.0	36.0	27.0	50.0	42.0	45.0	42.0	40.0	49.0	63.0	95.0	32.0	55.0	23.0	25.0	25.0	63.0	46.0	22.0	22.0	47.0	48.0	32.0	20.0	19.0	24.0	25.0	55.0	34.0	30.0	40.0	21.0	44.0	31.0	43.0	18.0	25.0
alpha_rarefaction_806_6.txt	806	6	47.0	91.0	37.0	66.0	53.0	95.0	42.0	65.0	77.0	44.0	100.0	84.0	40.0	84.0	47.0	45.0	47.0	73.0	116.0	75.0	48.0	45.0	49.0	55.0	43.0	65.0	112.0	42.0	74.0	80.0	95.0	70.0	54.0	90.0	30.0	113.0	50.0	55.0	38.0	97.0	60.0	37.0	36.0	70.0	43.0	76.0	44.0	99.0	44.0	23.0	74.0	42.0	30.0	65.0	66.0	51.0	44.0	47.0	43.0	42.0	57.0	82.0	58.0	34.0	28.0	49.0	45.0	43.0	39.0	38.0	37.0	55.0	108.0	25.0	50.0	15.0	18.0	24.0	52.0	37.0	20.0	26.0	46.0	38.0	33.0	28.0	19.0	22.0	27.0	50.0	28.0	20.0	34.0	19.0	53.0	26.0	39.0	27.0	25.0
alpha_rarefaction_806_7.txt	806	7	52.0	103.0	53.0	57.0	53.0	96.0	41.0	71.0	83.0	51.0	89.0	75.0	46.0	90.0	48.0	48.0	40.0	66.0	117.0	72.0	51.0	45.0	45.0	53.0	51.0	59.0	100.0	37.0	89.0	81.0	93.0	67.0	52.0	80.0	20.0	121.0	61.0	54.0	40.0	97.0	57.0	44.0	47.0	64.0	48.0	68.0	48.0	87.0	56.0	26.0	75.0	53.0	26.0	78.0	66.0	45.0	48.0	56.0	47.0	42.0	78.0	95.0	53.0	34.0	26.0	46.0	55.0	43.0	37.0	32.0	49.0	59.0	102.0	36.0	61.0	17.0	22.0	25.0	63.0	36.0	21.0	19.0	46.0	49.0	30.0	28.0	20.0	22.0	23.0	42.0	32.0	21.0	42.0	26.0	46.0	29.0	38.0	25.0	24.0
alpha_rarefaction_806_8.txt	806	8	52.0	97.0	48.0	57.0	58.0	90.0	36.0	66.0	85.0	44.0	86.0	82.0	45.0	86.0	49.0	49.0	38.0	73.0	102.0	68.0	44.0	51.0	43.0	55.0	40.0	62.0	96.0	37.0	87.0	83.0	100.0	65.0	61.0	74.0	36.0	120.0	54.0	57.0	46.0	102.0	56.0	43.0	36.0	73.0	42.0	79.0	45.0	83.0	53.0	28.0	74.0	44.0	27.0	66.0	74.0	44.0	50.0	52.0	34.0	33.0	71.0	74.0	46.0	39.0	27.0	53.0	48.0	44.0	46.0	39.0	45.0	56.0	102.0	43.0	56.0	23.0	22.0	23.0	72.0	37.0	18.0	26.0	51.0	48.0	33.0	25.0	20.0	19.0	25.0	46.0	29.0	28.0	39.0	18.0	47.0	34.0	43.0	16.0	23.0
alpha_rarefaction_806_9.txt	806	9	43.0	103.0	48.0	59.0	52.0	95.0	39.0	62.0	90.0	45.0	87.0	93.0	43.0	86.0	38.0	48.0	37.0	65.0	114.0	76.0	50.0	49.0	52.0	53.0	50.0	70.0	101.0	37.0	86.0	79.0	104.0	67.0	52.0	77.0	27.0	118.0	58.0	50.0	48.0	84.0	58.0	35.0	49.0	63.0	55.0	77.0	39.0	93.0	52.0	31.0	77.0	43.0	31.0	66.0	72.0	44.0	55.0	55.0	49.0	48.0	66.0	78.0	53.0	36.0	27.0	48.0	47.0	49.0	42.0	38.0	37.0	57.0	92.0	40.0	60.0	24.0	20.0	22.0	61.0	41.0	21.0	20.0	49.0	49.0	27.0	27.0	27.0	22.0	32.0	50.0	26.0	26.0	39.0	21.0	51.0	34.0	47.0	22.0	21.0
alpha_rarefaction_1005_0.txt	1005	0	55.0	112.0	66.0	64.0	59.0	97.0	45.0	75.0	91.0	45.0	99.0	92.0	51.0	104.0	49.0	53.0	44.0	73.0	113.0	73.0	51.0	48.0	61.0	58.0	55.0	73.0	110.0	41.0	101.0	96.0	113.0	72.0	56.0	103.0	40.0	132.0	70.0	63.0	46.0	103.0	63.0	56.0	49.0	91.0	54.0	79.0	58.0	95.0	50.0	27.0	79.0	52.0	27.0	77.0	71.0	45.0	55.0	62.0	51.0	50.0	78.0	88.0	63.0	43.0	27.0	52.0	54.0	58.0	51.0	37.0	50.0	77.0	129.0	47.0	67.0	26.0	27.0	20.0	72.0	46.0	27.0	26.0	45.0	51.0	36.0	23.0	20.0	32.0	24.0	56.0	43.0	26.0	40.0	21.0	53.0	40.0	44.0	27.0	30.0
alpha_rarefaction_1005_1.txt	1005	1	51.0	114.0	54.0	58.0	66.0	102.0	37.0	68.0	88.0	43.0	104.0	98.0	43.0	102.0	50.0	51.0	52.0	74.0	128.0	80.0	58.0	46.0	59.0	57.0	48.0	78.0	114.0	38.0	90.0	81.0	111.0	69.0	56.0	96.0	31.0	138.0	66.0	56.0	49.0	114.0	63.0	47.0	53.0	74.0	57.0	89.0	42.0	85.0	54.0	27.0	77.0	51.0	29.0	82.0	77.0	44.0	54.0	61.0	44.0	51.0	86.0	74.0	61.0	37.0	35.0	50.0	53.0	45.0	48.0	32.0	44.0	69.0	103.0	39.0	68.0	26.0	28.0	29.0	65.0	40.0	23.0	30.0	56.0	50.0	37.0	27.0	28.0	28.0	30.0	53.0	31.0	28.0	46.0	23.0	55.0	35.0	41.0	26.0	26.0
alpha_rarefaction_1005_2.txt	1005	2	53.0	115.0	46.0	63.0	60.0	100.0	49.0	78.0	96.0	53.0	94.0	88.0	48.0	98.0	48.0	56.0	46.0	90.0	126.0	84.0	52.0	47.0	46.0	65.0	55.0	77.0	112.0	41.0	82.0	93.0	110.0	77.0	56.0	94.0	29.0	137.0	65.0	60.0	57.0	123.0	61.0	54.0	56.0	82.0	55.0	99.0	45.0	90.0	51.0	31.0	81.0	48.0	34.0	70.0	74.0	43.0	49.0	55.0	53.0	45.0	79.0	81.0	56.0	45.0	33.0	59.0	53.0	56.0	50.0	41.0	49.0	64.0	110.0	37.0	66.0	24.0	20.0	27.0	66.0	48.0	20.0	26.0	48.0	60.0	29.0	29.0	25.0	23.0	32.0	59.0	30.0	27.0	43.0	22.0	51.0	37.0	52.0	27.0	28.0
alpha_rarefaction_1005_3.txt	1005	3	56.0	107.0	52.0	72.0	49.0	119.0	51.0	76.0	90.0	42.0	91.0	91.0	53.0	94.0	55.0	50.0	48.0	84.0	128.0	81.0	48.0	55.0	54.0	65.0	49.0	81.0	123.0	40.0	100.0	89.0	120.0	77.0	65.0	88.0	38.0	124.0	65.0	61.0	50.0	108.0	74.0	54.0	46.0	71.0	53.0	82.0	49.0	100.0	59.0	31.0	83.0	49.0	30.0	67.0	79.0	46.0	48.0	50.0	50.0	46.0	72.0	86.0	57.0	43.0	21.0	53.0	57.0	54.0	47.0	46.0	50.0	71.0	114.0	44.0	57.0	31.0	23.0	29.0	65.0	44.0	19.0	30.0	54.0	49.0	34.0	24.0	27.0	27.0	36.0	50.0	34.0	30.0	45.0	23.0	56.0	36.0	45.0	31.0	30.0
alpha_rarefaction_1005_4.txt	1005	4	60.0	113.0	48.0	72.0	56.0	103.0	48.0	77.0	90.0	44.0	103.0	94.0	51.0	102.0	46.0	53.0	56.0	75.0	127.0	85.0	55.0	49.0	60.0	65.0	48.0	77.0	115.0	39.0	86.0	87.0	112.0	77.0	57.0	82.0	36.0	123.0	62.0	51.0	47.0	113.0	74.0	53.0	40.0	81.0	53.0	95.0	49.0	99.0	54.0	31.0	80.0	48.0	32.0	80.0	82.0	47.0	58.0	56.0	46.0	43.0	69.0	94.0	61.0	42.0	27.0	54.0	56.0	57.0	60.0	43.0	56.0	70.0	131.0	32.0	59.0	24.0	24.0	33.0	71.0	47.0	22.0	25.0	50.0	61.0	36.0	27.0	30.0	24.0	28.0	56.0	40.0	22.0	45.0	26.0	50.0	36.0	52.0	22.0	33.0
alpha_rarefaction_1005_5.txt	1005	5	54.0	114.0	49.0	61.0	57.0	96.0	43.0	76.0	90.0	54.0	94.0	84.0	46.0	99.0	49.0	55.0	45.0	77.0	120.0	86.0	54.0	50.0	51.0	58.0	53.0	68.0	108.0	39.0	92.0	88.0	114.0	80.0	52.0	92.0	38.0	140.0	61.0	68.0	47.0	118.0	74.0	62.0	50.0	85.0	54.0	85.0	52.0	92.0	56.0	34.0	81.0	48.0	37.0	67.0	76.0	44.0	57.0	59.0	53.0	41.0	77.0	93.0	54.0	42.0	25.0	54.0	52.0	51.0	48.0	42.0	50.0	59.0	104.0	42.0	68.0	22.0	16.0	28.0	71.0	52.0	29.0	37.0	49.0	50.0	31.0	28.0	26.0	27.0	33.0	55.0	39.0	29.0	37.0	26.0	55.0	37.0	41.0	23.0	29.0
alpha_rarefaction_1005_6.txt	1005	6	48.0	109.0	58.0	61.0	57.0	103.0	37.0	77.0	103.0	46.0	102.0	98.0	45.0	93.0	50.0	55.0	54.0	72.0	130.0	78.0	56.0	48.0	57.0	61.0	56.0	71.0	113.0	37.0	93.0	89.0	114.0	85.0	55.0	94.0	35.0	135.0	65.0	61.0	46.0	101.0	70.0	54.0	44.0	72.0	55.0	93.0	43.0	95.0	54.0	30.0	84.0	47.0	30.0	78.0	72.0	44.0	67.0	67.0	53.0	45.0	85.0	85.0	56.0	32.0	32.0	51.0	61.0	47.0	42.0	50.0	58.0	58.0	119.0	40.0	62.0	24.0	29.0	28.0	61.0	48.0	23.0	23.0	52.0	61.0	34.0	28.0	22.0	22.0	28.0	54.0	32.0	26.0	45.0	18.0	46.0	36.0	48.0	30.0	30.0
alpha_rarefaction_1005_7.txt	1005	7	52.0	117.0	55.0	64.0	49.0	111.0	45.0	67.0	93.0	45.0	100.0	95.0	46.0	91.0	51.0	61.0	42.0	78.0	128.0	73.0	64.0	48.0	46.0	67.0	52.0	72.0	103.0	47.0	94.0	79.0	123.0	82.0	52.0	92.0	34.0	142.0	65.0	56.0	44.0	118.0	65.0	46.0	45.0	76.0	54.0	87.0	54.0	97.0	55.0	25.0	89.0	53.0	33.0	78.0	74.0	39.0	59.0	58.0	51.0	45.0	73.0	87.0	58.0	42.0	29.0	52.0	59.0	52.0	37.0	44.0	48.0	58.0	109.0	47.0	61.0	24.0	31.0	31.0	66.0	42.0	26.0	26.0	54.0	70.0	33.0	32.0	23.0	30.0	31.0	50.0	33.0	28.0	45.0	21.0	55.0	36.0	42.0	29.0	30.0
alpha_rarefaction_1005_8.txt	1005	8	50.0	114.0	56.0	63.0	54.0	107.0	51.0	76.0	94.0	50.0	101.0	96.0	50.0	102.0	53.0	52.0	46.0	86.0	129.0	78.0	50.0	50.0	54.0	60.0	46.0	70.0	116.0	38.0	93.0	84.0	109.0	73.0	51.0	101.0	25.0	130.0	66.0	69.0	50.0	121.0	62.0	54.0	48.0	78.0	63.0	85.0	46.0	94.0	59.0	38.0	76.0	53.0	34.0	75.0	73.0	44.0	53.0	65.0	44.0	45.0	88.0	82.0	53.0	43.0	29.0	60.0	58.0	52.0	53.0	45.0	45.0	59.0	120.0	36.0	62.0	28.0	15.0	28.0	61.0	52.0	22.0	34.0	49.0	63.0	31.0	27.0	26.0	25.0	30.0	45.0	40.0	30.0	45.0	28.0	52.0	33.0	47.0	29.0	28.0
alpha_rarefaction_1005_9.txt	1005	9	61.0	104.0	60.0	68.0	66.0	110.0	41.0	71.0	95.0	56.0	109.0	92.0	48.0	99.0	54.0	56.0	55.0	84.0	130.0	74.0	58.0	49.0	47.0	63.0	52.0	64.0	114.0	39.0	86.0	84.0	111.0	79.0	55.0	86.0	35.0	136.0	60.0	66.0	42.0	107.0	64.0	51.0	51.0	85.0	57.0	82.0	47.0	100.0	43.0	29.0	81.0	49.0	32.0	79.0	75.0	46.0	52.0	62.0	48.0	58.0	83.0	84.0	58.0	46.0	26.0	54.0	55.0	50.0	43.0	43.0	45.0	62.0	106.0	38.0	67.0	24.0	30.0	27.0	69.0	41.0	22.0	25.0	51.0	54.0	33.0	26.0	27.0	20.0	25.0	58.0	31.0	27.0	43.0	25.0	54.0	38.0	45.0	24.0	32.0
alpha_rarefaction_1204_0.txt	1204	0	60.0	123.0	55.0	63.0	67.0	102.0	52.0	81.0	112.0	53.0	106.0	100.0	57.0	111.0	48.0	54.0	55.0	82.0	134.0	89.0	59.0	55.0	70.0	70.0	46.0	80.0	122.0	44.0	104.0	94.0	121.0	82.0	54.0	106.0	34.0	150.0	80.0	65.0	52.0	115.0	77.0	60.0	59.0	88.0	64.0	99.0	48.0	123.0	52.0	38.0	89.0	53.0	35.0	80.0	83.0	44.0	63.0	64.0	57.0	46.0	87.0	95.0	55.0	45.0	31.0	60.0	66.0	57.0	52.0	45.0	54.0	72.0	141.0	52.0	56.0	31.0	23.0	32.0	67.0	57.0	25.0	25.0	57.0	66.0	39.0	22.0	34.0	35.0	36.0	55.0	47.0	26.0	42.0	32.0	58.0	46.0	53.0	33.0	25.0
alpha_rarefaction_1204_1.txt	1204	1	57.0	126.0	58.0	82.0	67.0	122.0	56.0	80.0	114.0	63.0	109.0	109.0	47.0	100.0	48.0	49.0	54.0	85.0	142.0	92.0	59.0	56.0	62.0	71.0	53.0	78.0	130.0	45.0	103.0	105.0	125.0	93.0	56.0	96.0	32.0	149.0	72.0	69.0	44.0	112.0	73.0	50.0	45.0	81.0	59.0	89.0	47.0	110.0	56.0	33.0	87.0	60.0	35.0	76.0	91.0	53.0	54.0	64.0	55.0	51.0	90.0	104.0	70.0	49.0	30.0	63.0	60.0	55.0	54.0	48.0	54.0	82.0	110.0	49.0	70.0	30.0	34.0	32.0	71.0	61.0	23.0	35.0	55.0	63.0	29.0	25.0	28.0	32.0	35.0	59.0	38.0	34.0	45.0	27.0	54.0	39.0	51.0	29.0	31.0
alpha_rarefaction_1204_2.txt	1204	2	65.0	117.0	60.0	74.0	67.0	116.0	47.0	79.0	102.0	64.0	114.0	92.0	59.0	110.0	53.0	53.0	59.0	82.0	127.0	83.0	55.0	56.0	64.0	67.0	62.0	82.0	127.0	42.0	108.0	88.0	127.0	82.0	61.0	92.0	44.0	162.0	75.0	67.0	50.0	129.0	74.0	58.0	52.0	96.0	57.0	95.0	49.0	118.0	61.0	34.0	87.0	63.0	33.0	84.0	84.0	62.0	70.0	63.0	60.0	48.0	75.0	107.0	67.0	51.0	28.0	58.0	67.0	52.0	54.0	51.0	53.0	66.0	135.0	45.0	78.0	27.0	25.0	26.0	74.0	53.0	22.0	34.0	51.0	65.0	43.0	25.0	36.0	30.0	34.0	59.0	31.0	32.0	50.0	32.0	56.0	43.0	51.0	33.0	33.0
alpha_rarefaction_1204_3.txt	1204	3	51.0	116.0	60.0	69.0	63.0	113.0	47.0	92.0	94.0	52.0	111.0	103.0	53.0	108.0	58.0	56.0	54.0	89.0	132.0	83.0	56.0	57.0	64.0	79.0	63.0	80.0	123.0	42.0	105.0	93.0	118.0	88.0	59.0	103.0	40.0	146.0	69.0	65.0	54.0	118.0	63.0	50.0	52.0	85.0	56.0	81.0	47.0	113.0	60.0	24.0	91.0	50.0	31.0	75.0	88.0	42.0	57.0	66.0	57.0	52.0	89.0	98.0	61.0	48.0	25.0	59.0	63.0	55.0	56.0	41.0	56.0	78.0	126.0	48.0	67.0	29.0	27.0	39.0	73.0	58.0	27.0	31.0	52.0	71.0	40.0	38.0	24.0	31.0	40.0	62.0	38.0	23.0	48.0	26.0	62.0	32.0	48.0	25.0	32.0
alpha_rarefaction_1204_4.txt	1204	4	60.0	128.0	63.0	81.0	68.0	119.0	48.0	83.0	100.0	54.0	114.0	102.0	52.0	112.0	53.0	51.0	61.0	88.0	131.0	90.0	66.0	56.0	52.0	73.0	53.0	75.0	128.0	42.0	107.0	101.0	117.0	80.0	65.0	101.0	35.0	141.0	68.0	61.0	45.0	126.0	77.0	55.0	52.0	86.0	60.0	90.0	53.0	109.0	65.0	30.0	90.0	54.0	32.0	86.0	85.0	48.0	58.0	67.0	56.0	61.0	83.0	94.0	63.0	48.0	37.0	64.0	62.0	54.0	51.0	53.0	52.0	79.0	135.0	48.0	69.0	26.0	28.0	31.0	78.0	51.0	18.0	28.0	55.0	59.0	36.0	27.0	29.0	31.0	28.0	58.0	48.0	32.0	38.0	21.0	58.0	44.0	48.0	33.0	30.0
alpha_rarefaction_1204_5.txt	1204	5	63.0	115.0	50.0	67.0	60.0	112.0	53.0	80.0	102.0	53.0	102.0	107.0	53.0	107.0	54.0	57.0	54.0	84.0	142.0	83.0	62.0	60.0	64.0	62.0	54.0	88.0	121.0	40.0	113.0	107.0	113.0	83.0	60.0	102.0	40.0	151.0	70.0	72.0	51.0	120.0	70.0	51.0	51.0	91.0	56.0	99.0	49.0	114.0	54.0	29.0	90.0	63.0	40.0	73.0	74.0	49.0	59.0	64.0	49.0	51.0	88.0	84.0	70.0	55.0	31.0	59.0	59.0	58.0	51.0	51.0	55.0	74.0	132.0	45.0	71.0	27.0	28.0	33.0	69.0	48.0	23.0	37.0	52.0	63.0	39.0	32.0	26.0	32.0	36.0	57.0	36.0	26.0	55.0	24.0	47.0	41.0	52.0	28.0	31.0
alpha_rarefaction_1204_6.txt	1204	6	55.0	124.0	65.0	72.0	67.0	117.0	53.0	89.0	107.0	54.0	114.0	103.0	61.0	110.0	61.0	56.0	55.0	95.0	132.0	97.0	60.0	56.0	58.0	65.0	55.0	82.0	121.0	37.0	100.0	94.0	136.0	78.0	54.0	114.0	36.0	143.0	82.0	58.0	54.0	115.0	77.0	56.0	52.0	92.0	60.0	94.0	49.0	105.0	54.0	37.0	89.0	48.0	33.0	80.0	84.0	48.0	69.0	72.0	45.0	60.0	77.0	88.0	57.0	45.0	35.0	62.0	53.0	52.0	56.0	50.0	59.0	80.0	132.0	43.0	75.0	25.0	24.0	36.0	74.0	63.0	25.0	31.0	63.0	62.0	40.0	28.0	30.0	31.0	37.0	57.0	40.0	29.0	50.0	25.0	59.0	42.0	51.0	30.0	30.0
alpha_rarefaction_1204_7.txt	1204	7	51.0	123.0	61.0	75.0	61.0	117.0	52.0	82.0	111.0	52.0	111.0	101.0	51.0	113.0	59.0	56.0	45.0	80.0	150.0	80.0	58.0	59.0	59.0	67.0	56.0	75.0	115.0	51.0	117.0	95.0	124.0	84.0	63.0	122.0	37.0	154.0	70.0	62.0	56.0	123.0	82.0	55.0	49.0	88.0	64.0	96.0	51.0	102.0	71.0	30.0	82.0	50.0	33.0	72.0	89.0	49.0	67.0	64.0	58.0	48.0	87.0	85.0	65.0	44.0	32.0	67.0	60.0	57.0	58.0	51.0	54.0	69.0	123.0	46.0	69.0	34.0	31.0	36.0	74.0	57.0	28.0	35.0	58.0	65.0	37.0	22.0	30.0	36.0	41.0	53.0	41.0	32.0	41.0	29.0	57.0	42.0	51.0	27.0	36.0
alpha_rarefaction_1204_8.txt	1204	8	54.0	120.0	71.0	66.0	62.0	107.0	58.0	82.0	106.0	46.0	100.0	102.0	56.0	114.0	48.0	59.0	51.0	92.0	140.0	88.0	64.0	52.0	70.0	75.0	51.0	76.0	130.0	44.0	108.0	101.0	116.0	83.0	53.0	106.0	35.0	155.0	62.0	69.0	53.0	139.0	69.0	58.0	51.0	93.0	52.0	87.0	55.0	109.0	61.0	31.0	86.0	57.0	34.0	77.0	94.0	52.0	68.0	56.0	47.0	55.0	82.0	92.0	71.0	53.0	29.0	58.0	56.0	62.0	46.0	47.0	53.0	80.0	116.0	48.0	66.0	27.0	29.0	28.0	69.0	53.0	30.0	29.0	65.0	67.0	33.0	32.0	22.0	33.0	34.0	66.0	39.0	34.0	44.0	26.0	54.0	43.0	53.0	33.0	33.0
alpha_rarefaction_1204_9.txt	1204	9	64.0	122.0	71.0	74.0	61.0	110.0	52.0	83.0	103.0	50.0	104.0	105.0	53.0	105.0	55.0	61.0	53.0	87.0	140.0	96.0	61.0	58.0	61.0	72.0	56.0	74.0	125.0	41.0	102.0	93.0	130.0	75.0	58.0	105.0	37.0	148.0	73.0	70.0	53.0	121.0	76.0	51.0	49.0	87.0	72.0	94.0	50.0	112.0	61.0	29.0	86.0	57.0	33.0	83.0	81.0	48.0	60.0	60.0	58.0	52.0	95.0	109.0	72.0	50.0	34.0	58.0	61.0	48.0	60.0	45.0	59.0	67.0	130.0	54.0	72.0	31.0	28.0	31.0	69.0	52.0	27.0	28.0	54.0	72.0	39.0	34.0	28.0	32.0	32.0	55.0	33.0	27.0	46.0	29.0	56.0	38.0	46.0	29.0	27.0
alpha_rarefaction_1403_0.txt	1403	0	59.0	134.0	61.0	79.0	64.0	129.0	57.0	88.0	104.0	50.0	123.0	116.0	67.0	117.0	53.0	57.0	60.0	105.0	144.0	98.0	68.0	59.0	63.0	76.0	55.0	81.0	144.0	47.0	112.0	104.0	136.0	101.0	59.0	115.0	43.0	156.0	63.0	71.0	45.0	135.0	75.0	64.0	60.0	90.0	62.0	109.0	51.0	116.0	67.0	42.0	86.0	61.0	35.0	83.0	98.0	57.0	74.0	70.0	64.0	54.0	96.0	105.0	64.0	54.0	31.0	61.0	56.0	53.0	56.0	55.0	63.0	73.0	127.0	47.0	73.0	35.0	27.0	34.0	79.0	60.0	28.0	33.0	62.0	63.0	41.0	31.0	34.0	35.0	32.0	57.0	42.0	27.0	56.0	30.0	62.0	45.0	54.0	28.0	35.0
alpha_rarefaction_1403_1.txt	1403	1	64.0	125.0	60.0	75.0	76.0	127.0	56.0	78.0	113.0	60.0	124.0	110.0	64.0	115.0	64.0	56.0	58.0	100.0	148.0	100.0	56.0	59.0	61.0	71.0	54.0	91.0	136.0	43.0	111.0	105.0	128.0	104.0	62.0	116.0	35.0	166.0	78.0	72.0	58.0	131.0	79.0	55.0	58.0	95.0	63.0	109.0	51.0	122.0	61.0	36.0	100.0	61.0	33.0	78.0	102.0	60.0	60.0	69.0	63.0	50.0	91.0	97.0	67.0	53.0	34.0	57.0	78.0	65.0	48.0	60.0	54.0	73.0	135.0	49.0	72.0	29.0	33.0	35.0	75.0	58.0	30.0	32.0	57.0	73.0	39.0	30.0	32.0	32.0	41.0	70.0	40.0	33.0	51.0	27.0	70.0	46.0	58.0	33.0	36.0
alpha_rarefaction_1403_2.txt	1403	2	64.0	135.0	73.0	78.0	72.0	111.0	55.0	89.0	110.0	55.0	114.0	108.0	53.0	118.0	58.0	53.0	64.0	92.0	146.0	104.0	62.0	62.0	63.0	77.0	53.0	83.0	133.0	45.0	110.0	108.0	143.0	89.0	58.0	114.0	28.0	180.0	73.0	76.0	58.0	140.0	80.0	65.0	49.0	92.0	59.0	102.0	61.0	118.0	65.0	37.0	86.0	64.0	34.0	85.0	89.0	55.0	65.0	80.0	58.0	55.0	92.0	95.0	78.0	50.0	29.0	60.0	59.0	60.0	61.0	45.0	58.0	74.0	137.0	58.0	72.0	25.0	28.0	37.0	79.0	64.0	28.0	35.0	60.0	66.0	40.0	35.0	27.0	34.0	36.0	68.0	42.0	30.0	55.0	30.0	72.0	42.0	58.0	27.0	32.0
alpha_rarefaction_1403_3.txt	1403	3	68.0	134.0	66.0	87.0	80.0	138.0	56.0	95.0	113.0	53.0	124.0	116.0	67.0	122.0	54.0	63.0	63.0	94.0	145.0	93.0	57.0	50.0	60.0	70.0	68.0	84.0	127.0	46.0	118.0	104.0	139.0	90.0	68.0	104.0	48.0	167.0	72.0	75.0	58.0	140.0	80.0	58.0	57.0	106.0	66.0	110.0	50.0	108.0	57.0	35.0	88.0	67.0	35.0	90.0	84.0	44.0	63.0	64.0	56.0	49.0	91.0	116.0	70.0	51.0	35.0	67.0	59.0	57.0	53.0	48.0	57.0	73.0	142.0	53.0	75.0	31.0	26.0	34.0	80.0	57.0	26.0	36.0	61.0	62.0	41.0	38.0	31.0	38.0	34.0	61.0	36.0	31.0	49.0	34.0	60.0	40.0	51.0	37.0	30.0
alpha_rarefaction_1403_4.txt	1403	4	69.0	133.0	61.0	79.0	71.0	121.0	57.0	84.0	107.0	58.0	124.0	107.0	65.0	113.0	61.0	59.0	56.0	109.0	149.0	92.0	64.0	58.0	73.0	61.0	57.0	97.0	129.0	48.0	107.0	96.0	135.0	96.0	57.0	107.0	41.0	154.0	64.0	69.0	53.0	132.0	80.0	58.0	52.0	96.0	60.0	103.0	65.0	125.0	64.0	38.0	95.0	52.0	39.0	91.0	104.0	55.0	69.0	65.0	59.0	46.0	92.0	111.0	75.0	53.0	40.0	65.0	57.0	64.0	60.0	47.0	62.0	80.0	129.0	50.0	85.0	35.0	30.0	33.0	67.0	59.0	27.0	39.0	65.0	67.0	46.0	33.0	31.0	32.0	34.0	58.0	43.0	30.0	50.0	31.0	66.0	50.0	55.0	29.0	40.0
alpha_rarefaction_1403_5.txt	1403	5	62.0	126.0	59.0	77.0	69.0	119.0	56.0	89.0	115.0	55.0	122.0	107.0	59.0	116.0	60.0	62.0	58.0	94.0	154.0	96.0	60.0	66.0	71.0	70.0	60.0	91.0	133.0	50.0	120.0	101.0	130.0	85.0	66.0	107.0	45.0	165.0	79.0	74.0	61.0	122.0	73.0	57.0	54.0	107.0	67.0	115.0	50.0	104.0	65.0	37.0	98.0	60.0	40.0	84.0	103.0	52.0	66.0	69.0	54.0	49.0	100.0	100.0	67.0	48.0	33.0	71.0	72.0	63.0	61.0	50.0	53.0	76.0	147.0	48.0	76.0	31.0	25.0	36.0	85.0	54.0	27.0	31.0	64.0	67.0	42.0	38.0	30.0	37.0	34.0	56.0	45.0	27.0	46.0	26.0	62.0	45.0	61.0	33.0	34.0
alpha_rarefaction_1403_6.txt	1403	6	65.0	130.0	67.0	75.0	65.0	128.0	57.0	93.0	110.0	52.0	128.0	109.0	60.0	107.0	50.0	55.0	62.0	98.0	149.0	95.0	68.0	55.0	59.0	81.0	59.0	87.0	122.0	49.0	117.0	101.0	136.0	91.0	62.0	114.0	43.0	148.0	64.0	70.0	57.0	134.0	77.0	65.0	52.0	96.0	66.0	101.0	61.0	122.0	65.0	33.0	94.0	58.0	35.0	79.0	90.0	59.0	60.0	71.0	67.0	59.0	93.0	102.0	66.0	51.0	30.0	61.0	64.0	61.0	56.0	48.0	50.0	75.0	133.0	46.0	83.0	30.0	24.0	37.0	79.0	55.0	29.0	31.0	62.0	64.0	36.0	29.0	29.0	32.0	36.0	60.0	40.0	39.0	50.0	32.0	69.0	49.0	64.0	30.0	35.0
alpha_rarefaction_1403_7.txt	1403	7	66.0	131.0	62.0	78.0	70.0	128.0	63.0	97.0	110.0	57.0	121.0	114.0	56.0	114.0	69.0	60.0	61.0	88.0	152.0	103.0	54.0	59.0	58.0	71.0	63.0	88.0	125.0	45.0	121.0	94.0	137.0	82.0	64.0	121.0	40.0	170.0	66.0	84.0	60.0	137.0	77.0	62.0	59.0	94.0	63.0	97.0	51.0	110.0	71.0	35.0	99.0	63.0	35.0	87.0	95.0	56.0	61.0	73.0	66.0	50.0	91.0	107.0	60.0	54.0	31.0	66.0	65.0	64.0	52.0	43.0	56.0	75.0	137.0	59.0	66.0	33.0	25.0	35.0	85.0	50.0	28.0	29.0	59.0	64.0	38.0	31.0	26.0	30.0	42.0	63.0	47.0	35.0	41.0	30.0	75.0	41.0	56.0	37.0	37.0
alpha_rarefaction_1403_8.txt	1403	8	64.0	132.0	69.0	76.0	71.0	132.0	58.0	88.0	117.0	56.0	134.0	117.0	56.0	105.0	59.0	56.0	53.0	88.0	147.0	107.0	71.0	64.0	62.0	68.0	59.0	74.0	142.0	49.0	100.0	105.0	127.0	82.0	61.0	118.0	42.0	163.0	80.0	74.0	61.0	131.0	73.0	63.0	59.0	94.0	72.0	95.0	55.0	116.0	66.0	41.0	89.0	62.0	38.0	83.0	101.0	50.0	68.0	75.0	58.0	52.0	83.0	110.0	59.0	58.0	33.0	61.0	71.0	60.0	63.0	51.0	64.0	91.0	136.0	56.0	81.0	31.0	27.0	38.0	77.0	56.0	33.0	28.0	60.0	68.0	36.0	29.0	28.0	29.0	36.0	64.0	42.0	25.0	49.0	23.0	68.0	44.0	55.0	31.0	32.0
alpha_rarefaction_1403_9.txt	1403	9	59.0	122.0	66.0	73.0	63.0	125.0	50.0	79.0	113.0	60.0	117.0	108.0	60.0	112.0	46.0	54.0	62.0	97.0	150.0	94.0	65.0	47.0	70.0	70.0	59.0	84.0	138.0	46.0	109.0	101.0	131.0	82.0	65.0	111.0	38.0	167.0	75.0	73.0	60.0	117.0	73.0	63.0	61.0	93.0	77.0	100.0	65.0	117.0	56.0	38.0	99.0	55.0	33.0	82.0	100.0	48.0	60.0	66.0	59.0	51.0	88.0	116.0	64.0	52.0	42.0	74.0	72.0	56.0	52.0	51.0	67.0	81.0	132.0	59.0	80.0	26.0	30.0	32.0	76.0	60.0	22.0	35.0	59.0	69.0	39.0	29.0	33.0	32.0	43.0	66.0	42.0	29.0	53.0	28.0	70.0	48.0	57.0	30.0	38.0
alpha_rarefaction_1602_0.txt	1602	0	67.0	146.0	68.0	82.0	69.0	114.0	55.0	87.0	110.0	65.0	132.0	125.0	63.0	116.0	72.0	60.0	59.0	107.0	157.0	98.0	57.0	71.0	76.0	76.0	62.0	94.0	153.0	47.0	126.0	104.0	139.0	104.0	67.0	125.0	48.0	189.0	83.0	76.0	62.0	154.0	89.0	52.0	63.0	101.0	68.0	100.0	52.0	123.0	76.0	43.0	104.0	65.0	32.0	85.0	95.0	58.0	64.0	75.0	63.0	53.0	94.0	106.0	74.0	61.0	36.0	68.0	76.0	62.0	60.0	61.0	60.0	81.0	150.0	52.0	73.0	26.0	30.0	34.0	79.0	65.0	32.0	43.0	67.0	70.0	34.0	30.0	38.0	40.0	39.0	58.0	46.0	31.0	55.0	25.0	65.0	44.0	50.0	34.0	43.0
alpha_rarefaction_1602_1.txt	1602	1	66.0	133.0	71.0	87.0	73.0	122.0	70.0	106.0	128.0	58.0	140.0	130.0	58.0	127.0	64.0	66.0	58.0	100.0	161.0	95.0	67.0	58.0	66.0	83.0	64.0	78.0	144.0	48.0	117.0	116.0	142.0	86.0	75.0	109.0	50.0	161.0	80.0	80.0	63.0	145.0	76.0	59.0	53.0	103.0	60.0	108.0	58.0	130.0	71.0	47.0	108.0	56.0	35.0	95.0	88.0	62.0	68.0	73.0	63.0	66.0	103.0	106.0	68.0	56.0	36.0	64.0	67.0	64.0	57.0	52.0	65.0	78.0	146.0	57.0	82.0	28.0	33.0	37.0	99.0	67.0	34.0	35.0	63.0	74.0	40.0	35.0	27.0	32.0	39.0	61.0	46.0	35.0	50.0	43.0	64.0	44.0	56.0	34.0	35.0
alpha_rarefaction_1602_2.txt	1602	2	60.0	128.0	71.0	82.0	85.0	135.0	58.0	90.0	127.0	58.0	123.0	113.0	70.0	125.0	60.0	59.0	63.0	100.0	155.0	109.0	70.0	60.0	64.0	80.0	58.0	89.0	160.0	54.0	119.0	112.0	136.0	92.0	63.0	106.0	50.0	169.0	75.0	69.0	59.0	150.0	89.0	64.0	49.0	96.0	82.0	113.0	60.0	123.0	70.0	36.0	94.0	65.0	38.0	82.0	101.0	52.0	66.0	75.0	64.0	50.0	93.0	111.0	78.0	58.0	36.0	67.0	72.0	64.0	58.0	64.0	58.0	84.0	149.0	62.0	75.0	42.0	35.0	33.0	83.0	66.0	33.0	41.0	69.0	72.0	37.0	31.0	35.0	36.0	32.0	67.0	42.0	36.0	50.0	34.0	68.0	49.0	57.0	31.0	36.0
alpha_rarefaction_1602_3.txt	1602	3	61.0	147.0	65.0	83.0	70.0	141.0	56.0	96.0	120.0	62.0	130.0	120.0	64.0	148.0	55.0	63.0	67.0	102.0	165.0	106.0	65.0	61.0	67.0	79.0	73.0	84.0	139.0	54.0	125.0	119.0	146.0	100.0	73.0	107.0	46.0	168.0	70.0	74.0	61.0	144.0	84.0	63.0	63.0	110.0	67.0	112.0	59.0	128.0	68.0	45.0	98.0	60.0	36.0	90.0	103.0	63.0	63.0	80.0	67.0	62.0	94.0	106.0	66.0	51.0	34.0	65.0	79.0	63.0	61.0	56.0	65.0	86.0	155.0	61.0	83.0	30.0	33.0	45.0	84.0	59.0	28.0	35.0	61.0	77.0	42.0	37.0	33.0	33.0	39.0	71.0	38.0	37.0	51.0	31.0	62.0	47.0	64.0	36.0	30.0
alpha_rarefaction_1602_4.txt	1602	4	77.0	138.0	77.0	88.0	72.0	124.0	54.0	108.0	118.0	62.0	130.0	120.0	56.0	131.0	62.0	67.0	55.0	96.0	167.0	104.0	67.0	61.0	80.0	69.0	75.0	89.0	140.0	53.0	125.0	114.0	142.0	82.0	65.0	123.0	48.0	175.0	81.0	75.0	67.0	145.0	75.0	58.0	58.0	94.0	60.0	108.0	61.0	133.0	74.0	40.0	94.0	65.0	43.0	89.0	94.0	60.0	66.0	66.0	64.0	59.0	100.0	114.0	77.0	52.0	33.0	66.0	74.0	69.0	64.0	65.0	69.0	99.0	136.0	61.0	88.0	31.0	29.0	40.0	90.0	59.0	29.0	42.0	65.0	69.0	46.0	31.0	33.0	40.0	50.0	71.0	41.0	38.0	62.0	35.0	66.0	50.0	55.0	31.0	37.0
alpha_rarefaction_1602_5.txt	1602	5	66.0	139.0	68.0	84.0	68.0	145.0	47.0	102.0	118.0	64.0	125.0	140.0	64.0	134.0	54.0	73.0	71.0	101.0	143.0	100.0	78.0	65.0	61.0	81.0	68.0	85.0	168.0	60.0	133.0	115.0	146.0	105.0	66.0	126.0	53.0	170.0	86.0	83.0	50.0	149.0	75.0	66.0	64.0	101.0	75.0	109.0	60.0	133.0	72.0	37.0	107.0	67.0	39.0	93.0	100.0	63.0	75.0	82.0	59.0	62.0	98.0	118.0	76.0	51.0	32.0	67.0	72.0	63.0	58.0	68.0	71.0	79.0	154.0	56.0	76.0	30.0	32.0	36.0	85.0	62.0	28.0	30.0	70.0	70.0	41.0	30.0	37.0	31.0	38.0	67.0	48.0	36.0	60.0	38.0	66.0	43.0	58.0	32.0	39.0
alpha_rarefaction_1602_6.txt	1602	6	65.0	132.0	70.0	85.0	81.0	129.0	71.0	99.0	118.0	61.0	120.0	119.0	64.0	129.0	64.0	61.0	54.0	105.0	166.0	97.0	68.0	69.0	77.0	75.0	71.0	81.0	133.0	47.0	120.0	106.0	147.0	104.0	76.0	117.0	50.0	184.0	84.0	76.0	62.0	144.0	88.0	62.0	53.0	104.0	73.0	105.0	59.0	140.0	79.0	42.0	99.0	54.0	39.0	90.0	108.0	58.0	60.0	68.0	57.0	62.0	102.0	118.0	76.0	55.0	32.0	72.0	63.0	69.0	51.0	61.0	62.0	85.0	145.0	54.0	88.0	32.0	25.0	41.0	85.0	58.0	25.0	37.0	65.0	64.0	49.0	28.0	31.0	38.0	37.0	65.0	48.0	37.0	53.0	39.0	70.0	54.0	60.0	33.0	30.0
alpha_rarefaction_1602_7.txt	1602	7	66.0	138.0	70.0	81.0	73.0	141.0	56.0	93.0	116.0	59.0	128.0	118.0	62.0	117.0	58.0	57.0	66.0	97.0	157.0	98.0	77.0	64.0	71.0	72.0	67.0	99.0	153.0	42.0	130.0	107.0	152.0	93.0	66.0	117.0	39.0	179.0	80.0	79.0	54.0	136.0	87.0	58.0	58.0	106.0	76.0	105.0	63.0	126.0	67.0	37.0	108.0	64.0	41.0	93.0	101.0	60.0	65.0	78.0	57.0	52.0	99.0	110.0	70.0	47.0	35.0	61.0	71.0	68.0	65.0	58.0	57.0	90.0	148.0	52.0	75.0	38.0	26.0	32.0	88.0	62.0	30.0	37.0	59.0	72.0	46.0	31.0	30.0	36.0	43.0	75.0	58.0	32.0	63.0	31.0	68.0	54.0	57.0	33.0	29.0
alpha_rarefaction_1602_8.txt	1602	8	63.0	140.0	76.0	79.0	79.0	141.0	56.0	97.0	116.0	58.0	124.0	122.0	69.0	121.0	57.0	59.0	65.0	98.0	175.0	107.0	69.0	64.0	70.0	76.0	67.0	91.0	139.0	53.0	131.0	109.0	138.0	97.0	71.0	124.0	38.0	174.0	77.0	68.0	56.0	150.0	88.0	59.0	59.0	100.0	70.0	106.0	61.0	130.0	75.0	38.0	107.0	63.0	36.0	97.0	105.0	59.0	68.0	88.0	60.0	58.0	87.0	120.0	77.0	51.0	32.0	72.0	65.0	63.0	67.0	54.0	65.0	85.0	154.0	49.0	81.0	33.0	31.0	40.0	81.0	59.0	32.0	39.0	66.0	73.0	40.0	37.0	30.0	39.0	39.0	66.0	42.0	30.0	54.0	26.0	63.0	50.0	66.0	33.0	32.0
alpha_rarefaction_1602_9.txt	1602	9	58.0	133.0	70.0	94.0	70.0	130.0	64.0	98.0	122.0	67.0	124.0	121.0	67.0	128.0	68.0	68.0	63.0	101.0	157.0	110.0	68.0	63.0	75.0	73.0	68.0	98.0	158.0	52.0	125.0	115.0	135.0	91.0	63.0	114.0	51.0	169.0	76.0	77.0	60.0	139.0	84.0	61.0	57.0	110.0	68.0	106.0	61.0	129.0	65.0	37.0	89.0	58.0	36.0	96.0	108.0	59.0	69.0	75.0	65.0	65.0	93.0	117.0	74.0	56.0	31.0	62.0	77.0	61.0	58.0	52.0	62.0	86.0	155.0	54.0	77.0	38.0	38.0	44.0	86.0	61.0	23.0	42.0	67.0	72.0	39.0	31.0	33.0	25.0	37.0	76.0	47.0	36.0	52.0	31.0	63.0	45.0	60.0	33.0	40.0
alpha_rarefaction_1801_0.txt	1801	0	67.0	152.0	79.0	89.0	88.0	143.0	66.0	101.0	138.0	60.0	148.0	127.0	73.0	135.0	69.0	68.0	68.0	101.0	174.0	106.0	75.0	70.0	70.0	81.0	77.0	92.0	164.0	50.0	138.0	114.0	151.0	116.0	68.0	125.0	40.0	183.0	84.0	85.0	64.0	154.0	84.0	72.0	51.0	114.0	87.0	120.0	67.0	142.0	78.0	36.0	107.0	81.0	46.0	98.0	105.0	62.0	74.0	81.0	59.0	58.0	108.0	124.0	78.0	49.0	39.0	76.0	75.0	70.0	73.0	63.0	67.0	90.0	160.0	58.0	88.0	28.0	36.0	37.0	89.0	61.0	29.0	34.0	71.0	72.0	51.0	37.0	32.0	39.0	49.0	64.0	55.0	35.0	60.0	36.0	74.0	49.0	57.0	36.0	39.0
alpha_rarefaction_1801_1.txt	1801	1	73.0	142.0	78.0	86.0	75.0	135.0	68.0	107.0	113.0	72.0	143.0	125.0	69.0	141.0	67.0	68.0	63.0	108.0	173.0	112.0	75.0	62.0	85.0	83.0	68.0	92.0	152.0	48.0	129.0	108.0	146.0	106.0	77.0	111.0	39.0	176.0	86.0	76.0	60.0	147.0	92.0	75.0	67.0	119.0	78.0	109.0	57.0	124.0	74.0	44.0	106.0	66.0	40.0	98.0	123.0	59.0	71.0	80.0	61.0	54.0	105.0	110.0	82.0	61.0	35.0	66.0	71.0	66.0	62.0	64.0	63.0	88.0	156.0	53.0	87.0	38.0	27.0	45.0	89.0	59.0	36.0	32.0	72.0	74.0	59.0	33.0	26.0	36.0	40.0	68.0	49.0	41.0	57.0	31.0	71.0	57.0	54.0	34.0	34.0
alpha_rarefaction_1801_2.txt	1801	2	66.0	135.0	77.0	85.0	78.0	141.0	70.0	102.0	130.0	64.0	128.0	113.0	64.0	143.0	66.0	62.0	81.0	94.0	176.0	97.0	75.0	71.0	81.0	88.0	71.0	104.0	145.0	57.0	119.0	112.0	149.0	99.0	67.0	126.0	42.0	192.0	91.0	80.0	59.0	148.0	93.0	66.0	64.0	109.0	73.0	110.0	74.0	140.0	75.0	42.0	110.0	72.0	39.0	96.0	114.0	63.0	68.0	68.0	72.0	58.0	111.0	112.0	85.0	52.0	38.0	78.0	81.0	67.0	63.0	57.0	60.0	91.0	166.0	61.0	85.0	42.0	32.0	49.0	91.0	73.0	36.0	43.0	72.0	76.0	49.0	34.0	28.0	36.0	36.0	73.0	58.0	35.0	62.0	26.0	74.0	58.0	59.0	33.0	34.0
alpha_rarefaction_1801_3.txt	1801	3	73.0	145.0	70.0	95.0	79.0	148.0	65.0	99.0	130.0	63.0	131.0	122.0	71.0	147.0	69.0	68.0	67.0	103.0	169.0	102.0	80.0	68.0	74.0	78.0	63.0	92.0	157.0	54.0	121.0	111.0	154.0	103.0	79.0	124.0	42.0	189.0	93.0	77.0	70.0	156.0	89.0	78.0	55.0	106.0	62.0	113.0	67.0	138.0	80.0	40.0	113.0	72.0	45.0	95.0	113.0	69.0	71.0	84.0	71.0	68.0	107.0	116.0	90.0	54.0	32.0	71.0	80.0	63.0	66.0	59.0	67.0	88.0	170.0	51.0	86.0	32.0	32.0	40.0	92.0	65.0	33.0	42.0	63.0	81.0	47.0	34.0	27.0	39.0	42.0	86.0	52.0	37.0	58.0	36.0	71.0	56.0	66.0	36.0	32.0
alpha_rarefaction_1801_4.txt	1801	4	72.0	137.0	72.0	94.0	77.0	137.0	56.0	105.0	130.0	78.0	141.0	126.0	70.0	134.0	63.0	70.0	70.0	109.0	164.0	111.0	77.0	68.0	72.0	77.0	61.0	97.0	153.0	61.0	132.0	107.0	136.0	104.0	68.0	122.0	49.0	186.0	88.0	90.0	65.0	161.0	86.0	66.0	68.0	120.0	64.0	116.0	65.0	128.0	73.0	32.0	104.0	76.0	37.0	96.0	107.0	60.0	72.0	80.0	76.0	70.0	101.0	121.0	91.0	60.0	42.0	70.0	67.0	64.0	58.0	58.0	63.0	89.0	161.0	59.0	84.0	35.0	34.0	38.0	97.0	62.0	29.0	35.0	70.0	87.0	46.0	33.0	36.0	40.0	42.0	72.0	55.0	35.0	64.0	33.0	69.0	51.0	59.0	38.0	41.0
alpha_rarefaction_1801_5.txt	1801	5	69.0	149.0	78.0	79.0	77.0	125.0	61.0	107.0	111.0	58.0	127.0	136.0	76.0	133.0	62.0	71.0	67.0	109.0	168.0	115.0	62.0	71.0	62.0	74.0	68.0	99.0	149.0	51.0	124.0	111.0	148.0	103.0	79.0	133.0	46.0	181.0	83.0	87.0	72.0	163.0	88.0	66.0	69.0	108.0	75.0	130.0	69.0	130.0	71.0	40.0	107.0	66.0	38.0	95.0	111.0	68.0	65.0	72.0	75.0	66.0	106.0	110.0	80.0	56.0	36.0	64.0	67.0	63.0	59.0	51.0	66.0	85.0	153.0	57.0	78.0	33.0	34.0	43.0	93.0	50.0	30.0	37.0	70.0	68.0	44.0	34.0	37.0	37.0	42.0	71.0	48.0	35.0	51.0	25.0	77.0	51.0	65.0	32.0	39.0
alpha_rarefaction_1801_6.txt	1801	6	73.0	159.0	77.0	87.0	71.0	140.0	57.0	100.0	135.0	69.0	138.0	128.0	71.0	140.0	66.0	63.0	76.0	104.0	171.0	109.0	74.0	65.0	80.0	79.0	68.0	82.0	170.0	52.0	133.0	117.0	148.0	105.0	71.0	122.0	44.0	171.0	84.0	82.0	68.0	153.0	101.0	70.0	59.0	114.0	74.0	106.0	68.0	122.0	69.0	46.0	100.0	79.0	36.0	96.0	116.0	64.0	69.0	85.0	74.0	55.0	99.0	128.0	76.0	63.0	37.0	67.0	70.0	72.0	53.0	55.0	63.0	89.0	162.0	59.0	85.0	44.0	35.0	38.0	95.0	63.0	33.0	36.0	67.0	77.0	50.0	37.0	28.0	33.0	47.0	72.0	51.0	40.0	56.0	34.0	62.0	44.0	51.0	39.0	33.0
alpha_rarefaction_1801_7.txt	1801	7	67.0	156.0	72.0	85.0	75.0	144.0	72.0	100.0	141.0	69.0	126.0	141.0	60.0	133.0	54.0	75.0	64.0	107.0	159.0	102.0	76.0	63.0	86.0	89.0	69.0	105.0	148.0	58.0	132.0	124.0	155.0	103.0	72.0	126.0	41.0	187.0	76.0	80.0	58.0	150.0	88.0	60.0	64.0	109.0	66.0	113.0	67.0	135.0	75.0	46.0	105.0	61.0	35.0	95.0	110.0	66.0	68.0	78.0	75.0	54.0	94.0	111.0	76.0	61.0	39.0	70.0	76.0	72.0	68.0	56.0	65.0	98.0	169.0	51.0	81.0	39.0	27.0	47.0	89.0	62.0	37.0	35.0	63.0	70.0	44.0	36.0	33.0	44.0	46.0	68.0	43.0	31.0	59.0	26.0	83.0	47.0	63.0	32.0	39.0
alpha_rarefaction_1801_8.txt	1801	8	71.0	139.0	77.0	89.0	75.0	139.0	63.0	98.0	134.0	63.0	141.0	131.0	70.0	114.0	64.0	72.0	73.0	104.0	174.0	108.0	77.0	72.0	72.0	80.0	66.0	119.0	143.0	51.0	128.0	116.0	150.0	101.0	71.0	138.0	42.0	174.0	89.0	80.0	74.0	150.0	98.0	69.0	70.0	104.0	77.0	111.0	64.0	132.0	79.0	42.0	104.0	70.0	38.0	98.0	110.0	68.0	76.0	79.0	70.0	58.0	102.0	126.0	75.0	59.0	40.0	72.0	76.0	62.0	62.0	71.0	71.0	79.0	140.0	59.0	74.0	33.0	30.0	41.0	83.0	59.0	36.0	38.0	67.0	81.0	48.0	35.0	35.0	46.0	47.0	75.0	55.0	39.0	53.0	38.0	71.0	52.0	59.0	28.0	37.0
alpha_rarefaction_1801_9.txt	1801	9	78.0	155.0	70.0	88.0	72.0	145.0	57.0	86.0	134.0	64.0	129.0	137.0	73.0	126.0	69.0	72.0	78.0	105.0	160.0	103.0	70.0	70.0	68.0	79.0	82.0	100.0	161.0	58.0	132.0	115.0	162.0	100.0	62.0	116.0	46.0	174.0	91.0	81.0	58.0	165.0	99.0	72.0	72.0	112.0	82.0	120.0	71.0	134.0	82.0	37.0	107.0	66.0	44.0	87.0	106.0	62.0	70.0	84.0	75.0	63.0	106.0	122.0	87.0	59.0	38.0	74.0	79.0	67.0	69.0	57.0	63.0	89.0	154.0	60.0	85.0	37.0	28.0	38.0	94.0	67.0	33.0	36.0	68.0	77.0	45.0	36.0	32.0	41.0	50.0	74.0	44.0	29.0	58.0	32.0	76.0	46.0	66.0	40.0	33.0
alpha_rarefaction_2000_0.txt	2000	0	68.0	161.0	85.0	91.0	72.0	154.0	61.0	106.0	131.0	64.0	148.0	136.0	70.0	143.0	65.0	68.0	83.0	106.0	177.0	107.0	69.0	72.0	68.0	83.0	68.0	97.0	161.0	53.0	134.0	119.0	171.0	108.0	71.0	134.0	43.0	185.0	82.0	89.0	72.0	174.0	91.0	72.0	64.0	111.0	76.0	108.0	64.0	136.0	78.0	44.0	99.0	76.0	54.0	100.0	103.0	66.0	80.0	78.0	61.0	75.0	105.0	127.0	81.0	57.0	38.0	84.0	69.0	81.0	71.0	62.0	66.0	104.0	159.0	63.0	83.0	38.0	37.0	34.0	95.0	71.0	34.0	45.0	67.0	75.0	52.0	47.0	35.0	44.0	41.0	74.0	48.0	44.0	53.0	33.0	82.0	48.0	56.0	43.0	47.0
alpha_rarefaction_2000_1.txt	2000	1	81.0	162.0	73.0	86.0	74.0	143.0	71.0	110.0	139.0	66.0	161.0	129.0	74.0	145.0	67.0	73.0	75.0	124.0	176.0	107.0	74.0	70.0	88.0	77.0	78.0	109.0	161.0	55.0	134.0	119.0	161.0	118.0	81.0	133.0	44.0	190.0	100.0	84.0	62.0	160.0	98.0	70.0	60.0	126.0	85.0	123.0	66.0	145.0	82.0	47.0	110.0	70.0	44.0	93.0	105.0	59.0	76.0	92.0	68.0	61.0	106.0	127.0	84.0	58.0	36.0	78.0	72.0	76.0	64.0	65.0	66.0	102.0	168.0	67.0	85.0	39.0	37.0	43.0	99.0	71.0	36.0	36.0	72.0	71.0	46.0	45.0	37.0	38.0	37.0	71.0	44.0	35.0	58.0	40.0	91.0	55.0	64.0	38.0	43.0
alpha_rarefaction_2000_2.txt	2000	2	73.0	154.0	94.0	101.0	85.0	143.0	73.0	112.0	140.0	72.0	141.0	148.0	75.0	136.0	70.0	77.0	72.0	114.0	179.0	105.0	74.0	67.0	78.0	75.0	70.0	108.0	161.0	53.0	140.0	131.0	152.0	111.0	83.0	122.0	43.0	200.0	91.0	81.0	69.0	146.0	102.0	76.0	61.0	116.0	87.0	107.0	68.0	143.0	74.0	41.0	112.0	65.0	46.0	101.0	115.0	78.0	81.0	80.0	61.0	67.0	98.0	118.0	92.0	53.0	35.0	83.0	77.0	67.0	68.0	56.0	67.0	102.0	165.0	56.0	91.0	42.0	29.0	43.0	96.0	69.0	36.0	41.0	63.0	84.0	49.0	42.0	37.0	34.0	43.0	72.0	54.0	39.0	54.0	38.0	69.0	53.0	64.0	38.0	43.0
alpha_rarefaction_2000_3.txt	2000	3	68.0	176.0	83.0	97.0	75.0	139.0	71.0	101.0	121.0	80.0	137.0	138.0	80.0	140.0	79.0	74.0	76.0	119.0	180.0	111.0	78.0	66.0	73.0	89.0	71.0	97.0	160.0	55.0	146.0	125.0	163.0	115.0	77.0	131.0	45.0	199.0	99.0	86.0	70.0	159.0	86.0	72.0	63.0	113.0	70.0	136.0	61.0	134.0	76.0	42.0	113.0	76.0	45.0	91.0	111.0	69.0	69.0	82.0	68.0	60.0	108.0	125.0	83.0	67.0	45.0	75.0	88.0	78.0	62.0	59.0	68.0	98.0	154.0	64.0	81.0	40.0	43.0	36.0	98.0	70.0	32.0	46.0	65.0	82.0	50.0	40.0	35.0	37.0	42.0	67.0	45.0	29.0	64.0	39.0	74.0	47.0	56.0	39.0	33.0
alpha_rarefaction_2000_4.txt	2000	4	76.0	166.0	81.0	102.0	78.0	149.0	73.0	116.0	137.0	57.0	136.0	146.0	83.0	133.0	75.0	70.0	78.0	105.0	182.0	110.0	83.0	72.0	87.0	80.0	67.0	104.0	167.0	54.0	154.0	127.0	165.0	121.0	80.0	119.0	45.0	208.0	85.0	82.0	62.0	165.0	82.0	79.0	66.0	107.0	79.0	112.0	65.0	143.0	72.0	47.0	101.0	88.0	41.0	97.0	104.0	75.0	78.0	101.0	71.0	58.0	111.0	122.0	82.0	66.0	42.0	79.0	76.0	69.0	68.0	60.0	69.0	92.0	159.0	64.0	93.0	34.0	35.0	42.0	103.0	68.0	33.0	45.0	69.0	77.0	53.0	37.0	32.0	34.0	49.0	78.0	52.0	37.0	64.0	45.0	73.0	54.0	69.0	41.0	39.0
alpha_rarefaction_2000_5.txt	2000	5	66.0	158.0	82.0	97.0	76.0	143.0	62.0	107.0	123.0	72.0	152.0	142.0	73.0	134.0	80.0	73.0	71.0	105.0	188.0	117.0	73.0	69.0	76.0	79.0	71.0	98.0	148.0	70.0	142.0	125.0	171.0	111.0	83.0	132.0	48.0	210.0	81.0	96.0	65.0	153.0	93.0	66.0	69.0	117.0	75.0	118.0	65.0	149.0	77.0	42.0	115.0	75.0	43.0	98.0	107.0	64.0	84.0	77.0	69.0	66.0	106.0	123.0	92.0	61.0	39.0	72.0	80.0	69.0	84.0	62.0	74.0	101.0	164.0	61.0	88.0	45.0	32.0	50.0	105.0	69.0	36.0	43.0	73.0	72.0	40.0	44.0	32.0	41.0	41.0	89.0	52.0	39.0	59.0	31.0	75.0	58.0	66.0	44.0	41.0
alpha_rarefaction_2000_6.txt	2000	6	75.0	175.0	83.0	90.0	80.0	143.0	74.0	114.0	131.0	64.0	150.0	136.0	61.0	140.0	72.0	71.0	69.0	110.0	183.0	105.0	75.0	70.0	76.0	83.0	75.0	107.0	173.0	59.0	135.0	131.0	168.0	108.0	81.0	145.0	42.0	198.0	96.0	82.0	68.0	163.0	104.0	70.0	71.0	112.0	74.0	121.0	67.0	148.0	79.0	41.0	114.0	67.0	47.0	104.0	115.0	66.0	74.0	88.0	77.0	59.0	111.0	131.0	85.0	60.0	44.0	84.0	73.0	71.0	68.0	59.0	68.0	99.0	176.0	55.0	89.0	38.0	30.0	46.0	86.0	66.0	38.0	43.0	74.0	80.0	45.0	41.0	36.0	41.0	46.0	89.0	60.0	37.0	71.0	37.0	81.0	50.0	60.0	45.0	34.0
alpha_rarefaction_2000_7.txt	2000	7	75.0	150.0	72.0	103.0	82.0	145.0	71.0	109.0	126.0	69.0	142.0	143.0	69.0	140.0	70.0	64.0	58.0	113.0	195.0	117.0	74.0	71.0	78.0	87.0	71.0	93.0	178.0	52.0	131.0	126.0	160.0	113.0	70.0	137.0	48.0	194.0	93.0	93.0	77.0	164.0	93.0	69.0	77.0	127.0	78.0	115.0	67.0	132.0	75.0	57.0	109.0	77.0	42.0	94.0	109.0	66.0	73.0	77.0	61.0	67.0	104.0	129.0	83.0	58.0	41.0	79.0	81.0	72.0	70.0	54.0	67.0	103.0	173.0	56.0	81.0	40.0	31.0	39.0	99.0	66.0	34.0	42.0	68.0	77.0	50.0	35.0	37.0	34.0	45.0	82.0	53.0	41.0	60.0	39.0	75.0	53.0	61.0	42.0	44.0
alpha_rarefaction_2000_8.txt	2000	8	77.0	174.0	78.0	87.0	78.0	159.0	66.0	114.0	133.0	70.0	140.0	119.0	71.0	136.0	65.0	72.0	74.0	115.0	175.0	125.0	71.0	67.0	94.0	82.0	63.0	112.0	168.0	60.0	139.0	126.0	152.0	107.0	82.0	136.0	57.0	195.0	91.0	81.0	63.0	164.0	90.0	81.0	72.0	120.0	71.0	128.0	71.0	148.0	75.0	45.0	123.0	76.0	47.0	96.0	107.0	61.0	80.0	79.0	72.0	63.0	114.0	124.0	83.0	68.0	41.0	76.0	78.0	70.0	62.0	61.0	69.0	84.0	170.0	61.0	88.0	43.0	36.0	40.0	99.0	64.0	32.0	40.0	74.0	69.0	41.0	30.0	41.0	38.0	48.0	83.0	52.0	40.0	58.0	36.0	78.0	54.0	70.0	39.0	37.0
alpha_rarefaction_2000_9.txt	2000	9	74.0	151.0	85.0	98.0	83.0	152.0	76.0	99.0	140.0	68.0	152.0	138.0	72.0	136.0	68.0	69.0	83.0	108.0	178.0	116.0	71.0	79.0	74.0	83.0	69.0	104.0	168.0	60.0	135.0	126.0	162.0	114.0	94.0	137.0	48.0	192.0	91.0	93.0	65.0	151.0	90.0	74.0	70.0	118.0	76.0	126.0	75.0	138.0	78.0	47.0	122.0	75.0	49.0	98.0	112.0	55.0	71.0	88.0	70.0	70.0	108.0	124.0	87.0	59.0	37.0	77.0	80.0	69.0	69.0	61.0	71.0	92.0	168.0	51.0	87.0	33.0	34.0	41.0	100.0	68.0	36.0	39.0	69.0	81.0	49.0	40.0	41.0	43.0	46.0	71.0	58.0	41.0	63.0	37.0	82.0	53.0	67.0	32.0	37.0