# Constructed from biom file
#OTU ID	146	147	148	150	151	152	153	155	156	157	158	160	161	162	163	165	166	167	168	170	171	172	173	175	176	177	178
Unassigned;Other;Other;Other;Other;Other	0.00753063599644	0.00695819261675	0.00702955469299	0.000472508591065	0.000464113134402	0.000235415980037	0.000546803801588	0.000329286764867	0.00701837394527	0.000533488529997	0.00224334008413	0.000249190132071	0.00068707862756	0.000172443524746	0.000272392972261	0.00126150631739	0.0014850123751	0.000685570642342	0.000479204190558	0.00033164601152	0.000247256404892	0.000725348807441	0.000342575741355	0.00064279502401	0.000389256520047	0.000392018503273	0.000353898784948
k__Bacteria;p__Acidobacteria;c__Acidobacteriia;o__Acidobacteriales;f__Acidobacteriaceae;g__Terriglobus	0.000308071472582	0.000174682659835	0.000794645313121	0.0	0.0	0.0	0.0	0.0	0.0	0.0	0.0	0.0	0.0	0.0	0.0	0.0	9.16674305619e-05	9.52181447697e-05	0.0	0.0	0.0	0.0	0.0	0.0	0.0	0.0	0.0
k__Bacteria;p__Acidobacteria;c__[Chloracidobacteria];o__RB41;f__Ellin6075;g__	0.0	8.73413299173e-05	0.0	0.0	0.0	0.0	0.0	0.0	0.0	0.0	0.0	0.0	0.0	0.0	0.0	0.0	0.0	0.0	0.0	0.0	0.0	0.0	0.0	0.0	0.0	0.0	0.0
k__Bacteria;p__Actinobacteria;c__Acidimicrobiia;o__Acidimicrobiales;f__;g__	0.0	0.0	0.0	0.0	2.73007726119e-05	0.0	0.0	0.0	0.0	0.0	0.0	6.22975330177e-05	0.0	7.39043677481e-05	0.0	1.97110362092e-05	0.0	0.0	0.0	0.0	0.0	0.0	0.0	0.0	0.0	1.96009251637e-05	1.68523230927e-05
k__Bacteria;p__Actinobacteria;c__Actinobacteria;o__Actinomycetales;Other;Other	0.0	2.91137766391e-05	0.0	0.0	0.0	0.0	0.0	0.0	0.000289146492127	0.0	0.0	0.0	0.0	0.0	0.0	0.0	0.0	0.0	0.0	0.0	0.0	0.0	0.0	0.0	0.0	0.0	0.0
k__Bacteria;p__Actinobacteria;c__Actinobacteria;o__Actinomycetales;f__;g__	0.0	0.0	0.0	0.0	0.0	0.0	0.0	0.0	0.000131430223694	0.0	0.0	0.0	0.000150298449779	0.0	0.0	0.0	0.0	0.0	0.0	0.0	0.0	0.0	0.0	0.0	0.0	0.0	0.0
k__Bacteria;p__Actinobacteria;c__Actinobacteria;o__Actinomycetales;f__Actinomycetaceae;g__	0.0	0.0	0.0	0.0	0.0	0.0	0.0	0.0	0.0	0.0	0.0	0.0	6.44136213338e-05	0.0	0.0	0.0	0.0	0.0	0.0	0.0	0.0	0.0	0.0	0.0	0.0	0.0	0.0
k__Bacteria;p__Actinobacteria;c__Actinobacteria;o__Actinomycetales;f__Actinomycetaceae;g__Actinomyces	0.0	0.0	0.0	0.0	0.0	0.0	0.0	0.0	0.0	0.0	0.0	0.0	0.0	0.000172443524746	0.0	0.0	0.0	0.0	0.0	0.0	0.0	4.26675769083e-05	0.0	0.0	0.0	0.0	0.0
k__Bacteria;p__Actinobacteria;c__Actinobacteria;o__Actinomycetales;f__Beutenbergiaceae;Other	0.000102690490861	0.0	0.0	0.0	0.0	0.0	0.0	0.0	7.88581342165e-05	0.0	0.0	0.0	0.0	0.0	0.0	0.0	0.0	0.0	0.0	0.0	0.0	0.0	0.0	0.0	0.0	0.0	0.0
k__Bacteria;p__Actinobacteria;c__Actinobacteria;o__Actinomycetales;f__Beutenbergiaceae;g__Salana	0.000239611145341	0.000116455106556	9.16898438216e-05	0.0	0.0	0.0	0.0	0.0	0.0	0.0	0.0	0.0	0.0	0.0	0.0	0.0	0.000348336236135	1.90436289539e-05	0.0	0.0	0.0	0.0	0.0	0.0	0.0	0.0	0.0
k__Bacteria;p__Actinobacteria;c__Actinobacteria;o__Actinomycetales;f__Bogoriellaceae;g__Georgenia	0.0	0.0	0.0	0.0	0.0	0.0	0.0	0.0	0.0	0.0	0.0	0.0	0.0	0.0	0.0	0.0	5.50004583372e-05	0.0	0.0	0.0	0.0	0.0	0.0	0.0	0.0	0.0	0.0
k__Bacteria;p__Actinobacteria;c__Actinobacteria;o__Actinomycetales;f__Brevibacteriaceae;g__Brevibacterium	0.0	0.0	0.0	0.0	0.0	0.0	0.0	0.0	0.000210288357911	0.0	0.0	0.0	0.0	0.0	0.0	0.0	0.0	0.0	0.0	0.0	0.0	0.0	0.0	0.0	0.0	0.0	0.0
k__Bacteria;p__Actinobacteria;c__Actinobacteria;o__Actinomycetales;f__Cellulomonadaceae;g__Cellulomonas	0.000513452454303	0.000349365319669	0.000244506250191	0.0	0.0	0.0	2.60382762661e-05	0.0	0.000131430223694	0.0	0.0	0.0	0.0	0.0	0.0	0.0	0.0	0.0	0.0	0.0	0.0	0.0	0.0	0.0	1.85360247641e-05	0.0	0.0
k__Bacteria;p__Actinobacteria;c__Actinobacteria;o__Actinomycetales;f__Corynebacteriaceae;g__Corynebacterium	0.0	5.82275532782e-05	0.0	0.0	2.73007726119e-05	0.0	0.0	0.0	0.0	0.0	0.0	0.0	0.0	0.0	0.0	0.0	0.0	0.0	0.0	0.0	0.0	0.0	0.0	0.0	0.0	0.0	0.0
k__Bacteria;p__Actinobacteria;c__Actinobacteria;o__Actinomycetales;f__Dermabacteraceae;g__	0.0	2.91137766391e-05	9.16898438216e-05	6.44329896907e-05	0.0	0.0	7.81148287983e-05	0.0	0.000131430223694	0.0	0.0	0.0	0.0	0.0	0.0	0.0	0.0	0.0	0.0	0.0	0.0	0.0	0.0	0.0	0.0	0.0	0.0
k__Bacteria;p__Actinobacteria;c__Actinobacteria;o__Actinomycetales;f__Dermabacteraceae;g__Brachybacterium	3.42301636202e-05	0.0	3.05632812739e-05	4.29553264605e-05	0.0	0.0	5.20765525322e-05	0.0	0.0	0.0	0.0	0.0	0.0	0.0	0.0	0.0	0.0	0.0	0.0	0.0	0.0	0.0	0.0	0.0	0.0	0.0	0.0
k__Bacteria;p__Actinobacteria;c__Actinobacteria;o__Actinomycetales;f__Dietziaceae;g__Dietzia	0.0	0.0	0.0	0.0	0.0	0.0	0.0	0.0	0.000157716268433	0.0	0.0	0.0	0.0	0.0	0.0	0.0	0.0	0.0	0.0	0.0	0.0	0.0	0.0	0.0	0.0	0.0	0.0
k__Bacteria;p__Actinobacteria;c__Actinobacteria;o__Actinomycetales;f__Geodermatophilaceae;g__	0.000136920654481	5.82275532782e-05	9.16898438216e-05	0.0	0.0	0.0	0.0	0.0	0.0	0.0	0.0	0.0	0.0	0.0	0.0	0.0	0.0	0.0	0.0	0.0	0.0	0.0	0.0	0.0	0.0	0.0	0.0
k__Bacteria;p__Actinobacteria;c__Actinobacteria;o__Actinomycetales;f__Gordoniaceae;g__Gordonia	0.000136920654481	2.91137766391e-05	0.000122253125096	0.0	0.0	0.0	0.0	0.0	0.0	0.0	0.0	0.0	0.0	0.0	0.0	0.0	0.0	0.0	0.0	0.0	0.0	0.0	0.0	0.0	0.0	0.0	0.0
k__Bacteria;p__Actinobacteria;c__Actinobacteria;o__Actinomycetales;f__Intrasporangiaceae;Other	0.0	0.0	0.0	0.0	0.0	0.0	0.0	0.0	7.88581342165e-05	0.0	0.0	0.0	0.0	0.0	0.0	0.0	0.0	0.0	0.0	0.0	0.0	0.0	0.0	0.0	0.0	0.0	0.0
k__Bacteria;p__Actinobacteria;c__Actinobacteria;o__Actinomycetales;f__Kineosporiaceae;Other	0.000410761963442	0.000669616862699	0.000458449219108	0.0	0.0	0.0	0.0	0.0	0.0	0.0	0.0	0.0	0.0	0.0	0.0	0.0	0.0	0.0	0.0	0.0	0.0	0.0	0.0	0.0	0.0	0.0	0.0
k__Bacteria;p__Actinobacteria;c__Actinobacteria;o__Actinomycetales;f__Kineosporiaceae;g__	3.42301636202e-05	5.82275532782e-05	0.000183379687643	0.0	0.0	0.0	0.0	0.0	0.0	0.0	0.0	0.0	0.0	0.0	0.0	0.0	0.0	0.0	0.0	0.0	0.0	0.0	0.0	0.0	0.0	0.0	0.0
k__Bacteria;p__Actinobacteria;c__Actinobacteria;o__Actinomycetales;f__Kineosporiaceae;g__Kineococcus	0.0	0.000116455106556	6.11265625478e-05	0.0	0.0	0.0	0.0	0.0	0.0	0.0	0.0	0.0	0.0	0.0	0.0	0.0	0.0	0.0	0.0	0.0	0.0	0.0	0.0	0.0	0.0	0.0	0.0
k__Bacteria;p__Actinobacteria;c__Actinobacteria;o__Actinomycetales;f__Microbacteriaceae;Other	0.000992674744985	0.000407592872947	0.000580702344204	0.0	0.0	0.0	0.0	0.0	0.000552006939516	0.0	0.0	0.0	0.0	0.0	0.0	0.0	0.0	0.0	0.0	0.0	1.90197234532e-05	4.26675769083e-05	2.14109838347e-05	0.0	0.0	0.0	1.68523230927e-05
k__Bacteria;p__Actinobacteria;c__Actinobacteria;o__Actinomycetales;f__Microbacteriaceae;g__	0.00126651605395	0.00145568883196	0.00100858828204	0.0	0.0	0.0	0.0	0.0	0.000210288357911	0.0	0.0	0.0	0.0	0.0	0.0	1.97110362092e-05	0.0	0.000114261773724	0.0	0.0	0.0	0.0	0.0	0.0	0.0	0.0	0.0
k__Bacteria;p__Actinobacteria;c__Actinobacteria;o__Actinomycetales;f__Microbacteriaceae;g__Agrococcus	0.000102690490861	5.82275532782e-05	0.000183379687643	0.0	0.0	0.0	0.0	0.0	2.62860447388e-05	0.0	0.0	0.0	0.0	0.0	0.0	0.0	0.0	7.61745158157e-05	0.0	0.0	0.0	0.0	0.0	0.0	0.0	0.0	0.0
k__Bacteria;p__Actinobacteria;c__Actinobacteria;o__Actinomycetales;f__Microbacteriaceae;g__Agromyces	0.000102690490861	8.73413299173e-05	0.000122253125096	0.0	0.0	0.0	0.0	0.0	0.0	0.0	0.0	0.0	0.0	0.0	0.0	0.0	0.0	0.0	0.0	0.0	0.0	0.0	0.0	0.0	0.0	0.0	0.0
k__Bacteria;p__Actinobacteria;c__Actinobacteria;o__Actinomycetales;f__Microbacteriaceae;g__Cryocola	0.0	2.91137766391e-05	6.11265625478e-05	0.0	0.0	0.0	0.0	0.0	0.0	0.0	0.0	0.0	0.0	0.0	0.0	0.0	0.0	0.0	0.0	0.0	0.0	0.0	0.0	0.0	0.0	0.0	1.68523230927e-05
k__Bacteria;p__Actinobacteria;c__Actinobacteria;o__Actinomycetales;f__Microbacteriaceae;g__Curtobacterium	0.00256726227151	0.00264935367416	0.00342308750267	0.0	0.0	0.0	0.0	0.0	0.0	0.0	0.0	0.0	0.0	7.39043677481e-05	0.0	5.91331086275e-05	0.0	1.90436289539e-05	3.30485648661e-05	0.0	0.0	0.0	0.0	0.0	0.0	0.0	3.37046461855e-05
k__Bacteria;p__Actinobacteria;c__Actinobacteria;o__Actinomycetales;f__Microbacteriaceae;g__Leucobacter	3.42301636202e-05	8.73413299173e-05	0.000244506250191	0.0	0.0	2.35415980037e-05	0.0	0.0	0.00352232999501	0.0	0.0	0.0	0.0	0.0	0.0	0.0	0.0	0.0	0.0	0.0	0.0	0.0	0.0	0.0	0.0	0.0	0.0
k__Bacteria;p__Actinobacteria;c__Actinobacteria;o__Actinomycetales;f__Microbacteriaceae;g__Microbacterium	0.0235161224071	0.00623034820077	0.00837433906904	0.0	5.46015452237e-05	0.0	0.0	0.0	0.00644008096102	2.42494786362e-05	0.000124630004674	0.0	0.0	7.39043677481e-05	0.0	0.000137977253464	7.33339444495e-05	0.000114261773724	8.26214121652e-05	1.74550532379e-05	0.0	2.13337884542e-05	2.14109838347e-05	3.78114720006e-05	5.56080742924e-05	0.0	0.0
k__Bacteria;p__Actinobacteria;c__Actinobacteria;o__Actinomycetales;f__Microbacteriaceae;g__Pseudoclavibacter	0.000171150818101	0.0	3.05632812739e-05	0.0	0.0	0.0	0.0	0.0	0.000131430223694	0.0	0.0	0.0	0.0	2.46347892494e-05	0.0	0.0	0.0	0.0	0.0	0.0	0.0	0.0	0.0	0.0	0.0	0.0	0.0
k__Bacteria;p__Actinobacteria;c__Actinobacteria;o__Actinomycetales;f__Micrococcaceae;Other	0.000136920654481	2.91137766391e-05	3.05632812739e-05	0.0	0.0	0.0	0.0	0.0	0.0140367478905	2.42494786362e-05	0.0	0.0	0.0	0.0	4.53988287102e-05	0.0	3.66669722248e-05	0.0	0.0	0.0	0.0	0.0	0.0	0.0	0.0	0.0	0.0
k__Bacteria;p__Actinobacteria;c__Actinobacteria;o__Actinomycetales;f__Micrococcaceae;g__	0.0	2.91137766391e-05	0.0	0.0	0.0	0.0	0.0	0.0	0.00226059984754	0.0	0.0	0.0	0.0	0.0	0.0	0.0	3.66669722248e-05	0.0	0.0	0.0	0.0	0.0	0.0	0.0	0.0	0.0	0.0
k__Bacteria;p__Actinobacteria;c__Actinobacteria;o__Actinomycetales;f__Micrococcaceae;g__Arthrobacter	0.0	0.000145568883196	3.05632812739e-05	0.0	0.0	0.0	0.0	0.0	0.0108035643877	0.0	0.0	0.0	0.0	0.0	2.26994143551e-05	0.0	3.66669722248e-05	0.0	0.0	0.0	0.0	0.0	0.0	0.0	7.41440990565e-05	0.0	0.0
k__Bacteria;p__Actinobacteria;c__Actinobacteria;o__Actinomycetales;f__Micrococcaceae;g__Nesterenkonia	0.0	0.0	9.16898438216e-05	0.0	0.0	0.0	0.0	0.0	0.0	0.0	0.0	0.0	0.0	0.0	0.0	0.0	0.0	0.0	0.0	0.0	0.0	0.0	0.0	0.0	0.0	0.0	0.0
k__Bacteria;p__Actinobacteria;c__Actinobacteria;o__Actinomycetales;f__Mycobacteriaceae;g__Mycobacterium	0.00167727801739	0.00125189239548	0.00204773984535	2.14776632302e-05	0.0	2.35415980037e-05	2.60382762661e-05	6.58573529735e-05	2.62860447388e-05	0.0	0.0	0.0	4.29424142225e-05	0.0	0.0	0.000256243470719	0.000348336236135	5.71308868618e-05	0.000264388518929	0.000157095479141	1.90197234532e-05	6.40013653625e-05	0.0	5.67172080009e-05	1.85360247641e-05	3.92018503273e-05	0.0
k__Bacteria;p__Actinobacteria;c__Actinobacteria;o__Actinomycetales;f__Nocardiaceae;g__Rhodococcus	0.000136920654481	0.000116455106556	0.000122253125096	0.0	0.0	0.0	0.0	0.0	0.000131430223694	0.0	0.0	0.0	0.0	0.0	0.0	0.0	0.0	0.0	0.0	0.0	0.0	0.0	0.0	0.0	0.0	0.0	0.0
k__Bacteria;p__Actinobacteria;c__Actinobacteria;o__Actinomycetales;f__Nocardioidaceae;g__	0.000136920654481	8.73413299173e-05	0.000336196094013	0.0	0.0	0.0	0.0	0.0	0.000473148805299	0.0	0.0	0.0	0.0	0.0	0.0	0.0	0.0	0.0	0.0	0.0	0.0	0.0	0.0	0.0	0.0	0.0	0.0
k__Bacteria;p__Actinobacteria;c__Actinobacteria;o__Actinomycetales;f__Nocardioidaceae;g__Nocardioides	0.000171150818101	0.000116455106556	0.000213942968917	0.0	0.0	0.0	0.0	0.0	0.0	0.0	0.0	0.0	0.0	0.0	0.0	0.0	0.0	0.0	0.0	0.0	0.0	0.0	0.0	0.0	0.0	0.0	0.0
k__Bacteria;p__Actinobacteria;c__Actinobacteria;o__Actinomycetales;f__Promicromonosporaceae;Other	0.000205380981721	8.73413299173e-05	0.000183379687643	0.0	0.0	0.0	0.0	0.0	0.0	0.0	0.0	0.0	0.0	0.0	0.0	0.0	0.0	7.61745158157e-05	0.0	0.0	0.0	0.0	0.0	0.0	0.0	0.0	0.0
k__Bacteria;p__Actinobacteria;c__Actinobacteria;o__Actinomycetales;f__Pseudonocardiaceae;g__Pseudonocardia	6.84603272404e-05	0.0	3.05632812739e-05	0.0	0.0	0.0	0.0	0.0	0.0	0.0	0.0	0.0	0.0	0.0	0.0	0.0	0.0	0.0	0.0	0.0	0.0	0.0	0.0	0.0	0.0	9.80046258183e-05	0.0
k__Bacteria;p__Actinobacteria;c__Actinobacteria;o__Actinomycetales;f__Sanguibacteraceae;g__Sanguibacter	0.000136920654481	0.0	9.16898438216e-05	0.0	0.0	0.0	0.0	6.58573529735e-05	0.000184002313172	0.0	0.0	0.0	0.0	0.0	0.0	0.0	0.0	3.80872579079e-05	0.0	0.0	0.0	0.0	0.0	0.0	0.0	0.0	0.0
k__Bacteria;p__Actinobacteria;c__Thermoleophilia;o__Gaiellales;f__Gaiellaceae;g__	0.0	0.0	0.0	0.0	0.0	0.0	0.0	0.0	0.000131430223694	0.0	0.0	0.0	0.0	0.0	0.0	0.0	0.0	0.0	0.0	0.0	0.0	0.0	0.0	0.0	0.0	0.0	0.0
k__Bacteria;p__Actinobacteria;c__Thermoleophilia;o__Solirubrobacterales;f__;g__	0.0	0.0	0.0	0.0	0.0	0.0	0.0	0.0	7.88581342165e-05	0.0	0.0	0.0	0.0	0.0	0.0	0.0	0.0	0.0	0.0	0.0	0.0	0.0	0.0	0.0	0.0	0.0	0.0
k__Bacteria;p__Armatimonadetes;c__Armatimonadia;o__Armatimonadales;f__Armatimonadaceae;g__	0.0	0.0	9.16898438216e-05	0.0	0.0	0.0	0.0	0.0	0.0	0.0	0.0	0.0	0.0	0.0	0.0	0.0	0.0	0.0	0.0	0.0	0.0	0.0	0.0	0.0	0.0	0.0	0.0
k__Bacteria;p__Bacteroidetes;c__Bacteroidia;o__Bacteroidales;f__Porphyromonadaceae;g__Paludibacter	0.0	0.0	0.0	0.0	0.0	0.0	0.0	0.000307334313876	0.0	0.0	0.0	0.0	0.0	0.0	0.0	0.0	0.0	0.0	0.0	0.0	0.0	0.0	0.0	0.0	0.0	0.0	0.0
k__Bacteria;p__Bacteroidetes;c__Bacteroidia;o__Bacteroidales;f__Prevotellaceae;g__Prevotella	0.0	0.0	0.0	0.0	0.0	0.0	0.0	0.0	0.0	0.0	0.0	0.0	0.0	0.0	0.0	0.0	0.0	0.0	0.0	0.0	0.0	0.000106668942271	0.0	7.56229440012e-05	0.0	3.92018503273e-05	0.0
k__Bacteria;p__Bacteroidetes;c__Bacteroidia;o__Bacteroidales;f__[Paraprevotellaceae];g__CF231	0.0	0.0	0.0	0.0	0.0	0.0	0.0	0.0	0.0	0.0	0.0	0.0	0.0	0.0	0.0	0.0	0.000110000916674	0.0	0.0	0.0	0.0	0.0	0.0	0.0	0.0	0.0	0.0
k__Bacteria;p__Bacteroidetes;c__Cytophagia;o__Cytophagales;f__Cytophagaceae;g__	0.000308071472582	0.000262023989752	0.000733518750573	0.0	0.0	0.0	0.0	0.000153667156938	0.0	0.0	0.0	0.0	0.0	0.0	0.0	0.0	0.0	0.0	0.0	0.0	0.0	0.0	0.0	0.0	0.0	0.0	0.0
k__Bacteria;p__Bacteroidetes;c__Cytophagia;o__Cytophagales;f__Cytophagaceae;g__Dyadobacter	0.000171150818101	0.000232910213113	0.000244506250191	0.0	0.0	0.0	0.0	0.0	7.88581342165e-05	0.0	0.0	0.0	0.0	0.0	0.0	0.0	0.0	0.0	0.0	0.0	0.0	0.0	0.0	0.0	0.0	0.0	0.0
k__Bacteria;p__Bacteroidetes;c__Cytophagia;o__Cytophagales;f__Cytophagaceae;g__Emticicia	3.42301636202e-05	2.91137766391e-05	6.11265625478e-05	0.0	0.0	0.0	0.0	0.0	0.0	0.0	0.0	0.0	0.0	0.0	0.0	0.0	0.0	0.0	0.0	0.0	0.0	0.0	0.0	0.0	0.0	0.0	0.0
k__Bacteria;p__Bacteroidetes;c__Cytophagia;o__Cytophagales;f__Cytophagaceae;g__Hymenobacter	0.000513452454303	0.000436706649587	0.00094746171949	0.0	0.0	0.0	0.0	0.0	0.0	0.0	0.0	0.0	0.0	0.0	0.0	0.0	0.0	0.0	0.0	0.0	0.0	0.0	0.0	0.0	0.0	0.0	0.0
k__Bacteria;p__Bacteroidetes;c__Cytophagia;o__Cytophagales;f__Cytophagaceae;g__Leadbetterella	3.42301636202e-05	2.91137766391e-05	9.16898438216e-05	0.0	0.0	0.0	0.0	0.0	0.0	0.0	0.0	0.0	0.0	0.0	0.0	0.0	0.0	0.0	0.0	0.0	0.0	0.0	0.0	0.0	0.0	0.0	0.0
k__Bacteria;p__Bacteroidetes;c__Cytophagia;o__Cytophagales;f__Cytophagaceae;g__Spirosoma	0.000924214417745	0.000611389309421	0.00055013906293	0.0	0.0	0.0	0.0	0.0	0.0	0.0	0.0	0.0	0.0	0.0	0.0	0.0	0.0	0.0	0.0	0.0	0.0	0.0	0.0	0.0	0.0	0.0	0.0
k__Bacteria;p__Bacteroidetes;c__Flavobacteriia;o__Flavobacteriales;f__Flavobacteriaceae;g__	0.00308071472582	0.000698730639339	0.00143647421987	0.0	0.000136503863059	0.0	5.20765525322e-05	0.0	0.0173225034829	4.84989572724e-05	0.0	0.0	0.0	0.0	0.0	3.94220724183e-05	0.0	0.000285654434309	0.0	5.23651597137e-05	0.0	0.0	0.0	0.0	1.85360247641e-05	0.0	0.0
k__Bacteria;p__Bacteroidetes;c__Flavobacteriia;o__Flavobacteriales;f__Flavobacteriaceae;g__Flavobacterium	0.00342301636202	0.000931640852451	0.00171154375134	0.0	0.0	0.0	0.0	0.0	0.000341718581605	0.0	0.0	0.0	0.0	0.0	0.0	0.0	0.000128334402787	5.71308868618e-05	0.0	0.0	0.0	4.26675769083e-05	0.0	0.0	0.0	0.0	0.0
k__Bacteria;p__Bacteroidetes;c__Flavobacteriia;o__Flavobacteriales;f__Flavobacteriaceae;g__Myroides	0.0	0.0	0.0	0.0	0.0	0.0	0.0	0.0	0.00691322976632	0.0	0.0	0.0	0.0	0.0	0.0	0.0	0.0	0.0	0.0	0.0	0.0	0.0	0.0	0.0	0.0	0.0	0.0
k__Bacteria;p__Bacteroidetes;c__Flavobacteriia;o__Flavobacteriales;f__[Weeksellaceae];g__	0.0	0.000174682659835	0.000122253125096	0.0	0.0	0.0	0.0	0.0	0.0	0.0	0.0	0.0	0.0	0.0	0.0	0.0	0.0	0.0	0.0	0.0	0.0	0.0	0.0	0.0	0.0	0.0	0.0
k__Bacteria;p__Bacteroidetes;c__Flavobacteriia;o__Flavobacteriales;f__[Weeksellaceae];g__Chryseobacterium	0.0143424385569	0.00614300687085	0.0110944711024	6.44329896907e-05	0.000546015452237	0.000141249588022	0.00117172243198	0.000109762254956	0.000157716268433	4.84989572724e-05	3.11575011684e-05	0.0	0.0	0.0	0.000340491215327	0.000689886267321	0.0019250160418	0.000418959836987	0.000677495579754	0.00041892127771	5.70591703597e-05	0.000384008192175	0.0	0.000434831928007	0.000259504346698	5.8802775491e-05	1.68523230927e-05
k__Bacteria;p__Bacteroidetes;c__Flavobacteriia;o__Flavobacteriales;f__[Weeksellaceae];g__Elizabethkingia	3.42301636202e-05	0.000203796436474	0.0	0.0	0.0	0.0	7.81148287983e-05	0.0	0.0	0.0	0.0	0.0	0.0	0.0	0.0	0.0	1.83334861124e-05	0.0	0.0	0.0	0.0	0.0	0.0	0.000245774568004	0.0	0.0	0.0
k__Bacteria;p__Bacteroidetes;c__Flavobacteriia;o__Flavobacteriales;f__[Weeksellaceae];g__Wautersiella	0.0	0.000145568883196	6.11265625478e-05	0.0	0.0	0.0	0.0	4.39049019823e-05	0.0486028967221	0.0	0.0	0.0	0.0	0.0	0.0	0.0	0.000110000916674	0.0	0.0	0.0	0.0	0.0	0.0	0.0	0.0	0.0	0.0
k__Bacteria;p__Bacteroidetes;c__Flavobacteriia;o__Flavobacteriales;f__[Weeksellaceae];g__Weeksella	0.0	8.73413299173e-05	0.0	0.0	0.0	0.0	0.0	0.0	0.0	0.0	0.0	0.0	0.0	0.0	0.0	0.0	0.0	0.0	0.0	0.0	0.0	0.0	0.0	0.0	0.0	0.0	0.0
k__Bacteria;p__Bacteroidetes;c__Sphingobacteriia;o__Sphingobacteriales;f__Sphingobacteriaceae;g__	0.00133497638119	0.00145568883196	0.00241449922064	0.0	0.0	0.0	5.20765525322e-05	0.0	0.00149830455011	0.0	0.0	0.0	0.0	0.0	0.0	0.0	0.000146667888899	1.90436289539e-05	0.0	0.0	0.0	0.000106668942271	0.0	0.0	0.0	0.0	0.0
k__Bacteria;p__Bacteroidetes;c__Sphingobacteriia;o__Sphingobacteriales;f__Sphingobacteriaceae;g__Mucilaginibacter	6.84603272404e-05	2.91137766391e-05	3.05632812739e-05	0.0	0.0	0.0	0.0	0.0	0.0	0.0	0.0	0.0	0.0	0.0	0.0	0.0	0.0	0.0	0.0	0.0	0.0	0.0	0.0	0.0	0.0	0.0	0.0
k__Bacteria;p__Bacteroidetes;c__Sphingobacteriia;o__Sphingobacteriales;f__Sphingobacteriaceae;g__Pedobacter	0.00133497638119	0.00064050308606	0.000978025000764	0.0	0.0	4.70831960073e-05	0.0	0.0	0.000289146492127	0.0	0.0	0.0	0.0	0.0	0.0	0.0	0.0	0.0	0.0	0.0	0.0	0.0	0.0	7.56229440012e-05	0.0	0.0	0.0
k__Bacteria;p__Bacteroidetes;c__Sphingobacteriia;o__Sphingobacteriales;f__Sphingobacteriaceae;g__Sphingobacterium	0.133497638119	0.0167113077908	0.0224028851738	0.000536941580756	0.000819023178356	0.000141249588022	0.00046868897279	0.000109762254956	0.163840916857	2.42494786362e-05	9.34725035052e-05	0.000560677797159	0.000150298449779	9.85391569975e-05	0.000249693557906	0.00187254843987	0.00559171326428	0.000571308868618	0.000859262686518	0.000226915692093	0.000171177511079	0.000725348807441	0.000214109838347	0.000189057360003	0.000389256520047	0.000117605550982	8.42616154637e-05
k__Bacteria;p__Bacteroidetes;c__[Saprospirae];o__[Saprospirales];f__Chitinophagaceae;g__	0.00160881769015	0.000786071969256	0.000978025000764	0.0	0.0	2.35415980037e-05	0.0	0.0	0.000368004626344	2.42494786362e-05	0.0	0.0	0.0	4.92695784988e-05	9.07976574204e-05	0.0	0.00282335686131	3.80872579079e-05	0.000115669977031	3.49101064758e-05	0.0	8.53351538166e-05	0.0	1.89057360003e-05	0.0	5.8802775491e-05	1.68523230927e-05
k__Bacteria;p__Bacteroidetes;c__[Saprospirae];o__[Saprospirales];f__Chitinophagaceae;g__Chitinophaga	0.000342301636202	8.73413299173e-05	0.000152816406369	0.000107388316151	0.0	0.0	0.0	0.0	0.0	0.0	0.0	0.0	0.0	0.0	0.0	0.0	0.0	0.0	0.0	0.0	0.0	0.0	0.0	0.0	0.0	0.0	0.0
k__Bacteria;p__Bacteroidetes;c__[Saprospirae];o__[Saprospirales];f__Chitinophagaceae;g__Niabella	0.000102690490861	0.000232910213113	0.00039732265656	0.0	0.0	0.0	0.0	0.0	0.0	0.0	0.0	0.0	0.0	0.0	0.0	0.0	0.0	0.0	3.30485648661e-05	0.0	0.0	0.0	0.0	0.0	0.0	0.0	0.0
k__Bacteria;p__Bacteroidetes;c__[Saprospirae];o__[Saprospirales];f__Chitinophagaceae;g__Sediminibacterium	0.0	0.0	0.0	0.0	0.0	0.0	0.0	0.0	0.0	2.42494786362e-05	9.34725035052e-05	0.0	0.000300596899558	0.0	0.000340491215327	5.91331086275e-05	1.83334861124e-05	0.0	6.60971297321e-05	0.0	0.0	0.0	0.0	3.78114720006e-05	0.0	0.0	0.0
k__Bacteria;p__Chloroflexi;c__Anaerolineae;o__SBR1031;f__A4b;g__	0.0	0.0	9.16898438216e-05	0.0	0.0	0.0	0.0	0.0	0.0	0.0	0.0	0.0	0.0	0.0	0.0	0.0	0.0	0.0	0.0	0.0	0.0	0.0	0.0	0.0	0.0	0.0	0.0
k__Bacteria;p__Chloroflexi;c__Chloroflexi;o__Herpetosiphonales;f__;g__	3.42301636202e-05	8.73413299173e-05	0.0	0.0	0.0	0.0	0.0	0.0	0.0	0.0	0.0	0.0	0.0	0.0	0.0	0.0	0.0	0.0	0.0	0.0	0.0	0.0	0.0	0.0	0.0	0.0	0.0
k__Bacteria;p__Cyanobacteria;c__Chloroplast;o__Streptophyta;f__;g__	0.160231395906	0.387417025737	0.463094837862	0.000171821305842	0.000218406180895	0.000117707990018	0.00046868897279	0.000153667156938	7.88581342165e-05	0.000218245307726	3.11575011684e-05	6.22975330177e-05	6.44136213338e-05	2.46347892494e-05	0.000862577745494	0.00224705812785	0.00210835090292	0.000495134352802	0.000446155625692	0.00083784255542	0.000342355022158	0.000682681230533	0.0	0.000245774568004	0.000834121114386	0.000333215727782	0.000269637169484
k__Bacteria;p__Firmicutes;c__Bacilli;Other;Other;Other	0.0	0.0	0.0	0.0	0.0	0.0	0.0	0.0	0.0	0.0	0.0	0.0	0.0	7.39043677481e-05	0.0	0.0	0.0	0.0	0.0	0.0	0.0	0.0	0.0	0.0	0.0	0.0	0.0
k__Bacteria;p__Firmicutes;c__Bacilli;o__Bacillales;Other;Other	0.0	0.000116455106556	0.0	2.14776632302e-05	0.000136503863059	2.35415980037e-05	5.20765525322e-05	2.19524509912e-05	0.00110401387903	7.27484359086e-05	3.11575011684e-05	0.000311487665088	4.29424142225e-05	4.92695784988e-05	6.80982430653e-05	0.0	1.83334861124e-05	1.90436289539e-05	1.6524282433e-05	1.74550532379e-05	7.60788938129e-05	0.000149336519179	0.0	1.89057360003e-05	1.85360247641e-05	0.0	0.0
k__Bacteria;p__Firmicutes;c__Bacilli;o__Bacillales;f__;g__	0.0	0.0	0.0	0.0	0.0	0.0	0.0	0.0	0.0	2.42494786362e-05	0.0	0.0	0.0	0.0	0.000226994143551	0.0	0.0	0.0	6.60971297321e-05	0.0	0.0	0.0	0.0	0.0	0.0	0.0	0.0
k__Bacteria;p__Firmicutes;c__Bacilli;o__Bacillales;f__Alicyclobacillaceae;g__Alicyclobacillus	6.84603272404e-05	0.0	0.0	0.0	8.19023178356e-05	0.000564998352088	2.60382762661e-05	0.0	0.0	0.0	0.000280417510516	0.0	0.0	0.00650358436184	0.0	0.0	0.000110000916674	0.0	0.0	1.74550532379e-05	0.0	0.0	0.0	1.89057360003e-05	0.0	0.0	0.0
k__Bacteria;p__Firmicutes;c__Bacilli;o__Bacillales;f__Bacillaceae;Other	0.0	0.0	0.0	0.0	2.73007726119e-05	0.0	0.0	0.0	0.0	0.0	0.0	0.0	0.0	0.0	0.0	1.97110362092e-05	1.83334861124e-05	0.0	0.0	0.0	1.90197234532e-05	0.0	0.0	0.0	1.85360247641e-05	1.96009251637e-05	6.7409292371e-05
k__Bacteria;p__Firmicutes;c__Bacilli;o__Bacillales;f__Bacillaceae;g__	0.0	0.0	0.000152816406369	0.000128865979381	0.000163804635671	0.0	5.20765525322e-05	0.000153667156938	0.0	2.42494786362e-05	3.11575011684e-05	0.000124595066035	0.0	2.46347892494e-05	2.26994143551e-05	0.0	0.000660005500046	0.0	1.6524282433e-05	0.000122185372665	3.80394469064e-05	0.000277339249904	4.28219676694e-05	0.0	9.26801238206e-05	7.84037006547e-05	0.0
k__Bacteria;p__Firmicutes;c__Bacilli;o__Bacillales;f__Bacillaceae;g__Bacillus	0.000616142945163	0.000116455106556	0.000427885937834	0.00152491408935	0.00502334216058	0.000871039126136	0.0176018747559	0.0107347485347	0.000578292984255	0.00138222028226	0.00479825517993	0.0193745327685	0.00154592691201	0.00174907003671	0.00817178916784	0.00136006149843	0.00242002016683	0.00146635942945	0.00229687525819	0.00123930877989	0.00222530764403	0.0015360327687	0.000449630660529	0.00120996710402	0.00107508943632	0.000666431455565	0.00107854867794
k__Bacteria;p__Firmicutes;c__Bacilli;o__Bacillales;f__Paenibacillaceae;Other	0.0	0.0	0.0	4.29553264605e-05	0.0	4.70831960073e-05	7.81148287983e-05	0.0	0.0	2.42494786362e-05	0.0	0.000124595066035	0.0	0.000123173946247	0.000204294729196	0.0	1.83334861124e-05	3.80872579079e-05	4.95728472991e-05	0.0	5.70591703597e-05	8.53351538166e-05	0.0	0.0	0.0	0.0	3.37046461855e-05
k__Bacteria;p__Firmicutes;c__Bacilli;o__Bacillales;f__Paenibacillaceae;g__Cohnella	0.0	0.0	0.0	0.000128865979381	0.0	0.0	0.0	0.0	0.0	0.0	0.0	6.22975330177e-05	0.0	0.0	0.0	0.0	0.0	0.0	0.0	0.0	5.70591703597e-05	0.0	0.0	0.0	0.0	1.96009251637e-05	0.000101113938556
k__Bacteria;p__Firmicutes;c__Bacilli;o__Bacillales;f__Paenibacillaceae;g__Paenibacillus	0.00140343670843	0.000931640852451	0.00106971484459	0.00128865979381	0.00150154249365	0.000941663920147	0.00197890899622	0.000482953921805	0.000657151118471	0.000678985401814	0.00077893752921	0.0123349115375	0.00180358139735	0.00391693149065	0.00433558814183	0.000788441448367	0.00194334952791	0.00359924587229	0.00226382669333	0.000680747076279	0.00342355022158	0.00157870034561	0.000770795418049	0.000907475328015	0.00129752173349	0.000882041632365	0.000724649892988
k__Bacteria;p__Firmicutes;c__Bacilli;o__Bacillales;f__Planococcaceae;Other	0.0	0.0	0.0	0.0	0.0	0.0	0.0	0.0	0.000105144178955	0.0	0.0	0.0	0.0	0.0	0.0	0.0	1.83334861124e-05	0.0	0.0	0.0	0.0	0.0	0.0	0.0	0.000111216148585	0.0	0.0
k__Bacteria;p__Firmicutes;c__Bacilli;o__Bacillales;f__Planococcaceae;g__	0.0	0.0	0.0	0.0	5.46015452237e-05	0.0	2.60382762661e-05	0.0	0.0	0.0	0.0	0.0	0.0	2.46347892494e-05	4.53988287102e-05	0.0	0.0	0.0	0.0	0.0	0.0	2.13337884542e-05	0.0	0.0	0.0	0.0	0.0
k__Bacteria;p__Firmicutes;c__Bacilli;o__Bacillales;f__Planococcaceae;g__Planomicrobium	3.42301636202e-05	0.0	3.05632812739e-05	0.0	0.0	0.0	0.0	0.0	0.000184002313172	2.42494786362e-05	0.0	0.0	2.14712071113e-05	0.0	2.26994143551e-05	0.0	1.83334861124e-05	0.0	0.0	0.0	0.0	0.0	0.0	1.89057360003e-05	1.85360247641e-05	0.0	0.0
k__Bacteria;p__Firmicutes;c__Bacilli;o__Bacillales;f__Planococcaceae;g__Rummeliibacillus	0.0	0.0	0.0	0.0	0.0	0.0	0.0	0.0	0.00092001156586	0.0	0.0	0.0	0.0	0.0	0.0	0.0	0.0	0.0	0.0	0.0	1.90197234532e-05	0.0	0.0	0.0	0.0	0.0	0.0
k__Bacteria;p__Firmicutes;c__Bacilli;o__Bacillales;f__Planococcaceae;g__Sporosarcina	0.0	0.0	0.0	0.0	5.46015452237e-05	0.0	0.0	0.0	0.0	0.0	0.0	0.0	0.0	0.0	2.26994143551e-05	0.0	0.0	1.90436289539e-05	0.0	0.0	0.0	0.0	0.0	0.0	0.0	0.0	0.0
k__Bacteria;p__Firmicutes;c__Bacilli;o__Bacillales;f__Staphylococcaceae;g__Jeotgalicoccus	0.0	0.0	0.0	0.0	0.0	0.0	0.0	0.0	0.0	0.0	0.0	0.0	0.0	0.0	0.000158895900486	0.0	0.0	0.0	0.0	0.0	0.0	0.0	0.0	0.0	0.0	0.0	0.0
k__Bacteria;p__Firmicutes;c__Bacilli;o__Bacillales;f__Staphylococcaceae;g__Staphylococcus	0.0	0.0	0.0	0.0	0.0	0.0	0.0	0.0	0.000131430223694	0.0	0.0	0.0	0.0	0.0	0.0	0.0	0.0	0.0	0.0	0.0	0.0	2.13337884542e-05	0.0	0.0	0.0	0.0	0.0
k__Bacteria;p__Firmicutes;c__Bacilli;o__Lactobacillales;Other;Other	0.0	0.0	0.0	2.14776632302e-05	0.0	0.0	7.81148287983e-05	8.78098039646e-05	0.000289146492127	2.42494786362e-05	3.11575011684e-05	0.0	0.0	4.92695784988e-05	2.26994143551e-05	1.97110362092e-05	1.83334861124e-05	0.0	3.30485648661e-05	0.0	0.0	4.26675769083e-05	0.0	3.78114720006e-05	7.41440990565e-05	1.96009251637e-05	0.0
k__Bacteria;p__Firmicutes;c__Bacilli;o__Lactobacillales;f__;g__	0.0	0.0	0.0	4.29553264605e-05	0.0	2.35415980037e-05	2.60382762661e-05	0.0	7.88581342165e-05	2.42494786362e-05	0.0	0.000124595066035	0.0	0.0	9.07976574204e-05	0.000177399325883	5.50004583372e-05	1.90436289539e-05	1.6524282433e-05	8.72752661896e-05	0.000133138064173	0.0	6.42329515041e-05	3.78114720006e-05	3.70720495283e-05	1.96009251637e-05	1.68523230927e-05
k__Bacteria;p__Firmicutes;c__Bacilli;o__Lactobacillales;f__Aerococcaceae;g__	0.0	0.0	9.16898438216e-05	0.0	0.0	0.0	0.0	0.0	0.0	0.0	0.0	0.0	0.0	0.0	0.0	0.0	0.0	0.0	0.0	0.0	0.0	0.0	0.0	0.0	0.0	0.0	0.0
k__Bacteria;p__Firmicutes;c__Bacilli;o__Lactobacillales;f__Enterococcaceae;Other	0.0	2.91137766391e-05	6.11265625478e-05	0.0	0.0	0.0	0.0	0.0	0.00144573246064	0.0	0.0	0.0	0.0	2.46347892494e-05	0.0	0.0	3.66669722248e-05	0.0	0.0	1.74550532379e-05	0.0	2.13337884542e-05	0.0	0.0	0.0	0.0	0.0
k__Bacteria;p__Firmicutes;c__Bacilli;o__Lactobacillales;f__Enterococcaceae;g__	0.0	0.0	0.0	0.0	0.0	0.0	2.60382762661e-05	2.19524509912e-05	7.88581342165e-05	0.0	0.0	0.0	0.0	0.0	0.0	0.0	0.0	0.0	1.6524282433e-05	0.0	0.0	0.0	0.0	0.0	0.0	0.0	0.0
k__Bacteria;p__Firmicutes;c__Bacilli;o__Lactobacillales;f__Enterococcaceae;g__Enterococcus	0.000273841308961	0.000116455106556	0.000366759375287	0.0	0.0	0.0	2.60382762661e-05	8.78098039646e-05	0.0290460794364	7.27484359086e-05	0.00018694500701	0.0	4.29424142225e-05	0.0	0.0	3.94220724183e-05	0.000971674763956	3.80872579079e-05	0.000115669977031	0.000139640425903	7.60788938129e-05	2.13337884542e-05	2.14109838347e-05	5.67172080009e-05	0.000203896272405	0.0	5.05569692782e-05
k__Bacteria;p__Firmicutes;c__Bacilli;o__Lactobacillales;f__Lactobacillaceae;Other	0.000102690490861	2.91137766391e-05	3.05632812739e-05	0.000171821305842	0.000709820087908	2.35415980037e-05	0.00130191381331	0.000263429411894	0.000420576715822	0.000315243222271	0.000155787505842	0.000436082731124	0.00843818439473	4.92695784988e-05	0.000317791800972	0.00124179528118	0.000751672930608	0.000361828950125	0.000181767106763	0.000576016756851	5.70591703597e-05	0.000960020480437	0.000107054919174	0.000453737664007	0.000370720495283	0.013897055941	0.000202227877113
k__Bacteria;p__Firmicutes;c__Bacilli;o__Lactobacillales;f__Lactobacillaceae;g__	0.0	0.0	0.0	4.29553264605e-05	0.000163804635671	0.0	0.000338497591459	6.58573529735e-05	2.62860447388e-05	2.42494786362e-05	3.11575011684e-05	0.0	0.00180358139735	4.92695784988e-05	2.26994143551e-05	0.000157688289673	0.0	1.90436289539e-05	1.6524282433e-05	0.0	0.0	8.53351538166e-05	0.0	0.0	3.70720495283e-05	0.00105844995884	1.68523230927e-05
k__Bacteria;p__Firmicutes;c__Bacilli;o__Lactobacillales;f__Lactobacillaceae;g__Lactobacillus	0.00119805572671	0.00139746127868	0.00152816406369	0.980713058419	0.9742826722	0.992466688639	0.956229657597	0.98250389656	0.540099361249	0.92763955575	0.520859947032	0.937577871916	0.940653583544	0.973714679871	0.975393834839	0.956616009304	0.884975708131	0.966407038525	0.975742353388	0.956728923023	0.928086425623	0.921662328796	0.914591585483	0.984440579272	0.984893139817	0.968677721588	0.99019194796
k__Bacteria;p__Firmicutes;c__Bacilli;o__Lactobacillales;f__Lactobacillaceae;g__Pediococcus	0.0	2.91137766391e-05	0.0	2.14776632302e-05	0.0	0.0	0.0	0.0	5.25720894777e-05	0.0	0.0	0.0	0.00017176965689	0.0	0.0	0.00047306486902	0.000128334402787	5.71308868618e-05	0.0	0.000104730319427	0.0	0.000149336519179	0.0	0.0	0.0	0.00321455172684	1.68523230927e-05
k__Bacteria;p__Firmicutes;c__Bacilli;o__Lactobacillales;f__Leuconostocaceae;Other	0.0	0.0	0.0	0.0	0.0	0.0	0.0	0.0	0.0	0.0	0.0	0.0	0.0	0.0	0.0	0.0	3.66669722248e-05	0.0	0.0	0.0	7.60788938129e-05	0.0	0.0	0.0	0.0	0.0	0.0
k__Bacteria;p__Firmicutes;c__Bacilli;o__Lactobacillales;f__Leuconostocaceae;g__	6.84603272404e-05	0.000203796436474	6.11265625478e-05	0.00088058419244	0.000709820087908	0.000306040774048	0.00111964587944	0.000263429411894	0.000184002313172	0.000121247393181	0.000436205016358	0.0	0.000751492248894	0.0	0.000340491215327	0.00309463268484	0.00506004216702	0.000876006931881	0.00117322405275	0.000576016756851	0.000608631150503	0.00108802321116	8.56439353388e-05	0.000321397512005	0.000611688817216	0.000529224979419	0.000286489492577
k__Bacteria;p__Firmicutes;c__Bacilli;o__Lactobacillales;f__Leuconostocaceae;g__Leuconostoc	0.000102690490861	0.000407592872947	0.000825208594395	0.000300687285223	5.46015452237e-05	7.0624794011e-05	0.000182267933863	2.19524509912e-05	0.0	0.0	0.00018694500701	0.000436082731124	2.14712071113e-05	9.85391569975e-05	0.000476687701457	0.000551909013857	0.00045833715281	0.0	0.000247864236496	0.000436376330948	0.000608631150503	0.000320006826812	2.14109838347e-05	0.000132340152002	0.000185360247641	0.000137206476146	8.42616154637e-05
k__Bacteria;p__Firmicutes;c__Bacilli;o__Lactobacillales;f__Leuconostocaceae;g__Weissella	0.000205380981721	0.000174682659835	0.000152816406369	0.000107388316151	8.19023178356e-05	0.000141249588022	0.000208306210129	0.0	0.0	0.000169746350453	6.23150023368e-05	0.000249190132071	0.000150298449779	4.92695784988e-05	2.26994143551e-05	0.000808152484576	0.00122834356953	0.000514177981756	0.000330485648661	0.00033164601152	0.000190197234532	0.000490677134446	4.28219676694e-05	1.89057360003e-05	0.00022243229717	0.0002156101768	0.000101113938556
k__Bacteria;p__Firmicutes;c__Bacilli;o__Lactobacillales;f__Streptococcaceae;g__Lactococcus	0.000581912781543	0.000145568883196	0.000244506250191	0.000128865979381	0.0	0.0	0.000104153105064	2.19524509912e-05	0.0	2.42494786362e-05	0.000124630004674	0.0	6.44136213338e-05	0.000172443524746	0.0	3.94220724183e-05	1.83334861124e-05	0.0	1.6524282433e-05	0.0	0.0	0.0	0.0	3.78114720006e-05	0.0	1.96009251637e-05	0.0
k__Bacteria;p__Firmicutes;c__Bacilli;o__Lactobacillales;f__Streptococcaceae;g__Streptococcus	0.0	0.0	0.0	2.14776632302e-05	0.0	4.70831960073e-05	0.0	2.19524509912e-05	0.00202402544489	0.0	0.0	0.0	0.0	9.85391569975e-05	0.0	0.0	0.0	0.0	0.0	0.0	0.0	0.000362674403721	0.0	0.0	0.0	0.0	0.0
k__Bacteria;p__Firmicutes;c__Bacilli;o__Turicibacterales;f__Turicibacteraceae;g__Turicibacter	0.0	2.91137766391e-05	6.11265625478e-05	2.14776632302e-05	0.0	4.70831960073e-05	0.0	0.0	0.000762295297427	9.69979145448e-05	0.0	0.0	0.0	0.0	0.0	0.0	0.0	0.0	0.0	0.0	0.0	0.0	0.0	0.0	1.85360247641e-05	0.0	0.0
k__Bacteria;p__Firmicutes;c__Clostridia;o__Clostridiales;Other;Other	0.0	0.0	0.0	4.29553264605e-05	8.19023178356e-05	7.0624794011e-05	7.81148287983e-05	4.39049019823e-05	0.000473148805299	4.84989572724e-05	0.0	0.0017443309245	2.14712071113e-05	7.39043677481e-05	4.53988287102e-05	1.97110362092e-05	9.16674305619e-05	0.000114261773724	9.91456945982e-05	1.74550532379e-05	3.80394469064e-05	0.0	0.0	5.67172080009e-05	5.56080742924e-05	7.84037006547e-05	1.68523230927e-05
k__Bacteria;p__Firmicutes;c__Clostridia;o__Clostridiales;f__;g__	0.0	0.0	0.0	0.000128865979381	2.73007726119e-05	0.0	0.000156229657597	0.0	0.000289146492127	2.42494786362e-05	0.0	6.22975330177e-05	0.0	0.000221713103244	0.0	0.0	0.0	0.0	3.30485648661e-05	0.0	5.70591703597e-05	0.000106668942271	0.0	0.0	5.56080742924e-05	3.92018503273e-05	0.0
k__Bacteria;p__Firmicutes;c__Clostridia;o__Clostridiales;f__Christensenellaceae;g__	0.0	0.0	0.0	0.0	0.0	0.0	0.0	0.0	0.0	0.0	0.0	0.0	0.0	0.000123173946247	0.0	0.0	0.0	0.0	0.0	0.0	0.0	0.0	0.0	0.0	0.0	0.0	0.0
k__Bacteria;p__Firmicutes;c__Clostridia;o__Clostridiales;f__Clostridiaceae;Other	0.0	0.0	0.0	0.0	0.0	0.0	2.60382762661e-05	0.0	7.88581342165e-05	0.0	0.0	0.0	0.0	2.46347892494e-05	0.0	0.0	0.0	0.0	0.0	0.0	1.90197234532e-05	4.26675769083e-05	0.0	0.0	0.0	3.92018503273e-05	0.0
k__Bacteria;p__Firmicutes;c__Clostridia;o__Clostridiales;f__Clostridiaceae;g__	0.0	0.0	0.0	0.000257731958763	8.19023178356e-05	7.0624794011e-05	0.000182267933863	0.0	0.000262860447388	9.69979145448e-05	0.000218102508179	0.000436082731124	0.000429424142225	0.00177370482596	0.000635583601943	0.0	1.83334861124e-05	0.0	0.0	0.0	0.0	0.0	0.0	0.0	0.0	0.0	1.68523230927e-05
k__Bacteria;p__Firmicutes;c__Clostridia;o__Clostridiales;f__Clostridiaceae;g__Clostridium	0.0	0.000145568883196	0.000122253125096	2.14776632302e-05	2.73007726119e-05	2.35415980037e-05	0.000520765525322	0.0	0.0	0.000266744264998	0.00018694500701	0.000498380264142	8.58848284451e-05	0.00165053087971	0.000680982430653	0.0	0.000293335777798	0.0	8.26214121652e-05	0.0	5.70591703597e-05	4.26675769083e-05	2.14109838347e-05	3.78114720006e-05	0.0	1.96009251637e-05	6.7409292371e-05
k__Bacteria;p__Firmicutes;c__Clostridia;o__Clostridiales;f__Clostridiaceae;g__SMB53	0.0	0.0	0.0	0.0	8.19023178356e-05	2.35415980037e-05	0.000286421038927	0.0	5.25720894777e-05	0.0	0.0	0.000124595066035	0.0	0.000221713103244	0.0	0.0	0.0	0.0	0.0	0.0	0.0	6.40013653625e-05	0.0	0.0	0.000148288198113	0.0	0.0
k__Bacteria;p__Firmicutes;c__Clostridia;o__Clostridiales;f__Lachnospiraceae;Other	0.0	0.0	0.0	0.0	0.0	0.0	0.0	0.0	5.25720894777e-05	4.84989572724e-05	0.0	0.0	0.0	0.0	0.0	0.0	0.000201668347236	9.52181447697e-05	6.60971297321e-05	0.0	0.000152157787626	0.0	4.28219676694e-05	7.56229440012e-05	3.70720495283e-05	1.96009251637e-05	1.68523230927e-05
k__Bacteria;p__Firmicutes;c__Clostridia;o__Clostridiales;f__Lachnospiraceae;g__	0.0	0.000203796436474	0.000519575781656	0.000451030927835	0.000655218542685	0.000141249588022	0.00127587553704	0.000482953921805	0.000788581342165	0.000339492700907	0.000373890014021	0.0208696735609	0.000536780177782	0.00137954819797	0.00108957188905	0.000354798651765	0.00176001466679	0.000666527013388	0.000627922732455	0.000139640425903	0.00053255225669	0.000213337884542	0.000107054919174	0.000453737664007	0.000611688817216	0.000196009251637	0.000522422015875
k__Bacteria;p__Firmicutes;c__Clostridia;o__Clostridiales;f__Lachnospiraceae;g__Clostridium	0.0	0.0	0.0	0.0	0.0	0.0	0.0	0.0	0.000105144178955	0.0	0.0	0.0	0.0	0.0	0.0	0.0	0.0	0.0	0.0	0.0	0.0	0.0	0.0	0.0	0.0	0.0	0.0
k__Bacteria;p__Firmicutes;c__Clostridia;o__Clostridiales;f__Lachnospiraceae;g__Coprococcus	0.000205380981721	2.91137766391e-05	0.000183379687643	0.000429553264605	0.000327609271342	0.000282499176044	0.000364535867726	0.000417096568832	0.000762295297427	0.000775983316359	0.000654307524537	0.00249190132071	0.00115944518401	0.00142881777646	0.000817178916784	0.00096584077425	0.00254835456962	0.000914094189789	0.00109060264058	0.000628381916565	0.000285295851798	0.00168536928788	8.56439353388e-05	0.000472643400008	0.000296576396226	0.000999647183347	0.00102799170866
k__Bacteria;p__Firmicutes;c__Clostridia;o__Clostridiales;f__Peptostreptococcaceae;Other	0.0	0.0	0.0	0.0	0.0	0.0	0.0	0.0	0.000105144178955	0.0	0.0	0.0	0.0	0.0	0.0	0.0	0.0	0.0	0.0	0.0	0.0	0.0	0.0	0.0	0.0	0.0	0.0
k__Bacteria;p__Firmicutes;c__Clostridia;o__Clostridiales;f__Ruminococcaceae;g__	0.0	0.0	0.0	0.0	0.0	0.0	0.0	0.0	0.0	0.0	0.0	0.0	0.0	0.0	0.0	0.0	0.0	0.0	0.0	0.0	0.000266276128345	0.0	0.0	0.0	0.0	0.0	0.0
k__Bacteria;p__Firmicutes;c__Clostridia;o__Clostridiales;f__Ruminococcaceae;g__Ruminococcus	0.0	0.0	0.0	0.0	0.0	0.0	0.0	0.0	0.0	0.0	0.0	0.0	0.0	0.0	0.0	0.0	0.0	0.0	0.0	3.49101064758e-05	0.0	0.0	0.0	7.56229440012e-05	1.85360247641e-05	0.000117605550982	0.0
k__Bacteria;p__Firmicutes;c__Clostridia;o__Clostridiales;f__Veillonellaceae;g__	0.0	0.0	0.0	0.0	0.0	0.0	0.0	0.0	2.62860447388e-05	0.0	0.0	0.0	0.0	0.000172443524746	0.0	0.0	0.000201668347236	3.80872579079e-05	0.0	0.0	7.60788938129e-05	0.0	0.0	0.0	0.0	0.0	0.0
k__Bacteria;p__Firmicutes;c__Erysipelotrichi;o__Erysipelotrichales;f__Erysipelotrichaceae;g__[Eubacterium]	0.0	0.0	0.0	0.0	0.0	0.0	0.0	0.0	0.0	0.0	0.0	0.0	0.0	0.0	0.0	0.0	0.0	0.0	0.0	0.0	0.0	0.0	0.0	0.0	7.41440990565e-05	0.0	0.0
k__Bacteria;p__Fusobacteria;c__Fusobacteriia;o__Fusobacteriales;f__Leptotrichiaceae;g__Leptotrichia	0.0	0.0	0.0	0.0	0.0	0.0	0.0	0.0	0.0	0.0	0.0	0.0	0.0	0.000197078313995	0.0	0.0	0.0	0.0	0.0	0.0	0.0	0.0	0.0	0.0	0.0	0.0	0.0
k__Bacteria;p__Gemmatimonadetes;c__Gemm-3;o__;f__;g__	3.42301636202e-05	0.0	0.000183379687643	0.0	0.0	0.0	0.0	0.0	0.0	0.0	0.0	0.0	0.0	0.0	0.0	0.0	0.0	0.0	0.0	0.0	0.0	0.0	0.0	0.0	0.0	0.0	0.0
k__Bacteria;p__Planctomycetes;c__Planctomycetia;o__Gemmatales;f__Gemmataceae;g__Gemmata	0.0	0.0	0.0	0.0	0.0	0.0	0.0	0.0	0.0	0.0	0.0	0.0	0.0	0.0	0.0	5.91331086275e-05	0.0	0.0	0.0	0.000139640425903	0.0	0.0	0.0	0.0	0.0	0.0	0.0
k__Bacteria;p__Planctomycetes;c__Planctomycetia;o__Gemmatales;f__Isosphaeraceae;g__	0.000239611145341	0.000174682659835	0.000213942968917	0.0	0.0	0.0	0.0	0.0	0.0	0.0	0.0	0.0	0.0	0.0	0.0	0.0	0.0	0.0	1.6524282433e-05	0.0	0.0	0.0	0.0	0.0	0.0	0.0	0.0
k__Bacteria;p__Planctomycetes;c__Planctomycetia;o__Pirellulales;f__Pirellulaceae;g__	3.42301636202e-05	5.82275532782e-05	0.0	0.0	0.0	0.0	0.0	0.0	0.0	0.0	0.0	0.0	0.0	0.0	0.0	0.0	0.0	0.0	0.0	0.0	0.0	0.0	0.0	0.0	0.0	0.0	0.0
k__Bacteria;p__Planctomycetes;c__Planctomycetia;o__Planctomycetales;f__Planctomycetaceae;g__Planctomyces	3.42301636202e-05	8.73413299173e-05	0.0	0.0	0.0	0.0	0.0	0.0	0.0	0.0	0.0	0.0	0.0	0.0	0.0	0.0	0.0	0.0	0.0	0.0	0.0	0.0	0.0	0.0	0.0	0.0	0.0
k__Bacteria;p__Proteobacteria;Other;Other;Other;Other	0.000239611145341	0.0	0.000152816406369	0.0	0.0	0.0	0.0	0.0	0.0	0.0	0.0	0.0	0.0	0.0	0.0	0.0	0.0	0.0	0.0	0.0	0.0	0.0	0.0	0.0	0.0	0.0	0.0
k__Bacteria;p__Proteobacteria;c__Alphaproteobacteria;Other;Other;Other	3.42301636202e-05	5.82275532782e-05	6.11265625478e-05	0.0	0.0	0.0	0.0	0.0	0.0	2.42494786362e-05	3.11575011684e-05	0.0	0.0	0.0	0.0	0.0	0.0	0.0	0.0	0.0	0.0	0.0	0.0	0.0	0.0	0.0	0.0
k__Bacteria;p__Proteobacteria;c__Alphaproteobacteria;o__;f__;g__	0.0	0.0	0.0	0.0	0.0	2.35415980037e-05	0.0	0.0	0.0	0.0	0.0	0.0	0.0	0.0	0.0	7.88441448367e-05	0.000110000916674	1.90436289539e-05	3.30485648661e-05	0.0	0.0	0.0	0.0	0.0	0.0	0.0	0.0
k__Bacteria;p__Proteobacteria;c__Alphaproteobacteria;o__BD7-3;f__;g__	0.000102690490861	0.000116455106556	3.05632812739e-05	0.0	8.19023178356e-05	0.0	0.0	0.0	0.0	0.0	0.0	0.0	0.0	0.0	0.0	0.0	0.0	0.0	6.60971297321e-05	0.0	0.0	0.0	0.0	0.0	0.0	5.8802775491e-05	0.0
k__Bacteria;p__Proteobacteria;c__Alphaproteobacteria;o__Caulobacterales;f__Caulobacteraceae;Other	0.0	2.91137766391e-05	3.05632812739e-05	4.29553264605e-05	2.73007726119e-05	2.35415980037e-05	2.60382762661e-05	0.0	2.62860447388e-05	0.0	0.0	0.0	0.0	0.0	2.26994143551e-05	0.0	3.66669722248e-05	0.0	0.0	0.0	0.0	0.0	2.14109838347e-05	0.0	0.0	1.96009251637e-05	0.0
k__Bacteria;p__Proteobacteria;c__Alphaproteobacteria;o__Caulobacterales;f__Caulobacteraceae;g__	0.00410761963442	0.00180505415162	0.00333139765885	0.000128865979381	5.46015452237e-05	4.70831960073e-05	0.000260382762661	0.0	0.000210288357911	0.0	0.00018694500701	0.0	0.0	0.0	0.000181595314841	7.88441448367e-05	0.000146667888899	0.000209479918493	9.91456945982e-05	0.000209460638855	1.90197234532e-05	2.13337884542e-05	6.42329515041e-05	0.000189057360003	0.0	5.8802775491e-05	0.000117966261649
k__Bacteria;p__Proteobacteria;c__Alphaproteobacteria;o__Caulobacterales;f__Caulobacteraceae;g__Asticcacaulis	6.84603272404e-05	0.0	0.0	0.0	2.73007726119e-05	0.0	0.0	0.0	0.0	0.0	0.0	0.0	0.0	0.0	0.0	0.0	0.0	0.0	0.0	0.0	0.0	0.0	0.0	0.0	0.0	0.0	0.0
k__Bacteria;p__Proteobacteria;c__Alphaproteobacteria;o__Caulobacterales;f__Caulobacteraceae;g__Brevundimonas	0.000102690490861	2.91137766391e-05	3.05632812739e-05	0.0	0.0	0.0	0.0	0.0	0.00996241095602	0.0	0.0	0.0	0.0	0.0	0.0	0.0	0.0	0.0	0.0	0.0	0.0	0.0	0.0	0.0	0.0	0.0	0.0
k__Bacteria;p__Proteobacteria;c__Alphaproteobacteria;o__Caulobacterales;f__Caulobacteraceae;g__Caulobacter	0.000171150818101	0.000174682659835	0.000244506250191	0.0	0.0	0.0	0.0	0.0	0.0	0.0	0.0	0.0	0.0	0.0	0.0	0.0	0.0	0.0	0.0	1.74550532379e-05	5.70591703597e-05	8.53351538166e-05	0.0	0.0	0.0	0.0	0.0
k__Bacteria;p__Proteobacteria;c__Alphaproteobacteria;o__Caulobacterales;f__Caulobacteraceae;g__Mycoplana	0.00102690490861	5.82275532782e-05	9.16898438216e-05	0.0	0.0	0.0	0.0	0.0	2.62860447388e-05	0.0	0.0	0.0	0.0	0.0	0.0	0.0	0.0	0.0	0.0	0.0	0.0	0.0	0.0	0.0	0.0	0.0	0.0
k__Bacteria;p__Proteobacteria;c__Alphaproteobacteria;o__Caulobacterales;f__Caulobacteraceae;g__Phenylobacterium	0.000205380981721	0.000291137766391	0.000305632812739	0.0	5.46015452237e-05	0.0	0.0	0.0	0.0	0.0	0.0	0.0	0.0	0.0	0.0	0.0	0.000146667888899	0.0	0.0	0.0	0.0	0.0	0.0	0.0	0.0	0.0	0.0
k__Bacteria;p__Proteobacteria;c__Alphaproteobacteria;o__Rhizobiales;Other;Other	0.000273841308961	0.000436706649587	0.000213942968917	0.0	0.0	2.35415980037e-05	0.0	0.0	0.000105144178955	0.0	0.0	0.0	0.0	0.0	0.0	0.0	0.0	0.0	0.0	0.0	0.0	0.0	0.0	0.0	0.0	0.0	0.0
k__Bacteria;p__Proteobacteria;c__Alphaproteobacteria;o__Rhizobiales;f__;g__	0.00112959539947	0.000931640852451	0.00116140468841	0.0	0.0	0.0	0.0	0.0	0.0	0.0	0.0	0.0	0.0	0.0	0.0	5.91331086275e-05	0.000220001833349	5.71308868618e-05	6.60971297321e-05	0.0	0.0	0.0	0.0	0.0	1.85360247641e-05	3.92018503273e-05	0.0
k__Bacteria;p__Proteobacteria;c__Alphaproteobacteria;o__Rhizobiales;f__Aurantimonadaceae;g__	0.00177996850825	0.000931640852451	0.00119196796968	0.0	0.0	0.0	0.0	0.0	0.0	0.0	0.0	0.000311487665088	0.0	0.0	0.0	0.0	0.000238335319461	0.0	9.91456945982e-05	5.23651597137e-05	0.0	0.0	0.0	0.0	0.000148288198113	5.8802775491e-05	0.000101113938556
k__Bacteria;p__Proteobacteria;c__Alphaproteobacteria;o__Rhizobiales;f__Bradyrhizobiaceae;Other	0.000136920654481	8.73413299173e-05	0.000122253125096	0.0	0.0	0.0	0.0	0.0	0.0	0.0	0.0	0.0	0.0	0.0	0.0	0.0	0.0	0.0	0.0	0.0	0.0	0.0	0.0	0.0	0.0	0.0	0.0
k__Bacteria;p__Proteobacteria;c__Alphaproteobacteria;o__Rhizobiales;f__Bradyrhizobiaceae;g__	0.000205380981721	0.000145568883196	9.16898438216e-05	0.0	0.0	0.0	0.0	0.0	0.0	0.0	9.34725035052e-05	0.0	6.44136213338e-05	0.000295617470993	0.0	0.0	0.000110000916674	0.0	3.30485648661e-05	0.0	0.0	0.0	0.0	0.0	0.0	0.0	5.05569692782e-05
k__Bacteria;p__Proteobacteria;c__Alphaproteobacteria;o__Rhizobiales;f__Bradyrhizobiaceae;g__Balneimonas	3.42301636202e-05	5.82275532782e-05	0.0	0.0	0.0	0.0	0.0	0.0	0.0	0.0	0.0	0.0	0.0	0.0	0.0	0.0	0.0	0.0	0.0	0.0	0.0	0.0	0.0	0.0	0.0	0.0	0.0
k__Bacteria;p__Proteobacteria;c__Alphaproteobacteria;o__Rhizobiales;f__Bradyrhizobiaceae;g__Bosea	0.000855754090505	0.000931640852451	0.00055013906293	0.000128865979381	0.0	0.0	0.0	0.0	2.62860447388e-05	0.0	0.0	0.0	4.29424142225e-05	7.39043677481e-05	0.0	0.0	7.33339444495e-05	5.71308868618e-05	0.0	0.0	0.0	0.0	2.14109838347e-05	0.0	0.0	0.0	6.7409292371e-05
k__Bacteria;p__Proteobacteria;c__Alphaproteobacteria;o__Rhizobiales;f__Brucellaceae;Other	0.000102690490861	8.73413299173e-05	0.000122253125096	0.0	0.0	0.0	0.0	0.0	0.00604579028994	0.0	0.0	0.0	0.0	0.0	0.0	0.0	0.0	0.0	0.0	0.0	0.0	0.0	0.0	0.0	0.0	0.0	0.0
k__Bacteria;p__Proteobacteria;c__Alphaproteobacteria;o__Rhizobiales;f__Brucellaceae;g__	6.84603272404e-05	0.0	3.05632812739e-05	0.0	0.0	0.0	0.0	0.0	0.0	0.0	0.0	0.0	0.0	0.0	0.0	0.0	0.0	0.0	0.0	0.0	0.0	0.0	0.0	0.0	0.0	0.0	0.0
k__Bacteria;p__Proteobacteria;c__Alphaproteobacteria;o__Rhizobiales;f__Brucellaceae;g__Ochrobactrum	0.00838639008694	0.00436706649587	0.0088939148507	8.5910652921e-05	0.00103742935925	7.0624794011e-05	0.000130191381331	0.0	0.00212916962385	7.27484359086e-05	3.11575011684e-05	0.0	0.000107356035556	2.46347892494e-05	0.0	3.94220724183e-05	0.00276835640297	0.00148540305841	0.000181767106763	0.0	0.000228236681439	0.000149336519179	4.28219676694e-05	0.0	9.26801238206e-05	7.84037006547e-05	3.37046461855e-05
k__Bacteria;p__Proteobacteria;c__Alphaproteobacteria;o__Rhizobiales;f__Brucellaceae;g__Pseudochrobactrum	0.0	0.0	3.05632812739e-05	0.0	0.0	0.0	0.0	0.0	0.000105144178955	0.0	0.0	0.0	0.0	0.0	0.0	0.0	0.0	0.0	0.0	0.0	0.0	0.0	0.0	0.0	0.0	0.0	0.0
k__Bacteria;p__Proteobacteria;c__Alphaproteobacteria;o__Rhizobiales;f__Hyphomicrobiaceae;g__Devosia	0.00229342096255	0.00346453942005	0.00375928359669	8.5910652921e-05	0.000218406180895	0.0	0.0	0.0	0.00044686276056	0.0	0.0	0.0	0.0	7.39043677481e-05	0.0	0.000295665543138	0.000275002291686	5.71308868618e-05	9.91456945982e-05	1.74550532379e-05	0.0	0.000149336519179	0.0	0.000170151624003	3.70720495283e-05	7.84037006547e-05	5.05569692782e-05
k__Bacteria;p__Proteobacteria;c__Alphaproteobacteria;o__Rhizobiales;f__Hyphomicrobiaceae;g__Rhodoplanes	3.42301636202e-05	0.000116455106556	0.0	0.0	0.0	0.0	0.0	0.0	0.0	0.0	0.0	0.0	0.0	0.0	0.0	0.0	0.000201668347236	0.0	0.0	0.0	0.0	0.0	0.0	0.0	0.0	0.0	0.0
k__Bacteria;p__Proteobacteria;c__Alphaproteobacteria;o__Rhizobiales;f__Methylobacteriaceae;g__	0.00869446155953	0.00821008501223	0.00935236406981	0.000128865979381	0.000464113134402	2.35415980037e-05	5.20765525322e-05	8.78098039646e-05	0.0	4.84989572724e-05	0.0	0.0	0.000107356035556	0.0	9.07976574204e-05	0.00023653243451	7.33339444495e-05	1.90436289539e-05	0.000198291389196	5.23651597137e-05	0.0	0.000213337884542	2.14109838347e-05	9.45286800015e-05	0.0	0.0	0.0
k__Bacteria;p__Proteobacteria;c__Alphaproteobacteria;o__Rhizobiales;f__Methylobacteriaceae;g__Methylobacterium	0.00243034161703	0.00256201234424	0.00223111953299	0.0	5.46015452237e-05	2.35415980037e-05	0.0	0.0	0.0	0.0	0.0	0.0	0.0	0.0	0.0	0.000256243470719	5.50004583372e-05	0.000285654434309	4.95728472991e-05	0.000226915692093	1.90197234532e-05	0.000128002730725	4.28219676694e-05	0.0	3.70720495283e-05	0.0	3.37046461855e-05
k__Bacteria;p__Proteobacteria;c__Alphaproteobacteria;o__Rhizobiales;f__Methylocystaceae;g__	0.000376531799822	0.000494934202865	9.16898438216e-05	0.0	8.19023178356e-05	0.0	0.0	0.0	0.0	0.0	0.0	0.0	0.0	0.0	0.0	3.94220724183e-05	0.000330002750023	0.0	0.0	0.0	1.90197234532e-05	0.0	0.0	0.0	0.0	0.0	0.0
k__Bacteria;p__Proteobacteria;c__Alphaproteobacteria;o__Rhizobiales;f__Phyllobacteriaceae;Other	0.0	5.82275532782e-05	6.11265625478e-05	0.0	0.0	0.0	0.0	0.0	0.000105144178955	0.0	0.0	0.0	0.0	0.0	0.0	0.0	3.66669722248e-05	1.90436289539e-05	0.0	0.0	0.0	0.0	0.0	0.0	0.0	0.0	0.0
k__Bacteria;p__Proteobacteria;c__Alphaproteobacteria;o__Rhizobiales;f__Phyllobacteriaceae;g__	0.0	0.000203796436474	0.000519575781656	0.0	0.0	0.0	0.0	0.0	2.62860447388e-05	0.0	0.0	0.0	0.0	0.0	0.0	0.0	0.0	0.0	0.0	0.0	0.0	0.0	0.0	0.0	0.0	0.0	0.0
k__Bacteria;p__Proteobacteria;c__Alphaproteobacteria;o__Rhizobiales;f__Phyllobacteriaceae;g__Mesorhizobium	0.000136920654481	5.82275532782e-05	9.16898438216e-05	0.0	0.0	0.0	0.0	0.0	0.0	0.0	0.0	0.0	0.0	0.0	0.0	0.0	0.000110000916674	9.52181447697e-05	0.0	0.0	0.0	0.0	0.0	0.0	0.0	0.0	0.0
k__Bacteria;p__Proteobacteria;c__Alphaproteobacteria;o__Rhizobiales;f__Rhizobiaceae;Other	0.00133497638119	0.000727844415978	0.00152816406369	0.0	0.0	0.0	2.60382762661e-05	0.0	5.25720894777e-05	0.0	0.0	0.0	0.0	0.0	4.53988287102e-05	1.97110362092e-05	0.000201668347236	9.52181447697e-05	1.6524282433e-05	0.0	0.0	0.0	0.0	3.78114720006e-05	1.85360247641e-05	1.96009251637e-05	5.05569692782e-05
k__Bacteria;p__Proteobacteria;c__Alphaproteobacteria;o__Rhizobiales;f__Rhizobiaceae;g__	0.00225919079893	0.00361010830325	0.00461505547236	0.000236254295533	0.000191105408283	0.0	0.0	4.39049019823e-05	0.0	0.0	0.0	0.0	0.0	0.000221713103244	0.0	0.000177399325883	5.50004583372e-05	0.000247567176401	0.00016524282433	0.000104730319427	0.0	2.13337884542e-05	6.42329515041e-05	0.0	0.0	7.84037006547e-05	0.000101113938556
k__Bacteria;p__Proteobacteria;c__Alphaproteobacteria;o__Rhizobiales;f__Rhizobiaceae;g__Agrobacterium	0.0302594646402	0.0114999417724	0.0160457226688	0.000236254295533	0.000136503863059	9.41663920147e-05	0.000416612420258	6.58573529735e-05	0.000604579028994	7.27484359086e-05	0.000155787505842	6.22975330177e-05	0.000300596899558	0.0	6.80982430653e-05	0.00096584077425	0.00196168301403	0.00163775209004	0.000231339954062	0.000541106650375	0.000361374745611	0.000128002730725	8.56439353388e-05	0.000415926192007	0.000259504346698	0.000411619428437	0.000320194138762
k__Bacteria;p__Proteobacteria;c__Alphaproteobacteria;o__Rhizobiales;f__Rhizobiaceae;g__Kaistia	0.000924214417745	0.00136834750204	0.00122253125096	0.0	2.73007726119e-05	0.0	0.0	0.0	0.0	0.0	0.0	0.0	0.0	0.0	0.0	0.0	0.0	0.0	0.0	0.0	0.0	2.13337884542e-05	0.0	0.0	0.0	0.0	0.0
k__Bacteria;p__Proteobacteria;c__Alphaproteobacteria;o__Rhizobiales;f__Rhizobiaceae;g__Rhizobium	0.00123228589033	0.000873413299173	0.0014059109386	0.0	0.0	0.0	0.0	0.0	0.0	9.69979145448e-05	0.0	0.0	0.0	0.0	0.0	0.000275954506928	0.000403336694472	0.000152349031631	1.6524282433e-05	0.0	0.0	0.0	4.28219676694e-05	0.0	0.0	0.0	0.0
k__Bacteria;p__Proteobacteria;c__Alphaproteobacteria;o__Rhizobiales;f__Xanthobacteraceae;g__Labrys	3.42301636202e-05	5.82275532782e-05	0.000122253125096	0.0	0.0	0.0	0.0	0.0	0.0	0.0	0.0	0.0	0.0	0.0	0.0	1.97110362092e-05	0.0	0.0	0.0	0.0	0.0	0.0	0.0	0.0	0.0	0.0	0.0
k__Bacteria;p__Proteobacteria;c__Alphaproteobacteria;o__Rhodobacterales;f__Rhodobacteraceae;Other	0.0	0.0	6.11265625478e-05	0.0	0.0	0.0	0.0	0.0	0.000998869700076	0.0	0.0	0.0	0.0	0.0	0.0	0.0	1.83334861124e-05	0.0	0.0	0.0	0.0	0.0	0.0	0.0	0.0	0.0	0.0
k__Bacteria;p__Proteobacteria;c__Alphaproteobacteria;o__Rhodobacterales;f__Rhodobacteraceae;g__	0.0	0.0	3.05632812739e-05	0.0	0.0	0.0	0.0	2.19524509912e-05	0.000709723207949	0.0	0.0	0.0	0.0	0.0	0.0	0.0	0.0	0.0	0.0	0.0	0.0	0.0	0.0	0.0	3.70720495283e-05	0.0	0.0
k__Bacteria;p__Proteobacteria;c__Alphaproteobacteria;o__Rhodobacterales;f__Rhodobacteraceae;g__Anaerospora	0.0	0.0	0.0	0.0	0.0	0.0	0.0	0.0	0.000394290671083	0.0	0.0	0.0	0.0	0.0	0.0	0.0	0.0	0.0	0.0	0.0	0.0	0.0	0.0	0.0	0.0	0.0	0.0
k__Bacteria;p__Proteobacteria;c__Alphaproteobacteria;o__Rhodobacterales;f__Rhodobacteraceae;g__Jannaschia	0.0	0.0	0.0	0.0	0.0	0.0	0.0	0.0	0.00110401387903	0.0	0.0	0.0	0.0	0.0	0.0	0.0	0.0	0.0	0.0	0.0	0.0	0.0	0.0	0.0	0.0	0.0	0.0
k__Bacteria;p__Proteobacteria;c__Alphaproteobacteria;o__Rhodobacterales;f__Rhodobacteraceae;g__Paracoccus	0.0	0.000174682659835	0.0	0.0	0.0	0.0	0.0	0.0	0.00457377178456	0.0	0.0	0.0	0.0	0.0	0.0	0.0	0.000146667888899	0.0	0.0	0.0	0.0	0.0	0.0	0.0	0.0	0.0	0.0
k__Bacteria;p__Proteobacteria;c__Alphaproteobacteria;o__Rhodobacterales;f__Rhodobacteraceae;g__Rhodobacter	6.84603272404e-05	2.91137766391e-05	9.16898438216e-05	0.0	0.0	0.0	0.0	0.0	0.000105144178955	0.0	0.0	0.0	0.0	0.0	0.0	7.88441448367e-05	0.0	0.0	0.0	0.0	0.0	0.0	0.0	0.0	0.0	0.0	0.0
k__Bacteria;p__Proteobacteria;c__Alphaproteobacteria;o__Rhodospirillales;f__Acetobacteraceae;Other	3.42301636202e-05	0.000145568883196	0.0	0.0	0.0	0.0	0.0	0.0	0.0	2.42494786362e-05	9.34725035052e-05	0.0	2.14712071113e-05	0.0	0.0	0.0	0.0	0.0	0.0	1.74550532379e-05	0.0	2.13337884542e-05	0.0	0.0	0.0	0.0	0.0
k__Bacteria;p__Proteobacteria;c__Alphaproteobacteria;o__Rhodospirillales;f__Acetobacteraceae;g__	0.00205380981721	0.00131011994876	0.0019866132828	0.0	0.0	2.35415980037e-05	5.20765525322e-05	0.0	0.0	0.0	3.11575011684e-05	0.0	2.14712071113e-05	7.39043677481e-05	0.0	0.0	5.50004583372e-05	1.90436289539e-05	0.0	1.74550532379e-05	0.0	0.000192004096087	4.28219676694e-05	0.0	1.85360247641e-05	1.96009251637e-05	0.0
k__Bacteria;p__Proteobacteria;c__Alphaproteobacteria;o__Rhodospirillales;f__Acetobacteraceae;g__Acetobacter	0.0	0.0	0.0	0.0	0.0	0.0	0.000234344486395	6.58573529735e-05	0.0184002313172	0.0621514137446	0.463343199875	0.0	0.0372740155452	0.00137954819797	0.000272392972261	0.000177399325883	0.0	1.90436289539e-05	6.60971297321e-05	0.0242974341072	0.0537307187553	0.0545504970773	0.0811904507012	0.00219306537604	0.000389256520047	0.000235211101964	5.05569692782e-05
k__Bacteria;p__Proteobacteria;c__Alphaproteobacteria;o__Rhodospirillales;f__Acetobacteraceae;g__Acidisoma	0.000136920654481	5.82275532782e-05	0.00110027812586	0.0	0.0	0.0	0.0	0.0	0.0	0.0	0.0	0.0	0.0	0.0	0.0	0.0	1.83334861124e-05	9.52181447697e-05	0.0	0.0	0.0	0.0	0.0	0.0	0.0	0.0	0.0
k__Bacteria;p__Proteobacteria;c__Alphaproteobacteria;o__Rhodospirillales;f__Acetobacteraceae;g__Gluconobacter	0.000136920654481	0.000145568883196	6.11265625478e-05	0.0	0.0	0.0	0.0	0.0	0.0	0.0	0.0	0.0	0.0	0.000147808735496	0.0	0.0	0.00161334677789	0.0	0.0	0.0	7.60788938129e-05	0.0	0.0	0.0	0.0	0.0	0.0
k__Bacteria;p__Proteobacteria;c__Alphaproteobacteria;o__Rhodospirillales;f__Rhodospirillaceae;g__	3.42301636202e-05	0.0	0.0	0.0	0.0	0.0	0.0	0.0	0.000262860447388	0.0	0.0	0.0	0.0	0.0	0.0	0.0	0.0	0.0	0.0	0.0	0.0	0.0	0.0	0.0	0.0	0.0	0.0
k__Bacteria;p__Proteobacteria;c__Alphaproteobacteria;o__Rhodospirillales;f__Rhodospirillaceae;g__Azospirillum	0.000342301636202	0.000465820426226	0.000641828906751	0.000107388316151	0.0	4.70831960073e-05	5.20765525322e-05	0.0	0.0	0.0	0.0	0.0	0.0	0.0	0.0	1.97110362092e-05	0.0	1.90436289539e-05	0.000115669977031	6.98202129516e-05	0.0	0.0	0.0	0.0	0.0	0.0	0.0
k__Bacteria;p__Proteobacteria;c__Alphaproteobacteria;o__Rickettsiales;f__;g__	0.0	0.0	0.000183379687643	0.0	0.0	0.0	5.20765525322e-05	0.0	0.0	0.0	0.0	0.0	0.0	0.0	4.53988287102e-05	0.0	0.0	0.0	0.0	1.74550532379e-05	0.0	0.0	0.0	0.000132340152002	0.0	0.0	1.68523230927e-05
k__Bacteria;p__Proteobacteria;c__Alphaproteobacteria;o__Rickettsiales;f__mitochondria;Other	0.00205380981721	0.00963666006754	0.00837433906904	0.0	0.0	0.0	0.000286421038927	2.19524509912e-05	5.25720894777e-05	2.42494786362e-05	0.0	0.0	0.0	0.0	0.0	0.000354798651765	1.83334861124e-05	7.61745158157e-05	8.26214121652e-05	3.49101064758e-05	0.0	0.000128002730725	0.0	1.89057360003e-05	1.85360247641e-05	0.0	1.68523230927e-05
k__Bacteria;p__Proteobacteria;c__Alphaproteobacteria;o__Rickettsiales;f__mitochondria;g__Carludovica	3.42301636202e-05	0.000174682659835	3.05632812739e-05	0.0	0.0	0.0	0.0	0.0	0.0	0.0	0.0	0.0	0.0	0.0	0.0	0.0	0.0	0.0	0.0	0.0	0.0	0.0	0.0	0.0	0.0	0.0	0.0
k__Bacteria;p__Proteobacteria;c__Alphaproteobacteria;o__Sphingomonadales;Other;Other	0.000102690490861	0.0	3.05632812739e-05	0.0	0.0	0.0	0.0	0.0	0.0	0.0	0.0	0.0	0.0	0.0	0.0	0.0	0.0	0.0	0.0	0.0	0.0	0.0	0.0	0.0	0.0	0.0	0.0
k__Bacteria;p__Proteobacteria;c__Alphaproteobacteria;o__Sphingomonadales;f__Erythrobacteraceae;g__	0.000136920654481	8.73413299173e-05	0.000275069531465	0.0	0.0	0.0	0.0	0.0	0.000105144178955	0.0	0.0	0.0	0.0	0.0	0.0	0.0	0.0	0.0	0.0	0.0	0.0	0.0	0.0	0.0	0.0	0.0	0.0
k__Bacteria;p__Proteobacteria;c__Alphaproteobacteria;o__Sphingomonadales;f__Sphingomonadaceae;Other	0.000787293763264	0.000174682659835	0.00103915156331	0.0	0.0	0.0	0.0	0.0	0.0	0.0	0.0	0.0	0.0	0.0	0.0	0.0	7.33339444495e-05	0.0	0.0	0.0	0.0	0.0	0.0	0.0	0.0	0.0	0.0
k__Bacteria;p__Proteobacteria;c__Alphaproteobacteria;o__Sphingomonadales;f__Sphingomonadaceae;g__	0.000479222290683	0.00113543728893	0.00131422109478	0.0	0.0	0.0	2.60382762661e-05	0.0	0.000131430223694	0.0	0.0	0.0	0.0	0.0	0.0	0.0	3.66669722248e-05	0.000133305402678	0.0	0.0	0.0	0.0	0.0	0.0	3.70720495283e-05	0.0	0.0
k__Bacteria;p__Proteobacteria;c__Alphaproteobacteria;o__Sphingomonadales;f__Sphingomonadaceae;g__Kaistobacter	3.42301636202e-05	8.73413299173e-05	0.0	0.0	0.0	0.0	0.0	0.0	0.0	0.0	0.0	0.0	0.0	0.0	0.0	0.0	0.0	0.0	0.0	0.0	0.0	0.0	0.0	0.0	0.0	0.0	0.0
k__Bacteria;p__Proteobacteria;c__Alphaproteobacteria;o__Sphingomonadales;f__Sphingomonadaceae;g__Novosphingobium	0.00523721503389	0.00384301851636	0.00959687032	0.0	0.0	0.0	0.000442650696524	2.19524509912e-05	2.62860447388e-05	0.0	0.000218102508179	0.0	0.0	0.0	0.0	0.000197110362092	0.00436336969475	0.000457047094894	6.60971297321e-05	0.000366556117996	0.0	0.000106668942271	6.42329515041e-05	5.67172080009e-05	0.0	5.8802775491e-05	0.0
k__Bacteria;p__Proteobacteria;c__Alphaproteobacteria;o__Sphingomonadales;f__Sphingomonadaceae;g__Sphingobium	0.0262887656603	0.00771515080936	0.011491793759	0.0	0.000191105408283	7.0624794011e-05	0.000130191381331	2.19524509912e-05	0.0	4.84989572724e-05	6.23150023368e-05	0.0	0.0	4.92695784988e-05	0.0	0.000827863520785	0.000678338986158	0.000247567176401	0.000313961366228	0.000226915692093	0.000456473362877	0.0	0.0	3.78114720006e-05	0.000463400619103	1.96009251637e-05	5.05569692782e-05
k__Bacteria;p__Proteobacteria;c__Alphaproteobacteria;o__Sphingomonadales;f__Sphingomonadaceae;g__Sphingomonas	0.0624015882796	0.0332188191452	0.0736880711513	0.000966494845361	0.00101012858664	0.000164791186026	0.00247363624528	0.000417096568832	0.000262860447388	0.000606236965905	0.000716622526873	0.0	0.0	0.000591234941985	0.000408589458392	0.00453353832811	0.00630671922266	0.00238045361924	0.00158633111357	0.00181532553674	0.000494512809784	0.00100268805735	0.000214109838347	0.00115324989602	0.00053754471816	0.00125445921047	0.000151670907835
k__Bacteria;p__Proteobacteria;c__Alphaproteobacteria;o__Sphingomonadales;f__Sphingomonadaceae;g__Sphingopyxis	0.000171150818101	0.000727844415978	0.000458449219108	0.0	0.0	0.0	5.20765525322e-05	0.0	0.000788581342165	0.0	0.0	0.0	0.0	0.0	0.0	0.000335087615556	7.33339444495e-05	9.52181447697e-05	3.30485648661e-05	0.0	0.0	2.13337884542e-05	0.0	0.0	0.0	0.0	0.0
k__Bacteria;p__Proteobacteria;c__Betaproteobacteria;o__Burkholderiales;Other;Other	0.000342301636202	0.000145568883196	0.000305632812739	0.0	0.0	0.0	0.0	0.0	5.25720894777e-05	0.0	0.0	0.0	0.0	0.0	0.0	1.97110362092e-05	0.0	0.0	0.0	1.74550532379e-05	0.0	0.0	0.0	0.0	0.0	0.0	0.0
k__Bacteria;p__Proteobacteria;c__Betaproteobacteria;o__Burkholderiales;f__;g__	0.000102690490861	0.0	3.05632812739e-05	0.0	0.0	0.0	0.0	0.0	0.0	0.0	0.0	0.0	0.0	0.0	0.0	0.0	0.0	0.0	0.0	0.0	0.0	0.0	0.0	0.0	0.0	0.0	0.0
k__Bacteria;p__Proteobacteria;c__Betaproteobacteria;o__Burkholderiales;f__Alcaligenaceae;Other	0.000205380981721	0.000494934202865	0.000244506250191	0.0	0.0	0.0	0.0	0.0	0.000368004626344	0.0	0.0	0.0	0.0	0.0	0.0	0.0	0.0	0.0	0.0	0.0	0.0	0.0	0.0	0.0	0.0	0.0	0.0
k__Bacteria;p__Proteobacteria;c__Betaproteobacteria;o__Burkholderiales;f__Alcaligenaceae;g__	0.000650373108783	0.000145568883196	0.000183379687643	0.0	0.0	0.0	0.0	0.0	2.62860447388e-05	0.0	0.0	0.0	0.0	0.0	0.0	1.97110362092e-05	0.0	0.0	0.0	0.0	0.0	2.13337884542e-05	0.0	0.0	0.0	0.0	0.0
k__Bacteria;p__Proteobacteria;c__Betaproteobacteria;o__Burkholderiales;f__Alcaligenaceae;g__Achromobacter	0.0350516875471	0.0193024339117	0.0275069531465	0.000472508591065	0.0011466324497	0.000188332784029	0.000442650696524	0.000175619607929	0.00144573246064	0.000218245307726	0.000218102508179	0.000311487665088	0.000193240864001	7.39043677481e-05	0.000158895900486	0.0019316815485	0.00335502795857	0.000856963302927	0.000561825602723	0.000558561703613	0.000703729767769	0.0010240218458	6.42329515041e-05	0.000737323704012	0.000519008693396	0.000764436081383	0.000842616154637
k__Bacteria;p__Proteobacteria;c__Betaproteobacteria;o__Burkholderiales;f__Alcaligenaceae;g__Pigmentiphaga	0.000205380981721	5.82275532782e-05	0.000122253125096	0.0	0.0	0.0	0.0	0.0	0.0	0.0	0.0	0.0	0.0	0.0	0.000113497071776	0.0	0.0	0.0	0.0	0.0	0.0	0.0	0.0	0.0	0.0	0.0	0.0
k__Bacteria;p__Proteobacteria;c__Betaproteobacteria;o__Burkholderiales;f__Burkholderiaceae;g__	3.42301636202e-05	0.0	0.000183379687643	0.0	0.0	0.0	2.60382762661e-05	0.0	0.0	0.0	0.0	0.0	0.0	0.0	0.0	0.0	0.0	0.0	0.0	0.0	1.90197234532e-05	0.0	0.0	1.89057360003e-05	0.0	0.0	0.0
k__Bacteria;p__Proteobacteria;c__Betaproteobacteria;o__Burkholderiales;f__Burkholderiaceae;g__Burkholderia	0.00622988977887	0.0125480377315	0.0235642898622	6.44329896907e-05	8.19023178356e-05	0.0	0.000104153105064	0.0	7.88581342165e-05	7.27484359086e-05	0.0	0.0	0.0	0.0	0.0	0.000216821398301	0.00212668438904	3.80872579079e-05	6.60971297321e-05	0.0	3.80394469064e-05	6.40013653625e-05	0.0	0.000113434416002	0.000148288198113	0.0	0.0
k__Bacteria;p__Proteobacteria;c__Betaproteobacteria;o__Burkholderiales;f__Burkholderiaceae;g__Pandoraea	0.000581912781543	0.000465820426226	0.000611265625478	0.0	0.0	0.0	0.000260382762661	4.39049019823e-05	0.0	0.0	6.23150023368e-05	0.0	0.0	0.0	0.0	0.000157688289673	0.000110000916674	0.0	0.0	0.0	1.90197234532e-05	0.0	0.0	9.45286800015e-05	0.0	3.92018503273e-05	0.0
k__Bacteria;p__Proteobacteria;c__Betaproteobacteria;o__Burkholderiales;f__Burkholderiaceae;g__Salinispora	0.000342301636202	0.000524047979504	0.000152816406369	0.0	0.0	0.0	0.0	0.0	0.0	0.0	0.0	0.0	0.0	0.0	0.0	1.97110362092e-05	0.0	3.80872579079e-05	0.0	0.0	0.0	0.0	0.0	0.0	0.0	0.0	0.0
k__Bacteria;p__Proteobacteria;c__Betaproteobacteria;o__Burkholderiales;f__Comamonadaceae;Other	0.00575066748819	0.00684173751019	0.007365750787	0.000107388316151	8.19023178356e-05	2.35415980037e-05	0.000260382762661	6.58573529735e-05	0.00402176484504	0.000121247393181	6.23150023368e-05	0.0	0.000128827242668	0.0	0.0	0.000394220724183	0.00130167751398	0.000228523547447	0.000198291389196	8.72752661896e-05	0.000285295851798	4.26675769083e-05	0.0	5.67172080009e-05	1.85360247641e-05	5.8802775491e-05	8.42616154637e-05
k__Bacteria;p__Proteobacteria;c__Betaproteobacteria;o__Burkholderiales;f__Comamonadaceae;g__	0.00571643732457	0.00518225224176	0.0069073015679	0.000171821305842	0.0	0.000117707990018	0.000156229657597	4.39049019823e-05	0.000762295297427	4.84989572724e-05	0.0	6.22975330177e-05	4.29424142225e-05	0.000197078313995	2.26994143551e-05	0.000177399325883	0.000220001833349	9.52181447697e-05	0.000148718541897	0.000139640425903	5.70591703597e-05	2.13337884542e-05	2.14109838347e-05	9.45286800015e-05	1.85360247641e-05	9.80046258183e-05	0.0
k__Bacteria;p__Proteobacteria;c__Betaproteobacteria;o__Burkholderiales;f__Comamonadaceae;g__Acidovorax	3.42301636202e-05	0.0	0.0	0.0	2.73007726119e-05	0.0	0.0	0.0	0.0	0.0	0.0	0.0	0.0	0.0	0.0	0.0	7.33339444495e-05	0.0	0.0	0.0	0.0	0.0	0.0	0.0	0.0	0.0	0.0
k__Bacteria;p__Proteobacteria;c__Betaproteobacteria;o__Burkholderiales;f__Comamonadaceae;g__Comamonas	0.00393646881632	0.00346453942005	0.00498181484764	0.000171821305842	0.000191105408283	4.70831960073e-05	7.81148287983e-05	0.0	0.0267591935441	9.69979145448e-05	0.00018694500701	0.0	0.0	0.000123173946247	0.000317791800972	3.94220724183e-05	0.000403336694472	0.000114261773724	0.000181767106763	0.0	3.80394469064e-05	2.13337884542e-05	2.14109838347e-05	5.67172080009e-05	0.0	5.8802775491e-05	5.05569692782e-05
k__Bacteria;p__Proteobacteria;c__Betaproteobacteria;o__Burkholderiales;f__Comamonadaceae;g__Delftia	0.00301225439858	0.00436706649587	0.00580702344204	6.44329896907e-05	0.0	0.0	0.0	0.0	2.62860447388e-05	0.0	0.0	0.0	0.0	0.0	0.0	0.000512486941439	0.000880007333394	0.000418959836987	0.000181767106763	0.0	0.000152157787626	0.000192004096087	0.0	0.0	0.0	0.0	1.68523230927e-05
k__Bacteria;p__Proteobacteria;c__Betaproteobacteria;o__Burkholderiales;f__Comamonadaceae;g__Hydrogenophaga	3.42301636202e-05	0.0	6.11265625478e-05	0.0	0.0	0.0	0.0	0.0	0.0	0.0	0.0	0.0	0.0	0.0	0.0	0.0	0.0	0.0	0.0	0.0	0.0	0.0	0.0	0.0	0.0	0.0	0.0
k__Bacteria;p__Proteobacteria;c__Betaproteobacteria;o__Burkholderiales;f__Comamonadaceae;g__Hylemonella	0.0	2.91137766391e-05	6.11265625478e-05	0.0	0.0	0.0	0.0	0.0	0.0	0.0	0.0	0.0	0.0	0.0	0.0	0.0	0.0	0.0	0.0	0.0	0.0	0.0	0.0	0.0	0.0	0.0	0.0
k__Bacteria;p__Proteobacteria;c__Betaproteobacteria;o__Burkholderiales;f__Comamonadaceae;g__Limnohabitans	0.00109536523585	0.00107720973565	0.00137534765732	2.14776632302e-05	0.0	0.0	2.60382762661e-05	4.39049019823e-05	0.0	2.42494786362e-05	0.0	0.0	0.0	0.0	0.0	1.97110362092e-05	7.33339444495e-05	0.0	0.0	1.74550532379e-05	0.000171177511079	6.40013653625e-05	0.0	0.0	0.0	0.0	0.0
k__Bacteria;p__Proteobacteria;c__Betaproteobacteria;o__Burkholderiales;f__Comamonadaceae;g__Methylibium	0.000102690490861	2.91137766391e-05	0.0	0.0	0.0	0.0	0.0	0.0	0.0	0.0	0.0	0.0	0.0	0.0	0.0	0.0	1.83334861124e-05	0.0	0.0	0.0	0.0	0.0	0.0	0.0	0.0	0.0	0.0
k__Bacteria;p__Proteobacteria;c__Betaproteobacteria;o__Burkholderiales;f__Comamonadaceae;g__Paucibacter	3.42301636202e-05	0.000116455106556	0.000152816406369	0.0	0.0	0.0	0.0	0.0	0.0	0.0	0.0	0.0	0.0	0.0	0.0	0.0	3.66669722248e-05	0.0	0.0	0.0	0.0	0.0	0.0	0.0	0.0	0.0	0.0
k__Bacteria;p__Proteobacteria;c__Betaproteobacteria;o__Burkholderiales;f__Comamonadaceae;g__Variovorax	0.000102690490861	0.000174682659835	0.000336196094013	0.0	0.0	0.0	0.0	0.0	0.0	0.0	0.0	0.0	0.0	0.0	0.0	0.0	0.0	1.90436289539e-05	0.0	0.0	0.0	0.0	0.0	0.0	0.0	0.0	0.0
k__Bacteria;p__Proteobacteria;c__Betaproteobacteria;o__Burkholderiales;f__Oxalobacteraceae;Other	0.000171150818101	0.0	0.000122253125096	0.0	0.0	0.0	0.0	0.0	0.0	0.0	0.0	0.0	0.0	0.0	0.0	0.0	0.0	0.0	0.0	1.74550532379e-05	0.0	0.0	0.0	1.89057360003e-05	0.0	0.0	0.0
k__Bacteria;p__Proteobacteria;c__Betaproteobacteria;o__Burkholderiales;f__Oxalobacteraceae;g__	0.0135893749572	0.00422149761267	0.00443167578471	0.000322164948454	0.000163804635671	2.35415980037e-05	5.20765525322e-05	4.39049019823e-05	0.00102515574482	0.0	0.0	0.0	0.000193240864001	0.0	0.0	0.000453353832811	0.00223668530571	0.00114261773724	0.000528777037857	0.000314190958282	1.90197234532e-05	0.000277339249904	4.28219676694e-05	3.78114720006e-05	3.70720495283e-05	0.000196009251637	0.0
k__Bacteria;p__Proteobacteria;c__Betaproteobacteria;o__Burkholderiales;f__Oxalobacteraceae;g__Cupriavidus	0.000205380981721	0.0	0.000183379687643	0.0	0.0	0.0	0.0	0.0	0.0	0.0	0.0	0.0	0.0	0.0	0.0	0.0	0.0	0.0	0.0	0.0	0.0	0.0	0.0	0.0	0.0	0.0	0.0
k__Bacteria;p__Proteobacteria;c__Betaproteobacteria;o__Burkholderiales;f__Oxalobacteraceae;g__Janthinobacterium	0.000342301636202	0.000553161756143	6.11265625478e-05	0.0	0.0	0.0	0.0	0.0	0.0	0.0	0.0	0.0	0.0	0.0	0.0	7.88441448367e-05	5.50004583372e-05	5.71308868618e-05	3.30485648661e-05	0.0	0.0	0.0	0.0	0.0	0.0	3.92018503273e-05	0.0
k__Bacteria;p__Proteobacteria;c__Betaproteobacteria;o__Burkholderiales;f__Oxalobacteraceae;g__Ralstonia	3.42301636202e-05	5.82275532782e-05	0.000183379687643	0.0	0.0	0.0	0.0	0.0	0.0	0.0	0.0	0.0	0.0	0.0	0.0	0.0	0.0	0.0	0.0	0.0	0.0	0.0	0.0	0.0	0.0	0.0	0.0
k__Bacteria;p__Proteobacteria;c__Betaproteobacteria;o__Neisseriales;f__Neisseriaceae;Other	0.0	0.000116455106556	0.0	0.0	0.0	0.0	0.0	0.0	0.0	0.0	0.0	0.0	0.0	0.0	0.0	0.0	0.0	0.0	0.0	0.0	0.0	0.0	0.0	0.0	0.0	0.0	0.0
k__Bacteria;p__Proteobacteria;c__Betaproteobacteria;o__Neisseriales;f__Neisseriaceae;g__	0.0	0.0	0.0	0.0	0.0	0.0	0.0	0.0	0.0	0.0	0.0	0.0	0.0	0.0	0.0	0.0	0.0	0.0	0.0	0.0	0.0	0.000170670307633	0.0	0.0	0.0	0.0	0.0
k__Bacteria;p__Proteobacteria;c__Betaproteobacteria;o__Rhodocyclales;f__Rhodocyclaceae;Other	3.42301636202e-05	5.82275532782e-05	3.05632812739e-05	0.0	0.0	0.0	0.0	0.0	0.0	0.0	0.0	0.0	0.0	0.0	0.0	0.0	0.0	0.0	0.0	0.0	0.0	0.0	0.0	0.0	0.0	0.0	0.0
k__Bacteria;p__Proteobacteria;c__Betaproteobacteria;o__Rhodocyclales;f__Rhodocyclaceae;g__	6.84603272404e-05	0.0	0.000122253125096	0.0	0.0	0.0	0.0	0.0	0.0	0.0	0.0	0.0	0.0	0.0	0.0	0.0	0.0	0.0	0.0	0.0	0.0	0.0	0.0	0.0	0.0	0.0	0.0
k__Bacteria;p__Proteobacteria;c__Betaproteobacteria;o__Rhodocyclales;f__Rhodocyclaceae;g__Dechloromonas	0.0	0.0	0.0	0.0	0.0	0.0	7.81148287983e-05	0.0	0.0	0.0	0.0	0.0	0.0	0.0	0.0	0.0	1.83334861124e-05	0.0	0.0	0.0	0.0	0.0	0.0	0.0	0.0	0.0	0.0
k__Bacteria;p__Proteobacteria;c__Deltaproteobacteria;o__Bdellovibrionales;f__Bacteriovoracaceae;g__	3.42301636202e-05	2.91137766391e-05	6.11265625478e-05	0.0	0.0	0.0	0.0	0.0	0.0	0.0	0.0	0.0	0.0	0.0	0.0	0.0	0.0	0.0	0.0	0.0	0.0	0.0	0.0	0.0	0.0	0.0	0.0
k__Bacteria;p__Proteobacteria;c__Deltaproteobacteria;o__Bdellovibrionales;f__Bdellovibrionaceae;g__Bdellovibrio	0.000273841308961	0.000232910213113	0.000275069531465	0.0	2.73007726119e-05	0.0	0.0	0.0	2.62860447388e-05	0.0	0.0	0.0	0.0	0.0	0.0	0.0	0.0	0.0	0.0	8.72752661896e-05	0.000114118340719	2.13337884542e-05	0.0	0.0	0.0	3.92018503273e-05	0.0
k__Bacteria;p__Proteobacteria;c__Deltaproteobacteria;o__Myxococcales;Other;Other	0.0	8.73413299173e-05	0.0	0.0	0.0	0.0	0.0	0.0	0.0	0.0	0.0	0.0	0.0	0.0	0.0	0.0	0.0	0.0	0.0	0.0	0.0	0.0	0.0	0.0	0.0	0.0	0.0
k__Bacteria;p__Proteobacteria;c__Deltaproteobacteria;o__Myxococcales;f__;g__	0.000102690490861	0.00564807266799	9.16898438216e-05	0.0	0.0	0.0	0.000130191381331	0.0	2.62860447388e-05	0.0	0.0	0.0	0.0	0.0	0.0	0.0	0.0	0.0	0.0	0.0	0.0	0.0	0.0	0.0	0.0	0.0	0.0
k__Bacteria;p__Proteobacteria;c__Deltaproteobacteria;o__Myxococcales;f__0319-6G20;g__	0.0	0.0	0.0	6.44329896907e-05	0.0	0.0	0.0	0.0	0.0	0.0	0.0	0.0	0.0	0.0	0.0	0.0	0.0	0.0	0.0	0.0	0.0	0.0	0.0	0.0	0.0	0.0	0.0
k__Bacteria;p__Proteobacteria;c__Deltaproteobacteria;o__Myxococcales;f__Cystobacteraceae;Other	0.0	0.000465820426226	0.0	0.0	0.0	0.0	0.0	0.0	0.0	0.0	0.0	0.0	0.0	0.0	0.0	0.0	0.0	0.0	0.0	0.0	0.0	0.0	0.0	0.0	0.0	0.0	0.0
k__Bacteria;p__Proteobacteria;c__Gammaproteobacteria;Other;Other;Other	0.000650373108783	0.000465820426226	0.00039732265656	0.0	8.19023178356e-05	0.0	0.0	2.19524509912e-05	0.0	0.0	0.0	0.0	0.0	0.0	0.0	0.0	1.83334861124e-05	0.0	0.0	0.0	0.0	0.0	0.0	0.0	0.0	0.0	0.0
k__Bacteria;p__Proteobacteria;c__Gammaproteobacteria;o__;f__;g__	0.0	0.0	0.0	0.0	0.0	0.0	0.0	0.0	0.0	0.0	0.0	0.0	0.0	0.0	0.0	0.0	0.0	0.0	0.0	0.0	0.0	0.0	0.0	0.0	0.0	7.84037006547e-05	0.0
k__Bacteria;p__Proteobacteria;c__Gammaproteobacteria;o__Aeromonadales;f__Aeromonadaceae;g__	3.42301636202e-05	0.000116455106556	9.16898438216e-05	0.0	0.0	0.0	0.0	0.0	0.0	0.0	0.0	0.0	0.0	0.0	0.0	0.0	0.0	0.0	0.0	0.0	0.0	0.0	0.0	0.0	0.0	0.0	0.0
k__Bacteria;p__Proteobacteria;c__Gammaproteobacteria;o__Alteromonadales;f__Alteromonadaceae;Other	0.0	0.0	6.11265625478e-05	0.0	0.0	0.0	0.0	0.0	2.62860447388e-05	0.0	0.0	0.0	0.0	0.0	0.0	0.0	0.0	0.0	0.0	0.0	0.0	0.0	0.0	0.0	0.0	0.0	0.0
k__Bacteria;p__Proteobacteria;c__Gammaproteobacteria;o__Alteromonadales;f__Alteromonadaceae;g__Cellvibrio	0.0	0.000232910213113	6.11265625478e-05	0.0	0.0	0.0	0.0	0.0	0.000262860447388	0.0	0.0	0.0	0.0	0.0	0.0	0.0	0.0	0.0	0.0	0.0	0.0	0.0	0.0	0.0	0.0	0.0	0.0
k__Bacteria;p__Proteobacteria;c__Gammaproteobacteria;o__Alteromonadales;f__[Chromatiaceae];g__	0.000171150818101	0.0	9.16898438216e-05	0.0	0.0	0.0	0.0	0.0	0.0	0.0	0.0	0.0	0.0	0.0	0.0	0.0	0.0	0.0	0.0	0.0	0.0	0.0	0.0	0.0	0.0	0.0	0.0
k__Bacteria;p__Proteobacteria;c__Gammaproteobacteria;o__Enterobacteriales;f__Enterobacteriaceae;Other	0.00626411994249	0.0230289973215	0.00458449219108	4.29553264605e-05	0.0	7.0624794011e-05	0.000130191381331	4.39049019823e-05	0.00068343716321	4.84989572724e-05	3.11575011684e-05	0.0	0.0	4.92695784988e-05	2.26994143551e-05	0.000295665543138	0.000678338986158	0.000209479918493	0.000148718541897	0.000244370745331	0.000114118340719	0.000128002730725	0.000107054919174	1.89057360003e-05	0.000111216148585	5.8802775491e-05	6.7409292371e-05
k__Bacteria;p__Proteobacteria;c__Gammaproteobacteria;o__Enterobacteriales;f__Enterobacteriaceae;g__	0.0312521393852	0.0566262955631	0.0309300406492	0.00107388316151	0.000682519315297	0.000423748764066	0.0016924879573	0.000153667156938	0.014799043188	0.000557738008633	0.000373890014021	0.000124595066035	0.000386481728003	0.000123173946247	0.000408589458392	0.00167543807778	0.0042900357503	0.000990268705605	0.000611398450022	0.00108221330075	0.000551571980143	0.000810683961258	0.000235520822182	0.000472643400008	0.000574616767688	0.000411619428437	0.000286489492577
k__Bacteria;p__Proteobacteria;c__Gammaproteobacteria;o__Enterobacteriales;f__Enterobacteriaceae;g__Citrobacter	0.0	0.000116455106556	0.000183379687643	0.0	0.0	0.0	0.0	0.0	0.0	0.0	0.0	0.0	0.0	0.0	0.0	0.0	0.0	0.0	0.0	0.0	0.0	0.0	0.0	0.0	0.0	0.0	0.0
k__Bacteria;p__Proteobacteria;c__Gammaproteobacteria;o__Enterobacteriales;f__Enterobacteriaceae;g__Cronobacter	6.84603272404e-05	5.82275532782e-05	0.0	0.0	0.0	0.0	0.0	0.0	0.0	0.0	0.0	0.0	0.0	0.0	0.0	0.0	0.0	0.0	0.0	0.0	0.0	0.0	0.0	0.0	0.0	0.0	0.0
k__Bacteria;p__Proteobacteria;c__Gammaproteobacteria;o__Enterobacteriales;f__Enterobacteriaceae;g__Dickeya	0.000239611145341	5.82275532782e-05	6.11265625478e-05	0.0	0.0	0.0	0.0	0.0	5.25720894777e-05	0.0	0.0	0.0	0.0	2.46347892494e-05	0.0	0.0	3.66669722248e-05	0.0	0.0	6.98202129516e-05	0.0	2.13337884542e-05	0.0	9.45286800015e-05	0.0	0.0	0.0
k__Bacteria;p__Proteobacteria;c__Gammaproteobacteria;o__Enterobacteriales;f__Enterobacteriaceae;g__Enterobacter	0.000171150818101	0.000378479096308	3.05632812739e-05	0.0	0.0	0.0	0.0	0.0	2.62860447388e-05	0.0	0.0	0.0	0.0	0.0	0.0	0.0	0.0	0.0	0.0	1.74550532379e-05	0.0	0.0	0.0	0.0	0.0	0.0	0.0
k__Bacteria;p__Proteobacteria;c__Gammaproteobacteria;o__Enterobacteriales;f__Enterobacteriaceae;g__Erwinia	0.00989251728623	0.0166821940142	0.0143036156362	0.000966494845361	0.00043681236179	9.41663920147e-05	0.000885301393048	0.000219524509912	0.00023657440265	0.000266744264998	0.000155787505842	0.0	0.000128827242668	0.000246347892494	0.000272392972261	0.00096584077425	0.00258502154185	0.00118070499514	0.000991456945982	0.000349101064758	0.000570591703597	0.000661347442079	2.14109838347e-05	0.000472643400008	0.000370720495283	0.000392018503273	0.000235932523298
k__Bacteria;p__Proteobacteria;c__Gammaproteobacteria;o__Enterobacteriales;f__Enterobacteriaceae;g__Klebsiella	0.0207434791538	0.215529288459	0.025000764082	0.00285652920962	0.0022932648994	0.000682706342107	0.00255175107408	0.000592716176761	0.00092001156586	0.000654735923178	0.000997040037389	6.22975330177e-05	0.000365010520891	0.000665139309733	0.000749080673719	0.00272012299687	0.0186818223485	0.00262802079564	0.00219772956359	0.00178041543027	0.00135040036518	0.0018133720186	0.000214109838347	0.00064279502401	0.00113069751061	0.00127406013564	0.000758354539173
k__Bacteria;p__Proteobacteria;c__Gammaproteobacteria;o__Enterobacteriales;f__Enterobacteriaceae;g__Pantoea	0.000171150818101	0.0	3.05632812739e-05	0.0	0.0	0.0	0.0	0.0	0.0	0.0	0.0	0.0	0.0	0.0	0.0	0.0	0.0	0.0	0.0	0.0	0.0	0.0	0.0	0.0	0.0	0.0	0.0
k__Bacteria;p__Proteobacteria;c__Gammaproteobacteria;o__Enterobacteriales;f__Enterobacteriaceae;g__Proteus	0.0	0.0	0.0	0.0	0.0	0.0	0.0	0.0	7.88581342165e-05	0.0	0.0	0.0	2.14712071113e-05	0.0	0.0	0.0	1.83334861124e-05	1.90436289539e-05	3.30485648661e-05	0.0	0.0	0.0	0.0	1.89057360003e-05	1.85360247641e-05	0.0	0.0
k__Bacteria;p__Proteobacteria;c__Gammaproteobacteria;o__Enterobacteriales;f__Enterobacteriaceae;g__Providencia	0.000102690490861	0.000145568883196	3.05632812739e-05	0.0	0.0	0.0	0.0	0.0	0.0	0.0	0.0	0.0	0.0	0.0	0.0	0.0	0.000275002291686	0.0	9.91456945982e-05	0.0	0.0	2.13337884542e-05	0.0	1.89057360003e-05	5.56080742924e-05	1.96009251637e-05	0.0
k__Bacteria;p__Proteobacteria;c__Gammaproteobacteria;o__Enterobacteriales;f__Enterobacteriaceae;g__Serratia	0.00349147668926	0.00867590543845	0.00320914453376	0.00115979381443	0.000600616997461	0.000282499176044	0.000963416221846	0.000131714705947	0.00115658596851	0.00019399582909	0.000280417510516	0.0	0.000193240864001	0.000246347892494	0.000249693557906	0.00145861667948	0.00234668622239	0.00100931233456	0.000743592709487	0.000349101064758	0.00053255225669	0.000576012288262	8.56439353388e-05	0.000321397512005	0.000370720495283	0.000333215727782	0.000219080200206
k__Bacteria;p__Proteobacteria;c__Gammaproteobacteria;o__Enterobacteriales;f__Enterobacteriaceae;g__Trabulsiella	6.84603272404e-05	0.00032025154303	0.0	0.0	2.73007726119e-05	0.0	0.0	0.0	5.25720894777e-05	0.0	0.0	0.0	0.0	0.0	0.0	0.0	0.0	0.0	1.6524282433e-05	0.0	0.0	0.0	0.0	0.0	0.0	0.0	0.0
k__Bacteria;p__Proteobacteria;c__Gammaproteobacteria;o__Oceanospirillales;f__Halomonadaceae;g__Kushneria	0.0	0.0	0.0	0.0	0.0	0.0	0.0	0.0	0.000184002313172	0.0	0.0	0.0	0.0	0.0	0.0	0.0	0.0	0.0	0.0	0.0	0.0	0.0	0.0	0.0	0.0	0.0	0.0
k__Bacteria;p__Proteobacteria;c__Gammaproteobacteria;o__Pseudomonadales;f__Moraxellaceae;Other	0.000136920654481	0.000349365319669	6.11265625478e-05	0.0	0.0	0.0	0.0	0.0	0.0	0.0	0.0	0.0	0.0	0.0	0.0	1.97110362092e-05	0.0	0.0	0.0	0.0	0.0	0.0	0.0	0.0	0.0	0.0	0.0
k__Bacteria;p__Proteobacteria;c__Gammaproteobacteria;o__Pseudomonadales;f__Moraxellaceae;g__Acinetobacter	0.00150612719929	0.00163037149179	0.00149760078242	0.000279209621993	0.000546015452237	2.35415980037e-05	0.0	8.78098039646e-05	0.0130641642352	7.27484359086e-05	0.0	0.0	0.0	0.0	0.0	0.00116295113634	0.00135667797232	0.000190436289539	0.00038005849596	0.000296735905045	0.000380394469064	0.000213337884542	0.0	0.000264680304004	0.00031511242099	0.000117605550982	6.7409292371e-05
k__Bacteria;p__Proteobacteria;c__Gammaproteobacteria;o__Pseudomonadales;f__Moraxellaceae;g__Psychrobacter	0.0	0.0	0.0	0.0	0.0	0.0	0.0	0.0	7.88581342165e-05	0.0	0.0	0.0	0.0	0.0	0.0	0.0	0.0	0.0	0.0	0.0	0.0	0.0	0.0	0.0	0.0	0.0	0.0
k__Bacteria;p__Proteobacteria;c__Gammaproteobacteria;o__Pseudomonadales;f__Pseudomonadaceae;Other	0.00191688916273	0.000145568883196	0.000244506250191	0.0	0.0	0.0	0.0	0.0	0.0	0.0	0.0	0.0	0.0	0.0	0.0	0.0	0.0	0.0	0.0	0.0	0.0	0.0	0.0	0.0	0.0	0.0	0.0
k__Bacteria;p__Proteobacteria;c__Gammaproteobacteria;o__Pseudomonadales;f__Pseudomonadaceae;g__	0.00232765112617	0.000145568883196	0.00110027812586	0.0	0.0	0.0	0.0	0.0	2.62860447388e-05	0.0	0.0	0.0	0.0	0.0	0.0	0.0	0.0	9.52181447697e-05	0.0	1.74550532379e-05	0.0	0.0	0.0	1.89057360003e-05	0.0	0.0	0.0
k__Bacteria;p__Proteobacteria;c__Gammaproteobacteria;o__Pseudomonadales;f__Pseudomonadaceae;g__Pseudomonas	0.0300540836585	0.00771515080936	0.0192854304838	8.5910652921e-05	8.19023178356e-05	0.0	0.0	2.19524509912e-05	0.000289146492127	4.84989572724e-05	0.0	0.0	0.0	0.0	0.0	7.88441448367e-05	5.50004583372e-05	0.000247567176401	0.0	0.000104730319427	0.0	0.0	0.0	5.67172080009e-05	1.85360247641e-05	0.0	0.0
k__Bacteria;p__Proteobacteria;c__Gammaproteobacteria;o__Thiotrichales;f__Piscirickettsiaceae;g__Methylophaga	0.0	0.0	0.0	0.0	0.0	0.0	0.0	0.0	0.000157716268433	0.0	0.0	0.0	0.0	0.0	0.0	0.0	0.0	0.0	0.0	0.0	0.0	0.0	0.0	0.0	0.0	0.0	0.0
k__Bacteria;p__Proteobacteria;c__Gammaproteobacteria;o__Xanthomonadales;f__Sinobacteraceae;g__	0.0	0.0	0.0	0.000279209621993	0.000109203090447	0.000188332784029	5.20765525322e-05	2.19524509912e-05	0.000131430223694	0.00019399582909	0.0	0.0	0.000450895349337	0.0	0.0	7.88441448367e-05	0.000183334861124	7.61745158157e-05	1.6524282433e-05	0.000104730319427	0.000266276128345	8.53351538166e-05	0.0	9.45286800015e-05	5.56080742924e-05	3.92018503273e-05	6.7409292371e-05
k__Bacteria;p__Proteobacteria;c__Gammaproteobacteria;o__Xanthomonadales;f__Sinobacteraceae;g__Nevskia	0.0	0.0	0.0	0.0	0.0	0.0	0.000104153105064	0.0	0.0	0.0	3.11575011684e-05	0.0	0.0	0.0	0.0	0.0	0.0	0.0	0.0	0.0	0.0	2.13337884542e-05	0.0	0.0	0.0	0.0	0.0
k__Bacteria;p__Proteobacteria;c__Gammaproteobacteria;o__Xanthomonadales;f__Xanthomonadaceae;Other	0.00349147668926	0.00227087457785	0.0019866132828	2.14776632302e-05	0.0	0.0	0.0	0.0	2.62860447388e-05	2.42494786362e-05	0.0	0.0	0.0	0.0	0.0	1.97110362092e-05	0.000110000916674	0.0	0.0	0.0	0.0	2.13337884542e-05	0.0	0.0	0.0	0.0	1.68523230927e-05
k__Bacteria;p__Proteobacteria;c__Gammaproteobacteria;o__Xanthomonadales;f__Xanthomonadaceae;g__	0.0106455808859	0.00611389309421	0.00516519453529	2.14776632302e-05	8.19023178356e-05	0.0	0.000156229657597	0.000109762254956	0.000289146492127	0.000169746350453	0.0	0.0	8.58848284451e-05	4.92695784988e-05	2.26994143551e-05	0.000118266217255	0.000330002750023	3.80872579079e-05	1.6524282433e-05	1.74550532379e-05	0.0	6.40013653625e-05	0.0	3.78114720006e-05	5.56080742924e-05	3.92018503273e-05	0.000117966261649
k__Bacteria;p__Proteobacteria;c__Gammaproteobacteria;o__Xanthomonadales;f__Xanthomonadaceae;g__Dokdonella	0.000205380981721	0.000378479096308	0.00103915156331	0.0	0.0	2.35415980037e-05	0.0	2.19524509912e-05	0.0	0.0	3.11575011684e-05	0.0	0.0	0.0	0.0	5.91331086275e-05	0.000513337611147	0.0	0.0	0.0	0.0	0.0	0.0	0.0	0.0	0.0	3.37046461855e-05
k__Bacteria;p__Proteobacteria;c__Gammaproteobacteria;o__Xanthomonadales;f__Xanthomonadaceae;g__Luteibacter	0.00253303210789	0.00483288692209	0.0140285461047	6.44329896907e-05	0.0	0.0	2.60382762661e-05	0.0	0.0	0.000218245307726	3.11575011684e-05	0.0	4.29424142225e-05	0.000123173946247	0.0	0.000295665543138	0.00172334769456	0.000152349031631	0.000115669977031	6.98202129516e-05	5.70591703597e-05	8.53351538166e-05	0.0	5.67172080009e-05	0.00022243229717	7.84037006547e-05	3.37046461855e-05
k__Bacteria;p__Proteobacteria;c__Gammaproteobacteria;o__Xanthomonadales;f__Xanthomonadaceae;g__Luteimonas	0.0250907099336	0.00107720973565	0.000916898438216	0.000128865979381	0.000136503863059	0.0	0.000156229657597	0.0	0.000420576715822	0.0	0.0	0.0	0.000322068106669	0.0	0.0	0.000275954506928	5.50004583372e-05	0.000666527013388	8.26214121652e-05	0.0	1.90197234532e-05	0.0	0.0	5.67172080009e-05	0.000111216148585	0.0	0.0
k__Bacteria;p__Proteobacteria;c__Gammaproteobacteria;o__Xanthomonadales;f__Xanthomonadaceae;g__Lysobacter	0.0	0.0	0.0	0.0	0.0	0.0	0.0	0.0	0.0	0.0	0.0	0.0	0.0	0.0	0.0	7.88441448367e-05	0.0	0.0	0.0	0.0	0.0	0.0	0.0	0.0	0.0	0.0	0.0
k__Bacteria;p__Proteobacteria;c__Gammaproteobacteria;o__Xanthomonadales;f__Xanthomonadaceae;g__Pseudoxanthomonas	0.00236188128979	0.00171771282171	0.00226168281427	0.000171821305842	0.0	2.35415980037e-05	0.0	2.19524509912e-05	2.62860447388e-05	0.0	0.0	0.0	0.0	0.0	0.000385890044037	0.000295665543138	0.000421670180585	3.80872579079e-05	0.000181767106763	0.0	0.000228236681439	0.000192004096087	0.0	0.0	0.0	0.0	0.0
k__Bacteria;p__Proteobacteria;c__Gammaproteobacteria;o__Xanthomonadales;f__Xanthomonadaceae;g__Stenotrophomonas	0.230471691655	0.0379061371841	0.0779669305297	0.000816151202749	0.00292118266947	0.000211874382033	0.00158833485223	0.000329286764867	0.0166916384092	0.000484989572724	0.000529677519863	0.000747570396212	0.000300596899558	0.000344887049491	0.000680982430653	0.00384365206079	0.0148867907233	0.00302793700368	0.00117322405275	0.00205969628207	0.000760788938129	0.00230404915305	0.000214109838347	0.000680606496011	0.00109362546108	0.00109765180917	0.000421308077318
k__Bacteria;p__Tenericutes;c__Mollicutes;o__RF39;f__;g__	0.0	0.0	0.0	0.0	0.0	0.0	0.0	0.0	0.0	0.0	0.0	0.0	0.0	0.0	0.0	0.0	0.0	0.0	0.0	0.0	0.0	0.0	0.0	0.0	0.0	0.000156807401309	0.0
k__Bacteria;p__Verrucomicrobia;c__Verrucomicrobiae;o__Verrucomicrobiales;f__Verrucomicrobiaceae;g__	3.42301636202e-05	0.000232910213113	0.00055013906293	0.0	0.0	0.0	0.0	0.0	0.0	0.0	0.0	0.0	0.0	0.0	0.0	0.0	0.0	0.0	0.0	0.0	0.0	0.0	0.0	0.0	0.0	0.0	0.0
k__Bacteria;p__Verrucomicrobia;c__Verrucomicrobiae;o__Verrucomicrobiales;f__Verrucomicrobiaceae;g__Luteolibacter	0.000136920654481	8.73413299173e-05	0.000580702344204	0.0	0.0	0.0	0.0	0.0	0.0	0.0	0.0	0.0	0.0	0.0	0.0	0.0	0.0	0.0	0.0	0.0	0.0	6.40013653625e-05	0.0	0.0	0.0	0.0	0.0
k__Bacteria;p__Verrucomicrobia;c__Verrucomicrobiae;o__Verrucomicrobiales;f__Verrucomicrobiaceae;g__Prosthecobacter	0.000171150818101	5.82275532782e-05	6.11265625478e-05	0.0	0.0	0.0	0.0	0.0	0.0	0.0	0.0	0.0	0.0	0.0	0.0	0.0	0.0	0.0	0.0	0.0	0.0	0.0	0.0	0.0	0.0	0.0	0.0
k__Bacteria;p__Verrucomicrobia;c__[Spartobacteria];o__[Chthoniobacterales];f__[Chthoniobacteraceae];g__Candidatus Xiphinematobacter	3.42301636202e-05	0.0	6.11265625478e-05	0.0	0.0	0.0	0.0	0.0	0.0	0.0	0.0	0.0	0.0	0.0	0.0	0.0	0.0	0.0	0.0	0.0	0.0	0.0	0.0	0.0	0.0	0.0	0.0
k__Bacteria;p__Verrucomicrobia;c__[Spartobacteria];o__[Chthoniobacterales];f__[Chthoniobacteraceae];g__Chthoniobacter	6.84603272404e-05	2.91137766391e-05	0.0	0.0	0.0	0.0	0.0	0.0	0.0	0.0	0.0	0.0	0.0	0.0	0.0	0.0	0.0	0.0	0.0	0.0	0.0	0.0	0.0	0.0	0.0	0.0	0.0