	sequences per sample	iteration	202	201	188	191	208	192	197	196	171	198	147	148	181	178	186	207	146	172	183	203	206	187	176	182	193	177	173
alpha_rarefaction_10_0.txt	10	0	12.0	12.0	7.0	5.5	13.0	13.0	13.0	8.5	55.0	12.0	8.5	23.0	9.0	12.0	12.0	29.0	8.5	22.0	13.0	8.5	29.0	29.0	29.0	23.0	23.0	12.0	8.5
alpha_rarefaction_10_1.txt	10	1	16.0	12.0	13.0	13.0	9.0	29.0	6.5	13.0	29.0	23.0	23.0	13.0	29.0	11.0	13.0	13.0	23.0	29.0	23.0	23.0	29.0	12.0	23.0	16.0	16.0	23.0	13.0
alpha_rarefaction_10_2.txt	10	2	23.0	23.0	13.0	8.5	29.0	7.0	23.0	16.0	29.0	12.0	55.0	55.0	13.0	12.0	55.0	23.0	12.0	55.0	13.0	13.0	23.0	13.0	12.0	22.0	12.0	29.0	23.0
alpha_rarefaction_10_3.txt	10	3	12.0	12.0	16.0	8.0	13.0	12.0	55.0	23.0	29.0	12.0	23.0	23.0	13.0	16.0	9.0	55.0	13.0	13.0	29.0	23.0	29.0	7.0	13.0	23.0	12.0	55.0	13.0
alpha_rarefaction_10_4.txt	10	4	12.0	8.5	9.0	13.0	13.0	55.0	13.0	23.0	12.0	23.0	55.0	55.0	12.0	7.0	8.5	13.0	12.0	22.0	22.0	23.0	23.0	13.0	12.0	22.0	5.0	23.0	13.0
alpha_rarefaction_10_5.txt	10	5	12.0	55.0	29.0	22.0	7.0	22.0	12.0	9.0	8.0	12.0	23.0	55.0	55.0	8.5	29.0	23.0	8.5	23.0	23.0	55.0	23.0	22.0	23.0	29.0	12.0	9.0	12.0
alpha_rarefaction_10_6.txt	10	6	5.5	8.5	22.0	13.0	23.0	12.0	9.0	13.0	16.0	29.0	13.0	55.0	23.0	13.0	29.0	13.0	12.0	8.5	8.5	23.0	55.0	55.0	5.0	8.5	12.0	5.33333333333	22.0
alpha_rarefaction_10_7.txt	10	7	12.0	23.0	13.0	13.0	12.0	12.0	29.0	13.0	12.0	7.0	23.0	23.0	29.0	29.0	12.0	9.0	8.5	55.0	23.0	55.0	55.0	23.0	7.0	12.0	9.0	12.0	11.0
alpha_rarefaction_10_8.txt	10	8	29.0	55.0	29.0	12.0	12.0	13.0	6.5	55.0	29.0	23.0	55.0	55.0	9.0	7.0	23.0	23.0	23.0	23.0	13.0	23.0	13.0	9.0	12.0	12.0	12.0	29.0	55.0
alpha_rarefaction_10_9.txt	10	9	16.0	12.0	12.0	13.0	8.5	13.0	23.0	23.0	9.0	29.0	23.0	23.0	12.0	29.0	9.0	55.0	22.0	12.0	29.0	13.0	23.0	23.0	13.0	8.5	12.0	13.0	12.0
alpha_rarefaction_2009_0.txt	2009	0	493.6	456.0	490.294117647	348.84	490.2	512.620689655	345.896551724	354.730769231	349.416666667	446.0	976.519230769	720.171875	356.303030303	361.7	391.428571429	432.0	397.956521739	483.0	452.0	862.235294118	337.444444444	627.8	596.272727273	487.5	349.689655172	349.107142857	403.121212121
alpha_rarefaction_2009_1.txt	2009	1	397.0	476.12	394.162162162	431.954545455	442.033333333	527.714285714	323.027777778	367.454545455	420.875	417.451612903	1075.4	854.5	321.5	356.384615385	460.6	432.576923077	313.12	659.3125	439.088235294	551.666666667	515.541666667	472.037037037	399.516129032	503.307692308	374.0	457.848484848	377.0
alpha_rarefaction_2009_2.txt	2009	2	332.136363636	527.916666667	507.689655172	467.043478261	389.78125	459.033333333	510.4	412.0	365.807692308	430.035714286	968.172413793	790.305084746	437.076923077	339.322580645	549.5	498.043478261	326.045454545	516.434782609	406.571428571	508.037037037	423.363636364	424.545454545	482.038461538	459.375	536.714285714	490.615384615	508.619047619
alpha_rarefaction_2009_3.txt	2009	3	364.620689655	441.44	389.666666667	331.24137931	409.0	407.166666667	342.464285714	476.037037037	336.0	425.12	790.5	906.6875	387.387096774	411.166666667	556.5	444.37037037	363.105263158	457.058823529	537.538461538	532.464285714	343.322580645	385.512195122	324.6	368.275862069	406.0625	526.434782609	488.333333333
alpha_rarefaction_2009_4.txt	2009	4	351.043478261	474.193548387	460.941176471	358.1	554.636363636	484.84	357.476190476	472.2	333.972972973	535.37037037	1024.89285714	977.4	371.964285714	669.235294118	462.617647059	505.576923077	295.714285714	357.785714286	499.357142857	510.3125	442.375	568.517241379	338.676470588	398.272727273	402.344827586	578.882352941	433.2
alpha_rarefaction_2009_5.txt	2009	5	519.136363636	606.058823529	483.096774194	412.391304348	504.5	471.0	378.3	504.307692308	357.333333333	564.285714286	684.084507042	1096.0	439.8	444.791666667	411.117647059	437.676470588	425.666666667	581.4	540.935483871	463.323529412	382.115384615	394.8	448.2	410.875	382.24137931	437.576923077	479.24137931
alpha_rarefaction_2009_6.txt	2009	6	397.357142857	401.516129032	394.526315789	445.434782609	512.884615385	486.357142857	385.25	359.27027027	339.322580645	530.37037037	975.185185185	951.346938776	444.384615385	558.285714286	441.833333333	441.2	340.130434783	321.5	391.21875	551.035714286	450.333333333	542.916666667	382.333333333	390.142857143	526.217391304	387.0	587.136363636
alpha_rarefaction_2009_7.txt	2009	7	389.870967742	499.5	465.636363636	450.636363636	365.5	479.615384615	366.333333333	522.884615385	379.777777778	385.387096774	924.826086957	826.362068966	369.041666667	396.935483871	479.0	461.058823529	413.5	403.724137931	506.884615385	461.333333333	487.357142857	445.459459459	364.137931034	495.888888889	387.935483871	481.038461538	349.677419355
alpha_rarefaction_2009_8.txt	2009	8	465.260869565	682.5	503.46875	376.115384615	369.763157895	353.115384615	416.869565217	468.037037037	292.037037037	398.2	816.590909091	905.948275862	376.90625	578.15	535.730769231	417.636363636	315.217391304	422.12	487.6	397.823529412	424.363636364	504.25	395.551724138	410.535714286	354.137931034	458.666666667	338.0
alpha_rarefaction_2009_9.txt	2009	9	397.965517241	430.0	482.090909091	380.34375	481.193548387	344.0	319.0	410.833333333	379.555555556	478.130434783	1078.57142857	962.357142857	607.6875	331.724137931	466.323529412	575.956521739	328.045454545	304.363636364	579.12	540.0	644.526315789	566.869565217	386.025641026	411.965517241	453.260869565	317.117647059	528.916666667
alpha_rarefaction_4008_0.txt	4008	0	653.75	601.468085106	793.0	569.666666667	642.227272727	630.783783784	512.441860465	481.519230769	568.083333333	653.692307692	1125.42990654	1299.1375	591.026315789	634.483870968	639.5	502.266666667	429.75	516.108695652	755.5	858.885714286	507.75	836.5	665.512195122	674.578947368	554.333333333	457.6875	572.428571429
alpha_rarefaction_4008_1.txt	4008	1	578.375	654.625	793.526315789	533.108695652	625.5625	619.882352941	522.977272727	661.8125	548.736842105	620.022222222	1069.30337079	1244.17647059	555.153846154	454.32	672.022727273	557.982758621	404.146341463	526.825	627.733333333	679.0	536.0	719.5	577.341463415	697.028571429	569.090909091	524.0	697.108108108
alpha_rarefaction_4008_2.txt	4008	2	620.384615385	620.892857143	695.902439024	661.833333333	720.731707317	561.333333333	551.902439024	528.733333333	612.228571429	619.5	1223.32941176	1175.94186047	606.78125	677.026315789	665.8	696.625	491.965517241	477.8125	699.348837209	624.985074627	423.038461538	583.294117647	537.634146341	787.935483871	570.8	549.782608696	550.591836735
alpha_rarefaction_4008_3.txt	4008	3	468.875	684.212765957	583.448979592	565.384615385	591.333333333	480.8125	455.2	582.097560976	688.2	533.022222222	1118.0	1265.11494253	619.263157895	656.675675676	662.775510204	658.895833333	488.0	599.941176471	613.444444444	667.6	587.0	574.169491525	592.92	646.029411765	526.418604651	536.571428571	548.456521739
alpha_rarefaction_4008_4.txt	4008	4	533.0	582.0	619.5	531.386363636	676.0	542.734693878	558.125	664.052631579	593.022222222	589.11627907	1097.21348315	1099.78787879	590.363636364	677.651162791	770.666666667	518.125	436.236842105	715.7	690.0	678.352941176	574.166666667	643.97826087	606.025	601.837209302	612.757575758	605.777777778	624.384615385
alpha_rarefaction_4008_5.txt	4008	5	620.0	641.622222222	658.775510204	538.782608696	635.365384615	605.25	400.441860465	482.571428571	656.277777778	575.448979592	1109.98039216	1388.87341772	634.717948718	505.956521739	734.11627907	485.625	467.228571429	565.394736842	627.25	673.428571429	580.666666667	570.857142857	516.11627907	807.028571429	660.454545455	548.731707317	664.446808511
alpha_rarefaction_4008_6.txt	4008	6	589.857142857	702.871794872	684.157894737	535.166666667	621.892857143	633.97826087	497.318181818	592.477272727	662.0	615.960784314	1277.0	1192.65517241	560.263157895	580.166666667	713.477272727	611.56	423.575	551.27027027	602.037735849	692.862068966	493.306122449	716.166666667	571.902439024	802.153846154	492.522727273	599.026315789	605.651162791
alpha_rarefaction_4008_7.txt	4008	7	549.923076923	599.725490196	690.275	595.756756757	670.022222222	618.348837209	448.595744681	482.519230769	549.56097561	735.634146341	1150.01098901	1332.36986301	522.486486486	659.692307692	656.069767442	597.875	430.069767442	497.520833333	733.894736842	624.12	499.5	821.4375	694.871794872	565.553191489	710.1	564.736842105	632.717948718
alpha_rarefaction_4008_8.txt	4008	8	520.886363636	672.022727273	592.166666667	547.028571429	660.0	479.8125	461.784313725	659.923076923	572.027027027	558.75	1127.13402062	1193.65168539	587.727272727	604.756756757	695.022222222	534.368421053	455.837837838	551.56097561	680.319148936	627.157894737	576.12244898	575.630434783	700.6	553.936170213	627.333333333	584.256410256	580.0
alpha_rarefaction_4008_9.txt	4008	9	483.488372093	857.033333333	667.023255814	609.6	733.634146341	534.333333333	571.0	657.777777778	531.0	572.679245283	1257.17977528	1203.875	566.125	614.527777778	707.571428571	540.766666667	462.090909091	500.522727273	531.0	680.857142857	585.277777778	618.285714286	618.333333333	631.434782609	731.75	495.977272727	636.176470588
alpha_rarefaction_6007_0.txt	6007	0	646.548387097	771.06122449	755.372881356	715.508474576	779.142857143	596.777777778	622.565217391	753.549019608	761.765957447	682.016666667	1260.5483871	1432.5	670.553571429	702.358490566	955.818181818	616.238095238	534.428571429	686.023255814	1085.8	744.014084507	564.225806452	782.949152542	724.803571429	663.109090909	583.672413793	768.692307692	719.02173913
alpha_rarefaction_6007_1.txt	6007	1	708.615384615	772.666666667	948.277777778	679.022727273	787.296875	663.62	575.553571429	540.0	652.553191489	699.359375	1091.75	1472.14678899	695.357142857	677.142857143	917.654545455	610.985915493	593.875	588.903846154	759.754098361	712.9375	621.722222222	766.25	820.12244898	835.682926829	594.225806452	738.56	619.5
alpha_rarefaction_6007_2.txt	6007	2	672.137931034	761.181818182	957.142857143	565.918367347	772.909090909	527.347826087	562.542372881	682.782608696	749.212765957	699.381818182	1400.8907563	1435.3	777.957446809	683.222222222	887.01754386	645.016393443	510.5	585.193548387	843.49122807	800.818181818	636.12	664.474576271	775.528301887	806.3	642.882352941	678.322033898	519.720588235
alpha_rarefaction_6007_3.txt	6007	3	669.775510204	732.566037736	911.960784314	722.275	758.380952381	717.294117647	493.791044776	622.878787879	630.153846154	653.0	1340.02290076	1547.42857143	886.46875	755.849056604	986.015151515	568.84375	525.595744681	785.88372093	861.0	788.0	767.466666667	653.045454545	759.02	897.458333333	744.608695652	687.117647059	885.717948718
alpha_rarefaction_6007_4.txt	6007	4	632.095238095	855.75	853.916666667	585.5	694.444444444	562.651515152	674.957446809	601.610169492	929.03125	622.114285714	1451.84677419	1420.8974359	726.333333333	575.193548387	865.892307692	780.0	520.708333333	757.076923077	782.677966102	762.394366197	614.080645161	803.559322034	701.9375	740.818181818	655.388888889	674.388888889	655.018518519
alpha_rarefaction_6007_5.txt	6007	5	551.685185185	821.1875	739.631578947	660.195652174	708.766666667	614.471698113	583.058823529	552.25	734.12244898	685.734375	1248.28378378	1415.25	737.716981132	790.142857143	891.052631579	566.435897436	512.62	743.25	1009.75	780.949152542	621.0	843.111111111	808.72	733.015873016	671.625	627.518518519	668.568965517
alpha_rarefaction_6007_6.txt	6007	6	696.438596491	808.418604651	708.593220339	579.47761194	756.797101449	548.943661972	602.058823529	578.508196721	778.434782609	736.518518519	1301.57936508	1580.02830189	739.731707317	826.1875	898.166666667	683.095238095	558.75	835.813953488	787.3	823.803571429	640.8125	682.044776119	790.019607843	712.111111111	576.610169492	610.181818182	735.549019608
alpha_rarefaction_6007_7.txt	6007	7	614.0	622.846153846	821.625	637.333333333	736.4	599.921875	685.909090909	682.454545455	753.608695652	676.322033898	1344.9296875	1417.2983871	751.8	729.078431373	1030.52083333	708.018518519	539.25	584.193548387	727.25	771.0	660.416666667	798.596491228	714.022222222	741.294117647	640.375	700.5	772.765957447
alpha_rarefaction_6007_8.txt	6007	8	711.442622951	685.5	864.8125	622.2	732.1	700.35	680.142857143	607.590163934	674.448979592	734.017241379	1338.04580153	1513.52884615	881.65	780.12	975.319148936	627.6	402.051724138	682.117647059	787.196721311	854.516666667	627.981132075	675.52173913	769.5	820.341463415	656.553571429	791.333333333	614.0
alpha_rarefaction_6007_9.txt	6007	9	680.137931034	881.638297872	715.0625	659.2	793.815384615	729.56097561	561.016666667	801.45	610.068181818	683.144927536	1098.70289855	1592.40909091	742.8	640.666666667	778.62295082	561.8	471.777777778	594.528301887	724.701754386	744.4	603.166666667	800.327868852	675.2	731.518518519	592.529411765	605.353846154	670.960784314
alpha_rarefaction_8006_0.txt	8006	0	811.596491228	820.554054054	802.013333333	642.95890411	822.958333333	752.1	684.842105263	702.614285714	739.909090909	794.8	1528.5	1653.8807947	813.2	796.0	922.345679012	646.666666667	596.901639344	725.263157895	902.369863014	772.243589744	665.739130435	763.363636364	993.5	768.365853659	667.515625	739.818181818	795.875
alpha_rarefaction_8006_1.txt	8006	1	923.234042553	729.213333333	881.549295775	639.95890411	781.631578947	734.71875	689.571428571	724.758064516	751.0	860.045454545	1534.14084507	1695.73943662	911.529411765	708.873015873	867.682926829	758.911764706	645.566037736	744.375	854.442857143	832.214285714	700.720588235	718.425287356	715.125	840.492537313	712.514705882	795.739130435	756.454545455
alpha_rarefaction_8006_2.txt	8006	2	718.967213115	883.935897436	785.895348837	620.1	920.353846154	907.62	598.8125	712.774647887	832.0	772.14084507	1483.24183007	1702.70833333	871.4	789.115384615	1014.375	669.759036145	680.782608696	745.042253521	794.628205128	886.1875	753.524590164	1004.91549296	886.849056604	860.229508197	692.017857143	766.580645161	816.593220339
alpha_rarefaction_8006_3.txt	8006	3	726.045454545	959.09375	1081.25862069	696.545454545	794.0	660.408450704	647.0	858.368421053	872.109090909	757.78313253	1523.19310345	1622.17910448	1079.90243902	850.82	885.038461538	768.513888889	515.181818182	790.058823529	931.8	907.986486486	690.313432836	799.635135135	762.631578947	899.101694915	700.491803279	637.25	910.288461538
alpha_rarefaction_8006_4.txt	8006	4	782.048387097	784.581081081	872.780821918	618.47761194	967.166666667	666.676056338	619.169491525	696.652173913	805.85	801.4	1601.52083333	1429.68518519	894.222222222	853.762711864	1077.18181818	680.6	631.115384615	706.137931034	889.28125	786.906976744	651.318181818	893.721518987	855.0	882.278688525	711.35	749.014084507	1183.39473684
alpha_rarefaction_8006_5.txt	8006	5	643.783783784	792.739130435	739.616438356	697.514705882	814.878378378	719.873015873	581.054054054	715.28	800.385964912	842.708333333	1451.41353383	1569.0703125	806.842105263	873.0	866.535714286	762.5	535.375	717.967213115	957.887323944	958.029850746	593.936708861	807.189873418	812.982142857	903.878787879	788.915254237	707.5	897.222222222
alpha_rarefaction_8006_6.txt	8006	6	715.211267606	834.75	1042.25	611.714285714	917.873015873	722.514705882	662.230769231	699.93220339	779.654545455	819.666666667	1483.36912752	1588.5942029	921.909090909	761.171875	927.638554217	743.733333333	596.042553191	734.685185185	865.064516129	887.0	671.045454545	787.321428571	832.90625	785.090909091	789.684210526	786.158730159	690.28
alpha_rarefaction_8006_7.txt	8006	7	774.25	838.123076923	855.442857143	642.138888889	845.785714286	720.05	640.8	853.056603774	795.142857143	708.763888889	1624.88976378	1667.24087591	948.956521739	868.4	919.763888889	844.630769231	605.065217391	688.838709677	993.223880597	838.583333333	718.873015873	917.25	884.158730159	774.956521739	749.015873016	716.014925373	833.0
alpha_rarefaction_8006_8.txt	8006	8	671.671641791	827.157894737	937.318181818	665.154929577	862.126760563	721.818181818	626.718309859	710.779661017	669.230769231	837.857142857	1492.02097902	1488.06896552	835.130434783	742.157894737	1006.59036145	725.575	611.9	698.092307692	1168.27586207	921.763888889	653.753623188	1023.71428571	846.882352941	873.396226415	695.038461538	844.109090909	749.5
alpha_rarefaction_8006_9.txt	8006	9	674.602739726	970.154929577	769.681818182	726.666666667	930.014285714	833.779661017	741.019230769	716.225806452	700.8	770.513513514	1456.98675497	1683.86363636	780.052631579	882.052631579	952.794520548	660.290322581	530.944444444	843.32	924.421875	827.75	704.743589744	827.573170732	708.081967213	943.962264151	794.019230769	792.681818182	828.054545455
alpha_rarefaction_10005_0.txt	10005	0	708.278481013	916.780487805	985.369863014	719.246575342	993.12987013	838.438356164	673.2	816.0	835.911764706	802.780487805	1565.75675676	1703.49681529	871.402985075	949.4375	942.79787234	726.068965517	531.28	763.714285714	892.163043478	855.454545455	749.75	782.3	817.287671233	994.151515152	832.241935484	842.363636364	786.878787879
alpha_rarefaction_10005_1.txt	10005	1	864.621621622	952.0	1012.04	745.084507042	899.034482759	691.708333333	600.069767442	769.986486486	862.246153846	875.12345679	1477.36263736	1656.66292135	927.264150943	866.078947368	1236.03658537	744.428571429	610.142857143	850.484375	1064.58441558	898.03125	773.442622951	861.379310345	801.923076923	1086.41666667	702.078651685	839.897058824	815.878378378
alpha_rarefaction_10005_2.txt	10005	2	879.585714286	847.329411765	952.493670886	766.584415584	1088.68181818	754.0	723.144927536	875.577464789	893.181818182	917.23880597	1475.05291005	1629.56521739	845.563380282	884.609375	1034.53846154	820.441860465	626.447761194	893.764705882	1066.24137931	1040.11764706	866.75	858.221052632	845.438356164	856.957746479	723.0	798.272727273	824.47826087
alpha_rarefaction_10005_3.txt	10005	3	871.967213115	856.75	923.0	726.797468354	896.1875	834.40625	630.139240506	996.960784314	1028.75	840.542168675	1576.34146341	1741.53571429	975.385964912	884.940298507	1019.77777778	856.424242424	615.387096774	756.702702703	933.679012346	1096.31343284	769.04109589	916.035294118	881.151515152	923.630769231	727.461538462	807.082191781	720.337837838
alpha_rarefaction_10005_4.txt	10005	4	727.590361446	936.060240964	902.670454545	734.170731707	851.134831461	784.363636364	634.010526316	799.14084507	785.513157895	940.263888889	1523.70224719	1679.50617284	1122.77272727	915.232876712	989.876404494	663.06122449	617.447761194	844.651515152	1074.81333333	848.529411765	676.304878049	958.95	749.542857143	1088.19230769	713.014285714	896.652173913	759.6375
alpha_rarefaction_10005_5.txt	10005	5	766.635135135	952.585365854	976.386363636	748.383561644	1062.31818182	735.341463415	604.654761905	863.123076923	925.263157895	755.590361446	1502.47398844	1794.47770701	892.428571429	921.985915493	1042.02970297	797.068965517	658.264705882	741.461538462	1108.30434783	1018.64935065	837.043478261	860.121212121	832.016129032	840.243243243	842.059701493	787.652173913	801.5
alpha_rarefaction_10005_6.txt	10005	6	759.04109589	1040.22077922	879.413793103	727.642857143	899.725274725	870.514285714	790.266666667	957.0	832.147540984	727.617021277	1709.28301887	1727.0887574	977.048387097	971.842105263	1021.77647059	777.760869565	571.492537313	861.484375	1037.12162162	930.776699029	762.12345679	972.279069767	902.158730159	1121.08474576	745.405063291	841.194805195	1060.70175439
alpha_rarefaction_10005_7.txt	10005	7	751.014084507	900.539473684	873.189873418	862.078125	1203.25	822.697368421	742.223880597	851.04	853.563380282	900.891891892	1573.79569892	1677.25827815	1052.33333333	940.5	1129.5	875.35443038	619.923076923	831.524590164	985.25	1054.35897436	865.015151515	828.559139785	1035.87301587	828.444444444	725.918918919	773.0	833.016129032
alpha_rarefaction_10005_8.txt	10005	8	807.539473684	827.965517241	1032.33333333	711.958333333	1018.41891892	702.164383562	754.5	852.72972973	831.873015873	905.75	1530.66850829	1790.55214724	1016.234375	859.067567568	1019.825	817.455696203	610.142857143	863.045454545	1029.08791209	901.117647059	695.148148148	813.125	989.0	1125.0	838.059701493	792.5	854.04
alpha_rarefaction_10005_9.txt	10005	9	882.808219178	891.337349398	1056.4	687.820895522	968.225	777.671641791	626.2	817.287671233	853.380952381	801.505263158	1511.41899441	1720.26923077	877.263157895	1003.75	981.65625	820.717647059	607.791666667	777.513888889	1042.44318182	930.337349398	795.513513514	889.172413793	932.344262295	1086.82089552	854.304347826	835.043478261	841.863013699
alpha_rarefaction_12004_0.txt	12004	0	735.534883721	1142.98734177	984.371134021	758.569767442	1071.22222222	869.72972973	689.649350649	903.696202532	865.785714286	893.804347826	1492.73658537	1839.58426966	969.577464789	872.666666667	1086.5	822.369047619	644.75	814.887640449	1023.79787234	920.273684211	729.875	884.444444444	1031.04545455	1052.90909091	937.549295775	768.559139785	884.85
alpha_rarefaction_12004_1.txt	12004	1	770.08045977	1047.2625	979.563829787	825.539473684	1069.27058824	821.279069767	680.240963855	867.075949367	861.536585366	923.06741573	1586.63212435	1915.67065868	1093.3	871.813333333	1020.27777778	890.25	680.891891892	916.181818182	1283.04166667	986.065934066	756.896551724	986.404494382	949.918604651	981.386363636	890.120481928	864.915492958	1008.48648649
alpha_rarefaction_12004_2.txt	12004	2	775.764044944	1066.5	992.741573034	843.62195122	1050.37078652	855.575	659.365853659	923.75	779.315217391	877.379310345	1545.00490196	1775.11792453	915.833333333	937.346153846	1108.06122449	873.75862069	631.135135135	871.796875	1073.0326087	1000.53333333	732.821428571	1015.98913043	919.481481481	810.530120482	889.402985075	915.126760563	976.225352113
alpha_rarefaction_12004_3.txt	12004	3	887.455696203	970.7	987.811320755	771.760869565	1075.50632911	819.230769231	660.221052632	811.172043011	852.0	995.846153846	1565.19354839	1858.95348837	1032.234375	792.447058824	1106.06122449	761.845360825	613.538461538	859.88	963.428571429	1039.57522124	825.0	918.333333333	934.158536585	944.59375	835.776470588	849.895348837	1079.640625
alpha_rarefaction_12004_4.txt	12004	4	868.961538462	923.28125	1070.32142857	798.714285714	915.404494382	757.835294118	833.0	948.125	862.072289157	919.666666667	1573.8852459	1900.15642458	921.783783784	923.181818182	1150.61627907	837.141304348	574.418918919	787.592592593	1186.18987342	997.510869565	727.413043478	856.80952381	973.378787879	1033.44155844	751.451219512	840.795180723	991.0
alpha_rarefaction_12004_5.txt	12004	5	793.142857143	947.5	941.5	719.10989011	970.0	741.391304348	778.038461538	846.75	872.5	873.697916667	1587.13567839	1666.52132701	1114.01388889	793.3125	1217.2247191	820.858695652	573.696202532	846.776470588	1035.35955056	1038.03157895	733.270588235	947.162393162	943.181818182	1014.37974684	785.701149425	881.0	1093.41791045
alpha_rarefaction_12004_6.txt	12004	6	762.411764706	1068.50632911	902.484536082	815.265060241	1084.8125	745.08045977	652.817073171	928.539473684	866.961538462	872.446808511	1515.64622642	1719.51515152	1069.04285714	904.5	1136.6185567	787.65	630.263888889	897.323943662	1007.80769231	980.1	827.125	820.794392523	886.526315789	927.285714286	925.783783784	931.247058824	936.763888889
alpha_rarefaction_12004_7.txt	12004	7	783.915662651	883.483870968	1084.08045977	769.815217391	1094.51851852	788.906976744	730.131578947	943.04	830.886363636	961.285714286	1597.015	1906.84848485	942.666666667	796.317073171	998.227272727	815.345679012	628.47761194	982.016393443	1078.35643564	896.378640777	818.289156627	912.941176471	866.26744186	963.26744186	877.346153846	840.382978723	978.576923077
alpha_rarefaction_12004_8.txt	12004	8	824.10989011	926.190909091	1031.55813953	765.391891892	990.307692308	807.578947368	732.810810811	901.569620253	982.0	950.493670886	1596.38341969	1690.83886256	1031.94736842	1047.8961039	1090.95	902.023255814	686.253521127	902.891891892	1042.22093023	948.092783505	783.038461538	796.008264463	1081.01470588	1225.578125	945.4	843.375	1003.0
alpha_rarefaction_12004_9.txt	12004	9	852.443181818	1015.10810811	998.081395349	737.467391304	1062.39759036	801.06097561	680.5	923.814814815	978.225352113	874.348314607	1629.15555556	1863.61931818	1064.80327869	869.176470588	1080.36363636	782.905263158	646.897058824	766.703703704	1141.97826087	882.735849057	750.511627907	939.603960396	1006.44285714	1068.34567901	916.232876712	945.776470588	906.467532468
alpha_rarefaction_14003_0.txt	14003	0	829.354166667	1002.41	1021.0	822.666666667	1084.78021978	872.986486486	737.108695652	911.91	1078.90410959	934.857142857	1626.76146789	1835.67924528	1106.6	907.357142857	1199.91262136	833.634615385	705.269230769	897.744186047	1197.24742268	952.738738739	854.513157895	987.008474576	1059.34246575	1135.95121951	879.023255814	1013.7804878	967.618421053
alpha_rarefaction_14003_1.txt	14003	1	852.128712871	1010.50632911	1120.45054945	776.93902439	1121.48314607	786.896551724	732.663157895	891.833333333	882.575	976.565217391	1598.75462963	1952.69072165	1109.43589744	1019.53846154	1198.21052632	916.611111111	674.140625	1008.1	1118.76923077	1042.79439252	857.510204082	987.678899083	969.032967033	1077.43157895	995.37037037	911.147058824	1007.56338028
alpha_rarefaction_14003_2.txt	14003	2	800.071428571	1035.1010101	1045.2952381	911.536585366	1001.49137931	950.4125	764.623529412	837.25	944.32183908	983.727272727	1583.33175355	1965.46305419	1099.57894737	903.97826087	1101.57894737	834.96	629.328947368	953.158536585	1103.50943396	987.87826087	788.835294118	928.839285714	992.119047619	1130.9	950.896103896	972.804123711	905.569767442
alpha_rarefaction_14003_3.txt	14003	3	850.450549451	1003.84466019	1051.71875	869.833333333	973.738738739	792.631578947	720.538461538	851.321428571	868.272727273	958.5	1613.02212389	1827.8019802	1072.28	1031.43037975	1116.69444444	831.321100917	712.825	1236.66666667	1107.52884615	1057.65384615	740.352941176	989.722222222	1000.48837209	984.791666667	888.157894737	863.247191011	840.168316832
alpha_rarefaction_14003_4.txt	14003	4	817.421052632	957.276785714	1065.15463918	776.569767442	1203.46341463	811.733333333	733.269230769	862.75257732	912.744186047	961.307692308	1649.69230769	1896.14	1100.1686747	1027.90909091	1162.50909091	885.8	635.973684211	949.1875	1141.33333333	1066.51020408	678.429906542	993.669902913	1050.2625	1024.34782609	806.530120482	969.888888889	878.023255814
alpha_rarefaction_14003_5.txt	14003	5	882.329411765	1030.01010101	1075.05825243	911.235955056	1112.95744681	911.037037037	828.142857143	1000.25	938.068965517	834.176470588	1668.23255814	1910.23076923	1166.796875	950.939759036	1198.29245283	1010.12328767	658.857142857	975.25	1083.22222222	1032.4587156	813.25	986.883928571	961.072916667	1020.2952381	931.461538462	857.670103093	1013.825
alpha_rarefaction_14003_6.txt	14003	6	875.905263158	1018.87640449	1130.12941176	767.968085106	1076.55882353	924.114942529	740.164948454	911.043010753	1088.84146341	992.733333333	1687.14814815	2014.03030303	1272.54285714	904.32183908	1194.51923077	787.0	733.8	909.666666667	997.693548387	1056.32038835	834.817204301	875.967741935	1068.0	1076.14814815	833.609756098	944.617021277	877.719101124
alpha_rarefaction_14003_7.txt	14003	7	833.923076923	980.142857143	1049.08510638	869.272727273	1065.97849462	837.760416667	693.216494845	810.138888889	945.032967033	884.454545455	1646.53061224	1931.85148515	931.569767442	971.733333333	1189.0	853.264705882	697.413333333	966.0	1001.93457944	963.945945946	788.11627907	985.587719298	1056.62195122	1046.64130435	925.0	850.495145631	867.315217391
alpha_rarefaction_14003_8.txt	14003	8	908.738636364	996.10989011	1075.46808511	712.947916667	1016.28865979	808.066666667	795.418604651	886.279069767	966.8875	865.2	1711.88995215	1994.74626866	1092.725	859.87628866	1114.87931034	772.053097345	710.22972973	942.068965517	1162.81632653	1117.65	801.815217391	1004.66666667	936.75	944.833333333	959.272727273	960.534090909	893.825581395
alpha_rarefaction_14003_9.txt	14003	9	828.894736842	1091.57731959	989.934579439	796.854166667	994.339285714	919.513157895	694.333333333	833.2	975.506329114	1089.6835443	1636.00409836	1874.78536585	952.125	949.111111111	1104.52586207	822.9375	652.205128205	920.011764706	1045.93636364	1061.57943925	775.84375	1016.73728814	1190.35	1130.27058824	890.037037037	876.117021277	925.604395604
alpha_rarefaction_16002_0.txt	16002	0	940.663157895	1002.40707965	1097.06140351	914.035294118	1129.2038835	898.296703297	842.697368421	934.666666667	1113.21126761	900.675675676	1633.76	1920.70319635	1172.8172043	894.0	1245.74561404	866.866666667	649.291666667	1106.075	1261.17924528	1124.52941176	927.076923077	1044.94117647	975.447916667	1140.15625	987.223684211	965.263157895	1042.71910112
alpha_rarefaction_16002_1.txt	16002	1	900.064516129	1063.13461538	1076.40178571	940.841463415	1142.7	897.78021978	724.058823529	925.628571429	962.68627451	998.028571429	1629.1512605	1866.89497717	1152.86363636	912.91588785	1152.9453125	815.375	696.779069767	907.352941176	1140.09836066	1051.53043478	862.113636364	1017.74107143	937.393939394	1266.85416667	961.082474227	990.724489796	1009.60869565
alpha_rarefaction_16002_2.txt	16002	2	827.142857143	1038.97115385	1084.59130435	815.631578947	1162.16666667	890.0	790.425287356	920.3	1108.5	926.444444444	1595.11965812	2075.92056075	1095.11111111	993.5	1242.52586207	866.830188679	665.106382979	891.205882353	1307.02941176	1015.37391304	867.247058824	925.155555556	931.283185841	1056.34782609	919.314606742	947.125	1044.02884615
alpha_rarefaction_16002_3.txt	16002	3	901.484848485	1003.48113208	1088.59130435	815.909090909	1197.8877551	813.425287356	766.222222222	838.280373832	961.172413793	1078.5	1691.94690265	1952.12149533	1086.42857143	954.046728972	1210.30769231	906.924528302	674.597826087	973.882978723	1107.19642857	1019.24590164	788.092783505	1001.53719008	1067.22093023	1050.86666667	1007.78571429	925.136363636	928.428571429
alpha_rarefaction_16002_4.txt	16002	4	910.048543689	1061.40540541	1163.76415094	794.429906542	1054.425	908.5	813.554216867	1046.55421687	1006.27906977	912.166666667	1757.86111111	1816.9375	1228.83783784	942.01	1102.37903226	881.0	696.333333333	852.632075472	1181.00884956	1078.03738318	828.142857143	1078.35897436	1328.38028169	1102.02912621	874.21875	990.4	1052.75903614
alpha_rarefaction_16002_5.txt	16002	5	902.928571429	1087.10091743	1151.07894737	777.058823529	1112.68141593	844.571428571	806.08045977	924.4	1060.53658537	928.951456311	1668.041841	2104.83944954	1258.37931034	920.594059406	1138.88188976	887.679245283	677.511111111	1102.06818182	1174.58928571	1137.05217391	820.724489796	993.018867925	1098.88607595	1118.43157895	878.5	1003.875	1091.24418605
alpha_rarefaction_16002_6.txt	16002	6	923.336633663	1084.85046729	1055.65517241	799.47826087	1105.34259259	851.653061224	768.273684211	875.918918919	1100.92771084	1017.88118812	1804.97183099	2228.51401869	1126.5	985.212121212	1194.19047619	803.026086957	723.62962963	1093.12195122	1188.5877193	1005.23584906	796.133928571	923.272727273	1082.55555556	1163.0	988.119047619	902.06122449	1148.6
alpha_rarefaction_16002_7.txt	16002	7	938.804347826	947.175	1215.25225225	914.632183908	1137.0952381	875.529411765	739.988636364	1002.74358974	1054.03448276	929.692307692	1735.51054852	1967.75431034	1113.36904762	1097.4375	1183.79661017	974.494505495	639.10989011	987.606382979	1087.50862069	1146.37837838	876.76	933.625	1103.31521739	1111.42857143	948.534090909	859.639344262	974.0
alpha_rarefaction_16002_8.txt	16002	8	935.358695652	1121.28125	1236.81553398	810.386792453	1133.6875	815.223300971	868.928571429	959.233333333	1013.04597701	879.888888889	1649.078125	2027.25	1337.98591549	1054.35955056	1234.50847458	984.431578947	688.694736842	1113.64705882	1210.0	1084.71	812.18556701	999.381355932	1028.6043956	1156.40506329	946.329787234	1009.41	925.043010753
alpha_rarefaction_16002_9.txt	16002	9	924.56122449	1127.28	1235.53	818.66	1215.94174757	909.295918367	749.166666667	1102.32894737	1032.33333333	968.378378378	1602.64285714	1829.16591928	925.509259259	937.210526316	1232.6779661	830.131578947	795.333333333	1022.24705882	1251.3	1102.63888889	905.558139535	936.346456693	1119.96551724	1091.05825243	1001.0	1008.0	939.259615385
alpha_rarefaction_18001_0.txt	18001	0	910.454545455	1001.33333333	1214.69090909	841.815533981	1170.67241379	965.15	788.71	973.603960396	1188.0	1064.26470588	1616.70731707	2086.76293103	1272.52941176	1138.26470588	1185.11111111	906.635514019	704.609756098	956.227722772	1151.65546218	1174.41176471	833.613207547	1021.06993007	1237.2	1176.35714286	1037.85714286	1010.6	1124.07865169
alpha_rarefaction_18001_1.txt	18001	1	814.624	1093.2038835	1133.92105263	833.182692308	1248.0	842.061946903	781.365591398	993.03030303	975.692307692	995.75	1713.0875	2097.75965665	1238.90804598	1021.48543689	1384.95145631	904.403846154	625.381443299	943.036036036	1176.76	1138.06140351	873.510638298	949.0	953.0	1090.51	1034.22580645	1153.36363636	1023.62857143
alpha_rarefaction_18001_2.txt	18001	2	926.552631579	1118.97435897	1142.16806723	804.412844037	1223.80952381	949.350515464	828.210526316	962.295238095	1093.8255814	1075.29245283	1705.2173913	2091.47916667	1265.1011236	1030.14423077	1189.6744186	858.142857143	723.462365591	1059.02970297	1148.96402878	1128.44915254	805.0	1014.52173913	1213.75	1156.5	994.571428571	967.315789474	1122.95876289
alpha_rarefaction_18001_3.txt	18001	3	867.133928571	987.496240602	1273.57391304	857.524752475	1145.3125	984.838709677	815.4	903.058823529	1055.13483146	970.071428571	1624.40684411	2040.7472119	1280.04597701	1107.27722772	1345.81578947	829.040322581	752.581632653	1013.18811881	1240.08403361	1118.95867769	943.967741935	993.0	1179.89156627	1099.11111111	1044.03092784	886.779661017	1053.6
alpha_rarefaction_18001_4.txt	18001	4	854.644628099	1083.95081967	1175.488	828.944444444	1128.05217391	961.034482759	809.397849462	997.342857143	1060.56122449	970.264150943	1751.31967213	1909.03921569	1230.8	1038.78301887	1208.82222222	899.486956522	761.828947368	951.23853211	1206.6124031	1101.95867769	887.572815534	970.492537313	1047.375	1209.85	943.909090909	983.057142857	1050.88297872
alpha_rarefaction_18001_5.txt	18001	5	883.26446281	1064.46846847	1342.00980392	848.220183486	1146.34210526	858.681415929	749.307692308	947.184466019	976.608695652	1024.68269231	1693.02439024	1916.32	1277.56666667	1174.26315789	1191.234375	911.943396226	688.03125	1024.10377358	1271.30769231	1130.59292035	871.695238095	986.5390625	1102.68041237	1200.4	974.957894737	995.259259259	1017.7
alpha_rarefaction_18001_6.txt	18001	6	941.56122449	1204.11111111	1097.83941606	802.504587156	1094.62790698	854.558823529	885.375	1071.29473684	909.494845361	986.572815534	1696.26720648	1961.98473282	1154.03125	930.036036036	1228.625	892.371900826	645.705882353	1045.06315789	1138.47008547	1119.15254237	918.666666667	1118.9266055	1176.54545455	1120.05714286	903.142857143	932.443478261	1121.47916667
alpha_rarefaction_18001_7.txt	18001	7	838.083333333	1167.02702703	1199.12264151	849.258928571	1142.79032258	855.702702703	733.264150943	852.9375	977.666666667	976.858333333	1698.66666667	1977.64285714	1168.47524752	1088.12765957	1085.29285714	894.176470588	630.431578947	989.96875	1213.37815126	1061.90909091	946.5	930.0	1116.85294118	1110.02970297	996.212121212	885.425	1030.0
alpha_rarefaction_18001_8.txt	18001	8	750.579365079	988.56	1221.94117647	818.972222222	1224.4954955	886.194444444	760.0	944.01010101	1160.93670886	1016.44117647	1567.53496503	1820.31983806	1325.16455696	1082.35869565	1165.88732394	891.655462185	742.927710843	946.93877551	1116.79487179	1062.38842975	901.041666667	957.021126761	1077.02970297	1143.64423077	1035.96551724	960.184210526	970.825242718
alpha_rarefaction_18001_9.txt	18001	9	917.166666667	1044.98540146	1135.859375	839.603773585	1091.75	1022.51086957	774.653465347	877.927927928	1179.44827586	1018.44347826	1658.55967078	1862.50184502	1218.86734694	1076.09708738	1186.57894737	925.36036036	721.066666667	968.628318584	1205.68103448	1155.19642857	893.878787879	1030.45669291	1133.22826087	1180.0	1028.75862069	954.414414414	1027.67647059
alpha_rarefaction_20000_0.txt	20000	0	897.007575758	1119.72222222	1173.13793103	840.24137931	1240.58928571	1031.01098901	822.905263158	984.264150943	1041.77227723	1032.12396694	1690.36363636	1971.40449438	1166.5	984.622641509	1375.99173554	932.142857143	708.733333333	930.474576271	1315.52419355	1070.77272727	904.096153846	1041.19047619	1375.53846154	1132.47008547	944.527272727	952.484375	1152.13541667
alpha_rarefaction_20000_1.txt	20000	1	829.050420168	1153.34210526	1164.4351145	883.592920354	1243.15	872.024	802.019417476	1087.65517241	996.155963303	1016.05737705	1667.24275362	2006.18604651	1337.17045455	998.092592593	1182.45774648	956.449541284	721.363636364	1079.37894737	1211.95901639	1111.00819672	966.431578947	993.44	1107.97457627	1274.55263158	1054.01052632	977.525	1187.81632653
alpha_rarefaction_20000_2.txt	20000	2	913.479338843	1011.48648649	1160.265625	863.353982301	1088.65909091	881.266055046	812.618556701	1036.37168142	1020.21212121	951.112781955	1750.00411523	2023.625	1153.13274336	1066.5203252	1242.73381295	806.356589147	714.943181818	979.142857143	1338.92523364	1125.05932203	945.25	1023.71111111	1129.265625	1176.53398058	990.324324324	1061.10377358	1080.42990654
alpha_rarefaction_20000_3.txt	20000	3	983.319148936	1150.44094488	1240.05	900.449541284	1168.34210526	1016.44791667	779.0	1001.43103448	1045.78571429	958.024	1727.42105263	1910.10144928	1214.10377358	959.04	1254.79310345	960.417475728	675.176470588	964.258928571	1253.23931624	1128.624	889.461538462	1030.54929577	1299.32978723	1126.82608696	1020.62857143	1031.98039216	1111.00970874
alpha_rarefaction_20000_4.txt	20000	4	935.5	1130.90163934	1156.92	832.169354839	1230.88235294	852.236363636	773.058252427	1123.83333333	1019.30172414	939.84	1795.05952381	1945.03472222	1354.3373494	1105.3364486	1248.30656934	876.243478261	704.098039216	947.524193548	1210.7804878	1107.67692308	862.12	1032.10869565	1373.6043956	1231.0	1013.21	916.279069767	1119.82608696
alpha_rarefaction_20000_5.txt	20000	5	962.184466019	1025.3	1214.72	898.918918919	1097.624	860.0	792.026086957	1032.88679245	1120.96774194	1139.60550459	1767.3540856	1962.43190661	1305.56122449	1047.53271028	1241.875	923.342857143	649.585106383	987.857142857	1265.32061069	1118.00740741	974.642857143	960.806451613	1120.71559633	1224.56	1085.98130841	933.319327731	1092.2038835
alpha_rarefaction_20000_6.txt	20000	6	917.675675676	1253.63157895	1170.7972028	823.05	1265.1826087	937.0625	791.2	870.590909091	1197.98863636	978.022556391	1679.5505618	2002.37969925	1093.26666667	996.568	1247.11278195	902.024793388	718.386363636	1074.42990654	1211.9921875	1174.53191489	810.875	1042.83916084	1174.52678571	1182.40517241	923.042372881	950.756756757	1039.14049587
alpha_rarefaction_20000_7.txt	20000	7	925.964285714	1249.71559633	1226.4	897.3125	1216.63157895	888.927927928	909.411764706	983.99137931	1084.72897196	1040.75862069	1670.84269663	2055.11196911	1040.14285714	1104.22522523	1352.60402685	910.007874016	661.6875	1065.47826087	1162.52830189	1103.768	866.941747573	1022.46153846	1093.14563107	1155.5	934.644067797	957.371681416	1059.36448598
alpha_rarefaction_20000_8.txt	20000	8	908.3515625	1171.79661017	1101.16541353	861.526785714	1216.22137405	980.631578947	778.795918367	962.036036036	1164.08163265	1053.33928571	1656.62857143	1895.53787879	1222.08108108	984.553719008	1236.40559441	858.138888889	690.235955056	1089.40366972	1323.66666667	1148.22413793	920.409090909	1094.22222222	1101.54054054	1094.7734375	1004.57142857	1023.15178571	1055.45454545
alpha_rarefaction_20000_9.txt	20000	9	947.443298969	1208.38461538	1194.83464567	910.643564356	1227.6446281	859.049180328	807.518867925	1028.48113208	993.909090909	1053.50847458	1697.36111111	1966.45454545	1182.74137931	1133.46153846	1122.66455696	953.672566372	733.48	1162.53488372	1208.17910448	1168.13157895	948.444444444	1075.07317073	1001.0	1258.50847458	1101.52884615	944.759259259	1019.5