	23.0	24.0	25.0	26.0	27.0	28.0	29.0	30.0	31.0	32.0	33.0	34.0	35.0	36.0	37.0
4924-424-MS515F-926R.extendedFrags	1.0	2.0	13.0	23.0	59.0	103.0	188.0	366.0	581.0	792.0	1119.0	1478.0	2245.0	4083.0	5608.0
	23.0	24.0	25.0	26.0	27.0	28.0	29.0	30.0	31.0	32.0	33.0	34.0	35.0	36.0	37.0
4924-425-MS515F-926R.extendedFrags	1.0	3.0	10.0	19.0	35.0	78.0	147.0	325.0	503.0	862.0	1312.0	1837.0	2415.0	2026.0	389.0
	22.0	23.0	24.0	25.0	26.0	27.0	28.0	29.0	30.0	31.0	32.0	33.0	34.0	35.0	36.0	37.0
4924-426-MS515F-926R.extendedFrags	1.0	2.0	8.0	5.0	23.0	55.0	122.0	226.0	377.0	634.0	828.0	1157.0	1649.0	2419.0	4491.0	5086.0
	23.0	24.0	25.0	26.0	27.0	28.0	29.0	30.0	31.0	32.0	33.0	34.0	35.0	36.0	37.0
4924-427-MS515F-926R.extendedFrags	2.0	6.0	13.0	34.0	74.0	149.0	262.0	441.0	744.0	1039.0	1409.0	1951.0	2954.0	5255.0	5447.0
	21.0	22.0	23.0	24.0	25.0	26.0	27.0	28.0	29.0	30.0	31.0	32.0	33.0	34.0	35.0	36.0	37.0
4924-429-MS515F-926R.extendedFrags	1.0	0.0	1.0	3.0	16.0	32.0	58.0	116.0	235.0	458.0	666.0	974.0	1265.0	1849.0	2929.0	4905.0	6476.0
	23.0	24.0	25.0	26.0	27.0	28.0	29.0	30.0	31.0	32.0	33.0	34.0	35.0	36.0	37.0
4924-430-MS515F-926R.extendedFrags	2.0	2.0	12.0	30.0	56.0	108.0	207.0	403.0	563.0	867.0	1180.0	1651.0	2560.0	4694.0	7042.0
	23.0	24.0	25.0	26.0	27.0	28.0	29.0	30.0	31.0	32.0	33.0	34.0	35.0	36.0	37.0
4924-431-MS515F-926R.extendedFrags	1.0	6.0	11.0	22.0	58.0	114.0	211.0	361.0	529.0	797.0	1092.0	1658.0	2464.0	4813.0	11130.0
	23.0	24.0	25.0	26.0	27.0	28.0	29.0	30.0	31.0	32.0	33.0	34.0	35.0	36.0	37.0
4924-432-MS515F-926R.extendedFrags	1.0	11.0	12.0	37.0	83.0	161.0	267.0	474.0	752.0	1012.0	1438.0	2044.0	3138.0	5803.0	13569.0
	20.0	21.0	22.0	23.0	24.0	25.0	26.0	27.0	28.0	29.0	30.0	31.0	32.0	33.0	34.0	35.0	36.0	37.0
4924-434-MS515F-926R.extendedFrags	1.0	0.0	0.0	2.0	5.0	12.0	23.0	76.0	113.0	202.0	334.0	533.0	800.0	1134.0	1566.0	2536.0	5238.0	15479.0
	21.0	22.0	23.0	24.0	25.0	26.0	27.0	28.0	29.0	30.0	31.0	32.0	33.0	34.0	35.0	36.0	37.0
4924-435-MS515F-926R.extendedFrags	2.0	1.0	0.0	5.0	11.0	19.0	36.0	82.0	147.0	272.0	435.0	653.0	924.0	1261.0	2126.0	4234.0	9402.0
	23.0	24.0	25.0	26.0	27.0	28.0	29.0	30.0	31.0	32.0	33.0	34.0	35.0	36.0	37.0
4924-436-MS515F-926R.extendedFrags	3.0	4.0	6.0	21.0	42.0	103.0	172.0	309.0	508.0	773.0	1227.0	1843.0	2927.0	5694.0	12137.0
	22.0	23.0	24.0	25.0	26.0	27.0	28.0	29.0	30.0	31.0	32.0	33.0	34.0	35.0	36.0	37.0
4924-437-MS515F-926R.extendedFrags	2.0	3.0	8.0	11.0	28.0	67.0	120.0	246.0	461.0	798.0	1155.0	1746.0	2702.0	4246.0	7867.0	12084.0
	22.0	23.0	24.0	25.0	26.0	27.0	28.0	29.0	30.0	31.0	32.0	33.0	34.0	35.0	36.0	37.0
4924-439-MS515F-926R.extendedFrags	1.0	3.0	9.0	11.0	16.0	52.0	99.0	224.0	373.0	583.0	874.0	1226.0	1879.0	2988.0	5780.0	10600.0
	22.0	23.0	24.0	25.0	26.0	27.0	28.0	29.0	30.0	31.0	32.0	33.0	34.0	35.0	36.0	37.0
4924-440-MS515F-926R.extendedFrags	1.0	1.0	7.0	13.0	25.0	53.0	98.0	196.0	339.0	573.0	884.0	1325.0	1926.0	3199.0	6183.0	11628.0
	23.0	24.0	25.0	26.0	27.0	28.0	29.0	30.0	31.0	32.0	33.0	34.0	35.0	36.0	37.0
4924-441-MS515F-926R.extendedFrags	1.0	4.0	7.0	16.0	40.0	89.0	169.0	344.0	502.0	693.0	999.0	1493.0	2383.0	4831.0	14184.0
	23.0	24.0	25.0	26.0	27.0	28.0	29.0	30.0	31.0	32.0	33.0	34.0	35.0	36.0	37.0
4924-442-MS515F-926R.extendedFrags	3.0	12.0	16.0	39.0	77.0	173.0	307.0	524.0	865.0	1208.0	1694.0	2352.0	3798.0	7294.0	21469.0
	24.0	25.0	26.0	27.0	28.0	29.0	30.0	31.0	32.0	33.0	34.0	35.0	36.0	37.0
4924-831-MS515F-926R.extendedFrags	2.0	8.0	12.0	22.0	39.0	77.0	145.0	204.0	291.0	384.0	631.0	987.0	1773.0	5244.0
	23.0	24.0	25.0	26.0	27.0	28.0	29.0	30.0	31.0	32.0	33.0	34.0	35.0	36.0	37.0
4924-832-MS515F-926R.extendedFrags	2.0	0.0	2.0	12.0	18.0	35.0	52.0	98.0	154.0	249.0	344.0	527.0	870.0	1652.0	3929.0
	23.0	24.0	25.0	26.0	27.0	28.0	29.0	30.0	31.0	32.0	33.0	34.0	35.0	36.0	37.0
4924-833-MS515F-926R.extendedFrags	3.0	1.0	6.0	15.0	33.0	65.0	124.0	249.0	363.0	601.0	860.0	1200.0	2045.0	3940.0	7124.0
	23.0	24.0	25.0	26.0	27.0	28.0	29.0	30.0	31.0	32.0	33.0	34.0	35.0	36.0	37.0
4924-834-MS515F-926R.extendedFrags	1.0	1.0	2.0	9.0	11.0	25.0	39.0	82.0	130.0	215.0	262.0	408.0	572.0	1177.0	2385.0
	20.0	21.0	22.0	23.0	24.0	25.0	26.0	27.0	28.0	29.0	30.0	31.0	32.0	33.0	34.0	35.0	36.0	37.0
4924-836-MS515F-926R.extendedFrags	1.0	0.0	0.0	1.0	6.0	13.0	20.0	48.0	116.0	215.0	380.0	602.0	893.0	1270.0	1870.0	3161.0	6040.0	15048.0
	22.0	23.0	24.0	25.0	26.0	27.0	28.0	29.0	30.0	31.0	32.0	33.0	34.0	35.0	36.0	37.0
4924-837-MS515F-926R.extendedFrags	1.0	0.0	4.0	10.0	24.0	66.0	88.0	202.0	387.0	563.0	852.0	1215.0	1829.0	2880.0	5889.0	17572.0
	22.0	23.0	24.0	25.0	26.0	27.0	28.0	29.0	30.0	31.0	32.0	33.0	34.0	35.0	36.0	37.0
4924-838-MS515F-926R.extendedFrags	1.0	1.0	7.0	14.0	38.0	60.0	145.0	239.0	391.0	630.0	873.0	1319.0	1795.0	2930.0	5758.0	17436.0
	22.0	23.0	24.0	25.0	26.0	27.0	28.0	29.0	30.0	31.0	32.0	33.0	34.0	35.0	36.0	37.0
4924-839-MS515F-926R.extendedFrags	1.0	3.0	1.0	14.0	31.0	59.0	126.0	218.0	381.0	598.0	919.0	1200.0	1801.0	2855.0	5955.0	17571.0
	23.0	24.0	25.0	26.0	27.0	28.0	29.0	30.0	31.0	32.0	33.0	34.0	35.0	36.0	37.0
4924-841-MS515F-926R.extendedFrags	1.0	1.0	6.0	9.0	32.0	47.0	99.0	168.0	274.0	392.0	566.0	872.0	1335.0	2731.0	5662.0
	23.0	24.0	25.0	26.0	27.0	28.0	29.0	30.0	31.0	32.0	33.0	34.0	35.0	36.0	37.0
4924-842-MS515F-926R.extendedFrags	1.0	7.0	8.0	31.0	64.0	110.0	230.0	398.0	561.0	930.0	1248.0	1770.0	2891.0	5730.0	17865.0
	23.0	24.0	25.0	26.0	27.0	28.0	29.0	30.0	31.0	32.0	33.0	34.0	35.0	36.0	37.0
4924-843-MS515F-926R.extendedFrags	2.0	2.0	14.0	36.0	61.0	136.0	246.0	406.0	690.0	952.0	1452.0	1968.0	3317.0	6457.0	16068.0
	23.0	24.0	25.0	26.0	27.0	28.0	29.0	30.0	31.0	32.0	33.0	34.0	35.0	36.0	37.0
4924-844-MS515F-926R.extendedFrags	1.0	8.0	16.0	29.0	64.0	112.0	263.0	421.0	671.0	979.0	1384.0	1972.0	3128.0	6158.0	17958.0
	23.0	24.0	25.0	26.0	27.0	28.0	29.0	30.0	31.0	32.0	33.0	34.0	35.0	36.0	37.0
5101-1016-MS515F-926R.extendedFrags	1.0	11.0	12.0	32.0	58.0	103.0	204.0	310.0	513.0	677.0	991.0	1260.0	1849.0	3494.0	23173.0
	23.0	24.0	25.0	26.0	27.0	28.0	29.0	30.0	31.0	32.0	33.0	34.0	35.0	36.0	37.0	38.0
5101-1017-MS515F-926R.extendedFrags	6.0	18.0	23.0	41.0	110.0	160.0	296.0	494.0	753.0	1012.0	1343.0	1752.0	2760.0	5154.0	32937.0	1.0
	21.0	22.0	23.0	24.0	25.0	26.0	27.0	28.0	29.0	30.0	31.0	32.0	33.0	34.0	35.0	36.0	37.0
5101-1018-MS515F-926R.extendedFrags	2.0	2.0	2.0	7.0	26.0	64.0	105.0	223.0	327.0	524.0	742.0	1048.0	1351.0	1871.0	2774.0	4872.0	34427.0
	23.0	24.0	25.0	26.0	27.0	28.0	29.0	30.0	31.0	32.0	33.0	34.0	35.0	36.0	37.0
5101-1019-MS515F-926R.extendedFrags	7.0	10.0	25.0	53.0	89.0	151.0	277.0	452.0	674.0	983.0	1330.0	1743.0	2682.0	5033.0	34279.0
	22.0	23.0	24.0	25.0	26.0	27.0	28.0	29.0	30.0	31.0	32.0	33.0	34.0	35.0	36.0	37.0	38.0
5101-1020-MS515F-926R.extendedFrags	4.0	5.0	17.0	28.0	41.0	73.0	136.0	243.0	402.0	564.0	763.0	1122.0	1487.0	2291.0	4201.0	29263.0	1.0
	22.0	23.0	24.0	25.0	26.0	27.0	28.0	29.0	30.0	31.0	32.0	33.0	34.0	35.0	36.0	37.0
5101-1021-MS515F-926R.extendedFrags	1.0	4.0	16.0	32.0	49.0	102.0	161.0	316.0	504.0	737.0	1072.0	1331.0	1924.0	2948.0	5769.0	43686.0
	23.0	24.0	25.0	26.0	27.0	28.0	29.0	30.0	31.0	32.0	33.0	34.0	35.0	36.0	37.0
5101-1022-MS515F-926R.extendedFrags	10.0	13.0	26.0	57.0	105.0	177.0	308.0	463.0	739.0	1038.0	1394.0	1810.0	2865.0	5311.0	42567.0
	22.0	23.0	24.0	25.0	26.0	27.0	28.0	29.0	30.0	31.0	32.0	33.0	34.0	35.0	36.0	37.0
5101-1023-MS515F-926R.extendedFrags	1.0	3.0	10.0	15.0	40.0	79.0	130.0	219.0	378.0	551.0	771.0	1072.0	1478.0	2238.0	4452.0	34711.0
	23.0	24.0	25.0	26.0	27.0	28.0	29.0	30.0	31.0	32.0	33.0	34.0	35.0	36.0	37.0	38.0
5101-1024-MS515F-926R.extendedFrags	4.0	12.0	18.0	46.0	90.0	146.0	214.0	391.0	509.0	830.0	1064.0	1519.0	2397.0	4648.0	37646.0	1.0
	23.0	24.0	25.0	26.0	27.0	28.0	29.0	30.0	31.0	32.0	33.0	34.0	35.0	36.0	37.0
5101-1025-MS515F-926R.extendedFrags	1.0	12.0	22.0	36.0	69.0	129.0	212.0	317.0	507.0	696.0	924.0	1315.0	1971.0	3999.0	33203.0
	21.0	22.0	23.0	24.0	25.0	26.0	27.0	28.0	29.0	30.0	31.0	32.0	33.0	34.0	35.0	36.0	37.0
5101-1026-MS515F-926R.extendedFrags	1.0	1.0	5.0	9.0	30.0	48.0	75.0	121.0	220.0	354.0	545.0	762.0	1018.0	1455.0	2212.0	4400.0	38294.0
	22.0	23.0	24.0	25.0	26.0	27.0	28.0	29.0	30.0	31.0	32.0	33.0	34.0	35.0	36.0	37.0
5101-1027-MS515F-926R.extendedFrags	1.0	5.0	13.0	28.0	50.0	108.0	156.0	263.0	451.0	619.0	939.0	1288.0	1851.0	2812.0	5457.0	46578.0
	23.0	24.0	25.0	26.0	27.0	28.0	29.0	30.0	31.0	32.0	33.0	34.0	35.0	36.0	37.0	38.0
5101-1028-MS515F-926R.extendedFrags	2.0	8.0	22.0	30.0	74.0	121.0	198.0	338.0	463.0	646.0	892.0	1272.0	1958.0	3806.0	33381.0	1.0
	21.0	22.0	23.0	24.0	25.0	26.0	27.0	28.0	29.0	30.0	31.0	32.0	33.0	34.0	35.0	36.0	37.0
5101-1029-MS515F-926R.extendedFrags	1.0	1.0	6.0	10.0	22.0	41.0	94.0	159.0	227.0	423.0	641.0	849.0	1133.0	1704.0	2504.0	4906.0	40318.0
	22.0	23.0	24.0	25.0	26.0	27.0	28.0	29.0	30.0	31.0	32.0	33.0	34.0	35.0	36.0	37.0
5101-1030-MS515F-926R.extendedFrags	1.0	3.0	14.0	35.0	43.0	96.0	161.0	269.0	458.0	653.0	933.0	1327.0	1788.0	2737.0	5491.0	44453.0
	22.0	23.0	24.0	25.0	26.0	27.0	28.0	29.0	30.0	31.0	32.0	33.0	34.0	35.0	36.0	37.0
5101-1031-MS515F-926R.extendedFrags	2.0	3.0	2.0	20.0	41.0	66.0	93.0	177.0	289.0	421.0	629.0	819.0	1182.0	1763.0	3461.0	27903.0
	22.0	23.0	24.0	25.0	26.0	27.0	28.0	29.0	30.0	31.0	32.0	33.0	34.0	35.0	36.0	37.0
5101-1032-MS515F-926R.extendedFrags	1.0	4.0	5.0	17.0	28.0	52.0	96.0	137.0	253.0	326.0	475.0	716.0	978.0	1517.0	3071.0	24805.0
	22.0	23.0	24.0	25.0	26.0	27.0	28.0	29.0	30.0	31.0	32.0	33.0	34.0	35.0	36.0	37.0
5101-1033-MS515F-926R.extendedFrags	1.0	0.0	2.0	16.0	20.0	27.0	50.0	86.0	147.0	264.0	328.0	473.0	651.0	967.0	1962.0	17696.0
	23.0	24.0	25.0	26.0	27.0	28.0	29.0	30.0	31.0	32.0	33.0	34.0	35.0	36.0	37.0
5101-1034-MS515F-926R.extendedFrags	2.0	3.0	16.0	26.0	46.0	78.0	141.0	230.0	302.0	425.0	553.0	828.0	1264.0	2408.0	22540.0
	23.0	24.0	25.0	26.0	27.0	28.0	29.0	30.0	31.0	32.0	33.0	34.0	35.0	36.0	37.0
5101-1035-MS515F-926R.extendedFrags	2.0	5.0	9.0	23.0	24.0	46.0	68.0	119.0	182.0	274.0	350.0	521.0	833.0	1606.0	13699.0
	22.0	23.0	24.0	25.0	26.0	27.0	28.0	29.0	30.0	31.0	32.0	33.0	34.0	35.0	36.0	37.0
5101-1036-MS515F-926R.extendedFrags	1.0	5.0	9.0	7.0	22.0	42.0	69.0	140.0	203.0	307.0	405.0	617.0	829.0	1300.0	2494.0	23013.0
	22.0	23.0	24.0	25.0	26.0	27.0	28.0	29.0	30.0	31.0	32.0	33.0	34.0	35.0	36.0	37.0
5101-1037-MS515F-926R.extendedFrags	1.0	1.0	4.0	15.0	24.0	67.0	94.0	160.0	243.0	323.0	568.0	723.0	967.0	1495.0	2989.0	26685.0
	22.0	23.0	24.0	25.0	26.0	27.0	28.0	29.0	30.0	31.0	32.0	33.0	34.0	35.0	36.0	37.0
5101-1038-MS515F-926R.extendedFrags	1.0	1.0	9.0	24.0	47.0	77.0	150.0	237.0	410.0	577.0	821.0	1092.0	1545.0	2359.0	4520.0	38379.0
	22.0	23.0	24.0	25.0	26.0	27.0	28.0	29.0	30.0	31.0	32.0	33.0	34.0	35.0	36.0	37.0
5101-1039-MS515F-926R.extendedFrags	2.0	7.0	13.0	15.0	23.0	47.0	96.0	143.0	288.0	373.0	548.0	719.0	1035.0	1605.0	3085.0	27000.0
	22.0	23.0	24.0	25.0	26.0	27.0	28.0	29.0	30.0	31.0	32.0	33.0	34.0	35.0	36.0	37.0
5101-1040-MS515F-926R.extendedFrags	1.0	3.0	11.0	22.0	29.0	77.0	108.0	205.0	329.0	510.0	702.0	985.0	1408.0	2226.0	4435.0	37536.0
	21.0	22.0	23.0	24.0	25.0	26.0	27.0	28.0	29.0	30.0	31.0	32.0	33.0	34.0	35.0	36.0	37.0
5101-1138-MS515F-926R.extendedFrags	1.0	0.0	0.0	4.0	6.0	10.0	15.0	42.0	62.0	96.0	165.0	225.0	328.0	432.0	733.0	1483.0	11993.0
	24.0	25.0	26.0	27.0	28.0	29.0	30.0	31.0	32.0	33.0	34.0	35.0	36.0	37.0
5101-1139-MS515F-926R.extendedFrags	1.0	4.0	7.0	13.0	21.0	42.0	42.0	84.0	154.0	182.0	231.0	329.0	675.0	5700.0
	23.0	24.0	25.0	26.0	27.0	28.0	29.0	30.0	31.0	32.0	33.0	34.0	35.0	36.0	37.0	38.0
5101-1140-MS515F-926R.extendedFrags	1.0	3.0	4.0	4.0	6.0	13.0	23.0	49.0	65.0	102.0	147.0	196.0	268.0	576.0	4478.0	1.0
	23.0	24.0	25.0	26.0	27.0	28.0	29.0	30.0	31.0	32.0	33.0	34.0	35.0	36.0	37.0
5101-1141-MS515F-926R.extendedFrags	2.0	2.0	3.0	18.0	24.0	30.0	62.0	97.0	131.0	196.0	285.0	363.0	540.0	1139.0	9507.0
	23.0	24.0	25.0	26.0	27.0	28.0	29.0	30.0	31.0	32.0	33.0	34.0	35.0	36.0	37.0	38.0
5101-1142-MS515F-926R.extendedFrags	3.0	6.0	10.0	18.0	29.0	33.0	73.0	106.0	174.0	236.0	330.0	449.0	741.0	1378.0	10567.0	1.0
	22.0	23.0	24.0	25.0	26.0	27.0	28.0	29.0	30.0	31.0	32.0	33.0	34.0	35.0	36.0	37.0
5101-1143-MS515F-926R.extendedFrags	1.0	7.0	7.0	32.0	52.0	98.0	181.0	292.0	429.0	638.0	878.0	1284.0	1723.0	2751.0	5313.0	42818.0
	23.0	24.0	25.0	26.0	27.0	28.0	29.0	30.0	31.0	32.0	33.0	34.0	35.0	36.0	37.0
5101-1144-MS515F-926R.extendedFrags	5.0	12.0	24.0	45.0	86.0	130.0	264.0	461.0	632.0	901.0	1197.0	1799.0	2608.0	5114.0	43403.0
	23.0	24.0	25.0	26.0	27.0	28.0	29.0	30.0	31.0	32.0	33.0	34.0	35.0	36.0	37.0
5101-1145-MS515F-926R.extendedFrags	5.0	11.0	25.0	38.0	82.0	128.0	232.0	367.0	505.0	734.0	1101.0	1535.0	2443.0	4840.0	38271.0
	23.0	24.0	25.0	26.0	27.0	28.0	29.0	30.0	31.0	32.0	33.0	34.0	35.0	36.0	37.0
5101-1146-MS515F-926R.extendedFrags	1.0	8.0	21.0	35.0	75.0	139.0	217.0	363.0	558.0	748.0	995.0	1402.0	2149.0	4160.0	35750.0
	22.0	23.0	24.0	25.0	26.0	27.0	28.0	29.0	30.0	31.0	32.0	33.0	34.0	35.0	36.0	37.0
5101-1147-MS515F-926R.extendedFrags	1.0	3.0	8.0	15.0	29.0	46.0	73.0	145.0	222.0	347.0	510.0	705.0	1020.0	1634.0	3241.0	25841.0
	21.0	22.0	23.0	24.0	25.0	26.0	27.0	28.0	29.0	30.0	31.0	32.0	33.0	34.0	35.0	36.0	37.0
5101-1148-MS515F-926R.extendedFrags	1.0	1.0	0.0	5.0	9.0	34.0	51.0	96.0	177.0	305.0	417.0	658.0	897.0	1262.0	2103.0	4570.0	26016.0
	23.0	24.0	25.0	26.0	27.0	28.0	29.0	30.0	31.0	32.0	33.0	34.0	35.0	36.0	37.0
5101-1149-MS515F-926R.extendedFrags	3.0	2.0	9.0	33.0	43.0	72.0	146.0	233.0	342.0	500.0	621.0	897.0	1412.0	2837.0	19948.0
	23.0	24.0	25.0	26.0	27.0	28.0	29.0	30.0	31.0	32.0	33.0	34.0	35.0	36.0	37.0
5101-1150-MS515F-926R.extendedFrags	3.0	4.0	9.0	17.0	39.0	65.0	123.0	204.0	304.0	430.0	581.0	838.0	1399.0	2785.0	22948.0
	22.0	23.0	24.0	25.0	26.0	27.0	28.0	29.0	30.0	31.0	32.0	33.0	34.0	35.0	36.0	37.0
5101-1151-MS515F-926R.extendedFrags	1.0	2.0	5.0	13.0	19.0	47.0	86.0	144.0	210.0	358.0	566.0	778.0	1033.0	1554.0	3253.0	27832.0
	23.0	24.0	25.0	26.0	27.0	28.0	29.0	30.0	31.0	32.0	33.0	34.0	35.0	36.0	37.0
5101-1152-MS515F-926R.extendedFrags	1.0	7.0	13.0	32.0	58.0	83.0	165.0	238.0	397.0	547.0	705.0	1020.0	1464.0	2980.0	25228.0
	23.0	24.0	25.0	26.0	27.0	28.0	29.0	30.0	31.0	32.0	33.0	34.0	35.0	36.0	37.0
5101-1153-MS515F-926R.extendedFrags	1.0	3.0	5.0	5.0	27.0	45.0	72.0	114.0	151.0	230.0	317.0	396.0	728.0	1405.0	9405.0
	23.0	24.0	25.0	26.0	27.0	28.0	29.0	30.0	31.0	32.0	33.0	34.0	35.0	36.0	37.0
5101-1154-MS515F-926R.extendedFrags	1.0	3.0	3.0	15.0	15.0	33.0	79.0	94.0	148.0	225.0	319.0	389.0	708.0	1470.0	10961.0
	25.0	26.0	27.0	28.0	29.0	30.0	31.0	32.0	33.0	34.0	35.0	36.0	37.0
5101-1155-MS515F-926R.extendedFrags	1.0	2.0	7.0	9.0	17.0	18.0	54.0	65.0	76.0	135.0	213.0	464.0	3789.0
	24.0	25.0	26.0	27.0	28.0	29.0	30.0	31.0	32.0	33.0	34.0	35.0	36.0	37.0
5101-1156-MS515F-926R.extendedFrags	3.0	5.0	15.0	22.0	24.0	68.0	111.0	157.0	204.0	290.0	341.0	565.0	1171.0	10066.0
	23.0	24.0	25.0	26.0	27.0	28.0	29.0	30.0	31.0	32.0	33.0	34.0	35.0	36.0	37.0
5101-1157-MS515F-926R.extendedFrags	1.0	0.0	4.0	6.0	8.0	9.0	22.0	40.0	52.0	89.0	113.0	161.0	287.0	604.0	3724.0
	23.0	24.0	25.0	26.0	27.0	28.0	29.0	30.0	31.0	32.0	33.0	34.0	35.0	36.0	37.0
5101-1158-MS515F-926R.extendedFrags	1.0	5.0	16.0	34.0	52.0	79.0	138.0	235.0	361.0	520.0	751.0	1013.0	1575.0	3148.0	25921.0
	23.0	24.0	25.0	26.0	27.0	28.0	29.0	30.0	31.0	32.0	33.0	34.0	35.0	36.0	37.0
5101-1159-MS515F-926R.extendedFrags	3.0	8.0	26.0	26.0	59.0	95.0	165.0	261.0	388.0	577.0	801.0	1103.0	1628.0	3213.0	28637.0
	23.0	24.0	25.0	26.0	27.0	28.0	29.0	30.0	31.0	32.0	33.0	34.0	35.0	36.0	37.0
5101-1160-MS515F-926R.extendedFrags	3.0	6.0	23.0	46.0	75.0	115.0	182.0	320.0	533.0	665.0	956.0	1319.0	2076.0	3740.0	32235.0
	23.0	24.0	25.0	26.0	27.0	28.0	29.0	30.0	31.0	32.0	33.0	34.0	35.0	36.0	37.0
5101-1161-MS515F-926R.extendedFrags	1.0	10.0	16.0	42.0	64.0	117.0	225.0	342.0	498.0	661.0	903.0	1278.0	1951.0	3724.0	30320.0
	22.0	23.0	24.0	25.0	26.0	27.0	28.0	29.0	30.0	31.0	32.0	33.0	34.0	35.0	36.0	37.0
5101-1162-MS515F-926R.extendedFrags	1.0	3.0	13.0	16.0	33.0	61.0	133.0	210.0	362.0	509.0	688.0	946.0	1264.0	2050.0	3784.0	29648.0
	22.0	23.0	24.0	25.0	26.0	27.0	28.0	29.0	30.0	31.0	32.0	33.0	34.0	35.0	36.0	37.0	38.0
5101-447-MS515F-926R.extendedFrags	1.0	5.0	10.0	26.0	60.0	114.0	189.0	328.0	565.0	835.0	1048.0	1523.0	2111.0	3216.0	5770.0	39275.0	1.0
	22.0	23.0	24.0	25.0	26.0	27.0	28.0	29.0	30.0	31.0	32.0	33.0	34.0	35.0	36.0	37.0
5101-448-MS515F-926R.extendedFrags	2.0	1.0	9.0	29.0	53.0	122.0	168.0	331.0	560.0	812.0	1122.0	1448.0	1941.0	3042.0	5676.0	38772.0
	20.0	21.0	22.0	23.0	24.0	25.0	26.0	27.0	28.0	29.0	30.0	31.0	32.0	33.0	34.0	35.0	36.0	37.0	38.0
5101-449-MS515F-926R.extendedFrags	1.0	0.0	0.0	1.0	15.0	22.0	47.0	85.0	147.0	251.0	390.0	651.0	849.0	1154.0	1740.0	2611.0	5142.0	35845.0	1.0
	23.0	24.0	25.0	26.0	27.0	28.0	29.0	30.0	31.0	32.0	33.0	34.0	35.0	36.0	37.0
5101-450-MS515F-926R.extendedFrags	3.0	11.0	27.0	52.0	86.0	143.0	231.0	379.0	576.0	833.0	1084.0	1473.0	2324.0	4359.0	31322.0
	22.0	23.0	24.0	25.0	26.0	27.0	28.0	29.0	30.0	31.0	32.0	33.0	34.0	35.0	36.0	37.0
5101-451-MS515F-926R.extendedFrags	2.0	5.0	20.0	45.0	54.0	114.0	167.0	317.0	526.0	781.0	1127.0	1392.0	1955.0	2940.0	5431.0	40247.0
	22.0	23.0	24.0	25.0	26.0	27.0	28.0	29.0	30.0	31.0	32.0	33.0	34.0	35.0	36.0	37.0
5101-452-MS515F-926R.extendedFrags	1.0	6.0	18.0	22.0	58.0	112.0	218.0	298.0	519.0	761.0	1122.0	1414.0	2098.0	3354.0	6475.0	51409.0
	22.0	23.0	24.0	25.0	26.0	27.0	28.0	29.0	30.0	31.0	32.0	33.0	34.0	35.0	36.0	37.0
5101-453-MS515F-926R.extendedFrags	2.0	5.0	10.0	30.0	45.0	87.0	146.0	273.0	418.0	650.0	837.0	1207.0	1707.0	2619.0	5009.0	43588.0
	22.0	23.0	24.0	25.0	26.0	27.0	28.0	29.0	30.0	31.0	32.0	33.0	34.0	35.0	36.0	37.0
5101-454-MS515F-926R.extendedFrags	4.0	7.0	12.0	33.0	54.0	91.0	183.0	304.0	467.0	692.0	1007.0	1342.0	1831.0	2831.0	5679.0	45703.0
	22.0	23.0	24.0	25.0	26.0	27.0	28.0	29.0	30.0	31.0	32.0	33.0	34.0	35.0	36.0	37.0
5101-455-MS515F-926R.extendedFrags	1.0	11.0	11.0	21.0	62.0	79.0	176.0	305.0	459.0	668.0	964.0	1323.0	1887.0	2966.0	5777.0	47978.0
	22.0	23.0	24.0	25.0	26.0	27.0	28.0	29.0	30.0	31.0	32.0	33.0	34.0	35.0	36.0	37.0
5101-456-MS515F-926R.extendedFrags	2.0	2.0	13.0	33.0	57.0	79.0	170.0	286.0	427.0	664.0	851.0	1305.0	1859.0	2700.0	5416.0	46690.0
	22.0	23.0	24.0	25.0	26.0	27.0	28.0	29.0	30.0	31.0	32.0	33.0	34.0	35.0	36.0	37.0
5101-457-MS515F-926R.extendedFrags	2.0	6.0	12.0	14.0	44.0	78.0	114.0	221.0	363.0	583.0	777.0	1119.0	1653.0	2629.0	5105.0	40799.0
	22.0	23.0	24.0	25.0	26.0	27.0	28.0	29.0	30.0	31.0	32.0	33.0	34.0	35.0	36.0	37.0
5101-458-MS515F-926R.extendedFrags	2.0	3.0	13.0	22.0	43.0	93.0	145.0	266.0	339.0	572.0	790.0	1124.0	1587.0	2455.0	4713.0	41306.0
	22.0	23.0	24.0	25.0	26.0	27.0	28.0	29.0	30.0	31.0	32.0	33.0	34.0	35.0	36.0	37.0
5101-459-MS515F-926R.extendedFrags	1.0	5.0	12.0	34.0	63.0	108.0	162.0	235.0	387.0	640.0	862.0	1115.0	1671.0	2538.0	4916.0	42162.0
	22.0	23.0	24.0	25.0	26.0	27.0	28.0	29.0	30.0	31.0	32.0	33.0	34.0	35.0	36.0	37.0
5101-460-MS515F-926R.extendedFrags	3.0	2.0	7.0	23.0	54.0	89.0	184.0	261.0	454.0	679.0	977.0	1313.0	1929.0	3214.0	6195.0	51569.0
	21.0	22.0	23.0	24.0	25.0	26.0	27.0	28.0	29.0	30.0	31.0	32.0	33.0	34.0	35.0	36.0	37.0
5101-461-MS515F-926R.extendedFrags	1.0	2.0	4.0	9.0	30.0	53.0	99.0	158.0	272.0	444.0	625.0	928.0	1266.0	1724.0	2824.0	5354.0	45287.0
	22.0	23.0	24.0	25.0	26.0	27.0	28.0	29.0	30.0	31.0	32.0	33.0	34.0	35.0	36.0	37.0
5101-757-MS515F-926R.extendedFrags	1.0	5.0	16.0	30.0	43.0	102.0	209.0	321.0	511.0	794.0	998.0	1397.0	1976.0	2988.0	5925.0	41628.0
	22.0	23.0	24.0	25.0	26.0	27.0	28.0	29.0	30.0	31.0	32.0	33.0	34.0	35.0	36.0	37.0
5101-758-MS515F-926R.extendedFrags	1.0	1.0	13.0	24.0	52.0	80.0	144.0	221.0	446.0	614.0	839.0	1185.0	1727.0	2678.0	5206.0	37925.0
	22.0	23.0	24.0	25.0	26.0	27.0	28.0	29.0	30.0	31.0	32.0	33.0	34.0	35.0	36.0	37.0	38.0
5101-759-MS515F-926R.extendedFrags	2.0	6.0	9.0	24.0	57.0	116.0	148.0	295.0	458.0	704.0	1004.0	1381.0	1992.0	3053.0	5857.0	42386.0	1.0
	23.0	24.0	25.0	26.0	27.0	28.0	29.0	30.0	31.0	32.0	33.0	34.0	35.0	36.0	37.0
5101-760-MS515F-926R.extendedFrags	6.0	18.0	34.0	74.0	92.0	196.0	326.0	537.0	750.0	1101.0	1467.0	2144.0	3225.0	6557.0	40360.0
	22.0	23.0	24.0	25.0	26.0	27.0	28.0	29.0	30.0	31.0	32.0	33.0	34.0	35.0	36.0	37.0
5101-761-MS515F-926R.extendedFrags	3.0	3.0	7.0	35.0	53.0	90.0	205.0	327.0	579.0	798.0	1095.0	1467.0	1976.0	2974.0	5553.0	36863.0
	22.0	23.0	24.0	25.0	26.0	27.0	28.0	29.0	30.0	31.0	32.0	33.0	34.0	35.0	36.0	37.0
5101-762-MS515F-926R.extendedFrags	2.0	4.0	20.0	36.0	53.0	117.0	179.0	293.0	510.0	764.0	1069.0	1441.0	2017.0	3195.0	6159.0	50720.0
	23.0	24.0	25.0	26.0	27.0	28.0	29.0	30.0	31.0	32.0	33.0	34.0	35.0	36.0	37.0
5101-763-MS515F-926R.extendedFrags	6.0	17.0	26.0	49.0	103.0	196.0	294.0	491.0	701.0	1071.0	1303.0	1925.0	2936.0	5872.0	49343.0
	23.0	24.0	25.0	26.0	27.0	28.0	29.0	30.0	31.0	32.0	33.0	34.0	35.0	36.0	37.0
5101-764-MS515F-926R.extendedFrags	4.0	10.0	30.0	46.0	97.0	159.0	322.0	447.0	712.0	998.0	1263.0	1736.0	2722.0	5366.0	42455.0
	22.0	23.0	24.0	25.0	26.0	27.0	28.0	29.0	30.0	31.0	32.0	33.0	34.0	35.0	36.0	37.0
5101-765-MS515F-926R.extendedFrags	1.0	3.0	7.0	13.0	42.0	70.0	124.0	214.0	368.0	521.0	724.0	958.0	1288.0	2062.0	4014.0	31014.0
	21.0	22.0	23.0	24.0	25.0	26.0	27.0	28.0	29.0	30.0	31.0	32.0	33.0	34.0	35.0	36.0	37.0
5101-766-MS515F-926R.extendedFrags	1.0	0.0	1.0	6.0	13.0	33.0	59.0	106.0	180.0	296.0	455.0	629.0	864.0	1193.0	1790.0	3540.0	28923.0

