	1	2	3	4	5	6	7	8	9	14	24	34	44	54	64	74	84	94	104	114	124	134	144	154	164	174	184	194	204	214	224	234	244	254	264	274	284	294	304	314	324	334	344	354	364	374	384	394	404	414	421
4924-424-MS515F-926R.extendedFrags	33.8889622472	33.9289358382	33.8884220635	33.9305563892	33.9343376748	37.8409459216	37.8698757578	37.7970109837	37.4633575416	37.7593841906	37.1161394874	37.6098133365	37.3594982294	37.6140387732	36.7722825761	37.151623552	36.8973350939	37.0671868435	36.841155993	36.4358501891	36.4051857632	35.9415221175	35.4484904868	35.2668987456	34.7518216194	34.8548106356	33.7398955645	33.4849648881	33.9664365884	33.5066802713	32.4399015665	32.9127003181	32.5417081808	33.2585319008	33.3115959426	34.3057626508	34.4743562039	35.0945134762	35.6318746623	35.4073713908	34.8758749025	36.1108349841	36.9281769614	37.2212137583	36.7708025692	37.399723873	37.0298157152	37.1847469836	37.0235778693	34.8449664841	32.9692066924
	1	2	3	4	5	6	7	8	9	14	24	34	44	54	64	74	84	94	104	114	124	134	144	154	164	174	184	194	204	214	224	234	244	254	264	274	284	294	304	314	324	334	344	354	364	374	384	394	404	414	420
4924-425-MS515F-926R.extendedFrags	33.720638426	33.4335474804	33.7584822325	33.8353744228	33.817104999	37.4507127083	37.5770929532	37.5489861474	37.0603292512	37.2352338888	36.341276852	36.8049588436	36.128879743	36.5077293716	35.2143043566	35.6568460149	35.0302750452	34.9037944188	34.6128889781	33.6308070669	33.2696848022	32.6236699458	30.9872515559	30.8437060831	30.4190122465	31.3902730375	29.9365488858	30.0710600281	30.5448905842	31.0864786188	30.1509435856	31.062326842	31.4646958442	34.2569664726	34.4051696446	35.2892190323	35.4192029713	35.9746938366	36.518972094	36.2771832965	36.0811282875	37.0047982333	37.4067054808	37.5980726762	37.3564846416	37.6685203774	37.4491066051	37.5773338687	37.2812100144	35.0164690649	33.8473110465
	1	2	3	4	5	6	7	8	9	14	24	34	44	54	64	74	84	94	104	114	124	134	144	154	164	174	184	194	204	214	224	234	244	254	264	274	284	294	304	314	324	334	344	354	364	374	384	394	404	414	420
4924-426-MS515F-926R.extendedFrags	33.8964467599	33.9435696306	33.8254990341	33.9123690218	33.9282912837	37.8037815372	37.8723292162	37.8116841304	37.4219399403	37.7256336709	37.0811215829	37.5977053211	37.3404320084	37.5913012937	36.8607036235	37.1287712931	36.8462682199	36.9542117895	36.772153603	36.3172217994	36.2637183165	35.8377041503	35.3139261254	35.0931159632	34.6104489844	34.5053093719	33.5015395422	33.2032546977	33.5939940292	33.2011824621	32.0404729848	32.5282210385	32.3461335831	33.2176842475	33.2284200667	34.264889071	34.3880145243	35.0059185107	35.6463177614	35.4038285915	34.8593197518	36.1232408383	36.8856925419	37.2138098583	36.7833860204	37.4059101033	37.0580176805	37.2324102852	37.0014129308	34.8992720946	33.7913246466
	1	2	3	4	5	6	7	8	9	14	24	34	44	54	64	74	84	94	104	114	124	134	144	154	164	174	184	194	204	214	224	234	244	254	264	274	284	294	304	314	324	334	344	354	364	374	384	394	404	414	421
4924-427-MS515F-926R.extendedFrags	33.9045500506	33.8523761375	33.8324570273	33.8862487361	33.9083923155	37.7644084934	37.8447927199	37.773710819	37.4059150657	37.6643427705	36.9874469161	37.4778918099	37.2030485339	37.4907735086	36.6900707786	36.9619615774	36.6427654196	36.7255257836	36.5143629929	36.0283670374	35.9275834176	35.4363751264	34.8062386249	34.5719514661	34.0787967644	34.1194186047	33.0524772497	32.7877957533	33.2458190091	32.9629524772	31.801627907	32.4354853387	32.3471284125	33.520768453	33.562082912	34.5233215369	34.7020728008	35.2783822042	35.827487361	35.6249393327	35.1698887765	36.2959251769	37.0233619818	37.3143427705	36.8893781598	37.4613296259	37.1489180991	37.3030940344	37.0668641205	34.9820260166	33.0320008886
	1	2	3	4	5	6	7	8	9	14	24	34	44	54	64	74	84	94	104	114	124	134	144	154	164	174	184	194	204	214	224	234	244	254	264	274	284	294	304	314	324	334	344	354	364	374	384	394	404	414	420
4924-429-MS515F-926R.extendedFrags	33.8430744596	33.8913630905	33.9076261009	33.9098278623	33.9084767814	37.753102482	37.8209567654	37.7491493195	37.3514311449	37.6476431145	37.2675790633	37.3211068855	37.1016513211	37.4065302242	36.9550190152	36.5352832266	36.7480084067	36.8414881906	36.3790232186	35.9559347478	35.9722427942	35.3943054444	34.8153472778	34.7519265412	34.0809647718	33.8804143315	33.5173238591	32.8114191353	33.0857235789	34.2663380705	33.0083666934	33.5866843475	33.2491543235	33.5545336269	34.832841273	34.5088420737	35.2365592474	35.4152471978	35.6587269816	35.7107736189	35.6721727382	36.2223378703	36.925020016	37.3666933547	36.7152872298	37.4676791433	37.3534427542	37.3557045637	36.8855363997	34.681714382	34.0
	1	2	3	4	5	6	7	8	9	14	24	34	44	54	64	74	84	94	104	114	124	134	144	154	164	174	184	194	204	214	224	234	244	254	264	274	284	294	304	314	324	334	344	354	364	374	384	394	404	414	420
4924-430-MS515F-926R.extendedFrags	33.8763482479	33.9243949012	33.8179800795	33.9148474996	33.9156732208	37.7887701915	37.8365588068	37.7664241111	37.4426897869	37.7213036074	37.3974712288	37.4817309181	37.2970015998	37.5573824637	37.1804407287	36.8756309026	37.0964318709	37.1413139967	36.7687964492	36.4703241123	36.5118755161	36.0058887283	35.4227446325	35.3412365813	34.6968156482	34.3444364162	34.0582627993	33.2655398431	33.4798771676	34.6956699009	33.2604201073	33.7570912469	33.3537933526	33.3130602766	34.6450190978	34.2284608238	34.9912563229	35.1280066068	35.4005419635	35.5472901827	35.3752658202	36.018514504	36.7693197068	37.2990502736	36.5629916383	37.4208423661	37.2620419118	37.2965520801	36.7771120906	34.6189518732	33.7666666667
	1	2	3	4	5	6	7	8	9	14	24	34	44	54	64	74	84	94	104	114	124	134	144	154	164	174	184	194	204	214	224	234	244	254	264	274	284	294	304	314	324	334	344	354	364	374	384	394	404	414	420
4924-431-MS515F-926R.extendedFrags	33.9010615894	33.8984828298	33.8570507586	33.9092706408	33.9275368548	37.8089998711	37.8580822624	37.8034985172	37.5069411613	37.757024971	37.5081531783	37.5523402244	37.4405037177	37.6678299738	37.3481411441	37.0076932995	37.2316413805	37.3164481884	37.0286929987	36.6612799244	36.7790389822	36.3951691237	36.1346069541	36.0346155499	35.4815661667	35.2163579318	34.9205054369	34.4280397129	34.6704860962	35.3176430137	34.2659345855	34.4829372072	34.2156229853	33.8835337995	34.9002492908	34.4974941975	35.3592925299	35.5560431531	35.7988438064	35.7938579902	35.7443135906	36.2243187484	36.8831513797	37.3415370068	36.7398048655	37.4021318662	37.2767042036	37.307650649	36.842083715	34.549914794	34.0
	1	2	3	4	5	6	7	8	9	14	24	34	44	54	64	74	84	94	104	114	124	134	144	154	164	174	184	194	204	214	224	234	244	254	264	274	284	294	304	314	324	334	344	354	364	374	384	394	404	414	421
4924-432-MS515F-926R.extendedFrags	33.924449691	33.8955975279	33.9214637872	33.90257621	33.9298659815	37.80699257	37.8460523575	37.7575862787	37.4402124852	37.7399972224	37.4667071731	37.4397333519	37.3879626415	37.6278834803	37.2685334352	36.8848482744	37.1316922436	37.2037358517	36.90515242	36.4371015902	36.6012117214	36.1948788279	36.0620547184	35.9559961114	35.2573015763	35.1634504548	34.7249392403	34.4413061593	34.688049441	35.0896083605	34.1307339768	34.4596764114	34.1292792167	33.9540990901	34.8450713517	34.7562568533	35.3409166667	35.5146458333	35.8383645833	35.7942048611	35.8154826389	36.2491909722	36.8616666667	37.2903159722	36.7759305556	37.3577465278	37.1993506944	37.2681875	36.8331715079	34.5519022781	33.8294871795
	1	2	3	4	5	6	7	8	9	14	24	34	44	54	64	74	84	94	104	114	124	134	144	154	164	174	184	194	204	214	224	234	244	254	264	274	284	294	304	314	324	334	344	354	364	374	384	394	404	414	420
4924-434-MS515F-926R.extendedFrags	33.8832964996	33.9437156912	33.8693234476	33.9294574749	33.9437869822	37.8493619448	37.8667926142	37.8053753475	37.4299208669	37.750495473	37.6558209168	37.6266771227	37.4979717687	37.7012404648	37.4502887289	36.8439865973	37.1898552791	37.3910672275	37.1493904613	36.6615277679	36.8934020104	35.9050081985	36.5218150709	36.3238539959	35.5362051757	35.5572645612	35.0653988736	34.9461894917	35.1981393028	35.6449704142	34.6831075782	35.0341662508	34.7827689456	34.5698830826	35.088882396	35.2193889919	35.7558605447	35.9808819336	36.4485598175	36.4901753886	36.563086411	36.7936760302	37.1151397405	37.3937295024	37.0949415371	37.3953015828	37.2937081135	37.2851311849	36.9977042272	34.6765982808	34.0
	1	2	3	4	5	6	7	8	9	14	24	34	44	54	64	74	84	94	104	114	124	134	144	154	164	174	184	194	204	214	224	234	244	254	264	274	284	294	304	314	324	334	344	354	364	374	384	394	404	413
4924-435-MS515F-926R.extendedFrags	33.8574706782	33.8988781234	33.8689444161	33.9346251912	33.922845487	37.7965833758	37.8530851606	37.8001529832	37.3470168281	37.7028556859	37.5811218766	37.5512034676	37.3754411015	37.6258439572	37.3614788373	36.664936257	36.9933197348	37.2348801632	36.9224069352	36.3971443141	36.5864864865	35.4582508924	36.1099745028	35.8871902091	35.0251861295	35.0470015298	34.4783222845	34.326236614	34.51627231	35.20154513	34.1277409485	34.4398317185	34.2910351861	34.4160122387	35.0115604284	35.1859714431	35.7555175931	35.9979857216	36.4198266191	36.2983324834	36.5954054054	36.8324579296	37.128618052	37.402009179	37.1472667007	37.4340132585	37.3838500765	37.3787608363	37.0226969178	33.827951896
	1	2	3	4	5	6	7	8	9	14	24	34	44	54	64	74	84	94	104	114	124	134	144	154	164	174	184	194	204	214	224	234	244	254	264	274	284	294	304	314	324	334	344	354	364	374	384	394	404	414	420
4924-436-MS515F-926R.extendedFrags	33.8406612597	33.9258023206	33.7583918662	33.8984438667	33.9183903139	37.8081415654	37.8651480461	37.7776009934	37.3720749738	37.6799565369	37.5728006519	37.5240754395	37.359490085	37.6256005278	37.3304978851	36.6122821995	36.9540222748	37.1859288292	36.8812293841	36.3337576157	36.4569482712	35.3531297295	35.9448329388	35.7177771741	34.8744887268	34.8867049556	34.2723310955	34.1745352943	34.3680818037	35.1363188327	34.1143272925	34.6368194342	34.3630563856	34.6500717917	35.1733284179	35.4332026854	35.8642128138	36.1404866312	36.6116418953	36.6658271567	36.7746594746	36.9485738678	37.2390469168	37.4852768831	37.2262485933	37.5013271761	37.4423299313	37.4374131709	37.1575593047	34.6816988172	34.0
	1	2	3	4	5	6	7	8	9	14	24	34	44	54	64	74	84	94	104	114	124	134	144	154	164	174	184	194	204	214	224	234	244	254	264	274	284	294	304	314	324	334	344	354	364	374	384	394	404	413
4924-437-MS515F-926R.extendedFrags	33.8934821202	33.8515724068	33.7888663454	33.887553893	33.9174486432	37.7350050723	37.8140058331	37.7206758813	37.1645003804	37.6046823485	37.4505325894	37.3734212529	37.1128613999	37.4677371291	37.1022476541	36.1801547045	36.5369135176	36.8422203906	36.4427085975	35.7498668527	35.8023237383	34.4625	35.1623985544	34.8721753741	34.0209802181	34.1622654071	33.4362636318	33.4262110068	33.670561755	34.6519242962	33.5649410347	34.2152485417	34.0401914786	34.6810962465	35.2652790453	35.4933741242	35.9793266335	36.2165646895	36.70771011	36.7415464604	36.8377040865	37.0356212155	37.3083188029	37.5260723457	37.2872333006	37.5433503471	37.5087150873	37.4862980693	37.2021227035	33.9088196903
	1	2	3	4	5	6	7	8	9	14	24	34	44	54	64	74	84	94	104	114	124	134	144	154	164	174	184	194	204	214	224	234	244	254	264	274	284	294	304	314	324	334	344	354	364	374	384	394	404	414	420
4924-439-MS515F-926R.extendedFrags	33.859980581	33.9325188122	33.9046443887	33.925398495	33.9181972652	37.7736871915	37.8361517922	37.7810097904	37.242778542	37.6605752893	37.5065175176	37.4548466704	37.2612549559	37.5525325674	37.2377214985	36.4374140303	36.7947568574	37.0747754673	36.7268104216	36.1199449794	36.2610041265	35.0330568816	35.6834897645	35.4417024031	34.5368557327	34.6155635569	33.8668500688	33.7755805486	34.0512136904	34.8872036573	33.8316854114	34.3754551339	34.0689780727	34.3969050894	35.0473177442	35.2437454487	35.7315519055	35.9819160126	36.5198236103	36.5374989886	36.6543611943	36.8840237883	37.1997168056	37.4482118294	37.1733594951	37.466481916	37.3899668258	37.3783477628	37.1095704908	34.1552152105	34.0
	1	2	3	4	5	6	7	8	9	14	24	34	44	54	64	74	84	94	104	114	124	134	144	154	164	174	184	194	204	214	224	234	244	254	264	274	284	294	304	314	324	334	344	354	364	374	384	394	404	412
4924-440-MS515F-926R.extendedFrags	33.8328607614	33.9300215493	33.7615213035	33.8945219462	33.8996635288	37.7593663756	37.8190238554	37.7385354051	37.2541302786	37.6619787532	37.5284563911	37.478239008	37.2862954142	37.5781482742	37.2717931269	36.4422214661	36.8970322483	37.1218555064	36.7978753166	36.1992816907	36.3260103588	35.1719632528	35.8056519602	35.5497183471	34.6573399871	34.6853767343	34.0097425428	33.9811349287	34.2031643416	34.9774488677	33.9308070214	34.5139432892	34.1991758034	34.5571493384	35.061337675	35.3460753176	35.8115547489	36.0622731397	36.5567112825	36.5868647913	36.703531458	36.9188936782	37.2166288566	37.4649879008	37.2010624622	37.4644283122	37.4079741379	37.4034936479	37.1226973238	33.7875557591
	1	2	3	4	5	6	7	8	9	14	24	34	44	54	64	74	84	94	104	114	124	134	144	154	164	174	184	194	204	214	224	234	244	254	264	274	284	294	304	314	324	334	344	354	364	374	384	394	404	412
4924-441-MS515F-926R.extendedFrags	33.8934964085	33.9359347699	33.863405164	33.9134925257	33.934342846	37.8166957872	37.8690739662	37.8074160357	37.4292370414	37.7527198602	37.6649427296	37.6537487866	37.53114735	37.7217045234	37.4748786643	36.8753096486	37.2141681227	37.4063793438	37.1869928169	36.6976625898	36.9011492914	35.9838400311	36.5172626674	36.331613279	35.5730421277	35.5627839255	35.1042399534	34.911597748	35.1272568433	35.6099864104	34.6924325374	34.9787109299	34.8523082897	34.4284294312	35.1158842943	35.1903746845	35.8200582411	36.0546534653	36.4846981169	36.4878897301	36.59215298	36.833609008	37.1261230829	37.3988507086	37.0923354688	37.4238516793	37.3383614832	37.3691632693	37.0821060547	33.8051754366
	1	2	3	4	5	6	7	8	9	14	24	34	44	54	64	74	84	94	104	114	124	134	144	154	164	174	184	194	204	214	224	234	244	254	264	274	284	294	304	314	324	334	344	354	364	374	384	394	404	414	420
4924-442-MS515F-926R.extendedFrags	33.9256107052	33.9327659361	33.9256609174	33.9125555472	33.9352263312	37.8250608822	37.8644774171	37.7783635862	37.3798548869	37.7397077653	37.6346137431	37.6125429942	37.4940021591	37.697238332	37.4401395898	36.839185559	37.1718410283	37.3783309483	37.1392960257	36.6488765032	36.836775376	35.8743315508	36.4784338832	36.27933017	35.4950415506	35.4659787603	34.9756998318	34.8588787628	35.0510732846	35.5227310386	34.6045015189	34.9612412443	34.6747156737	34.3662649695	34.9412829732	35.1512452925	35.6261059503	35.8324880743	36.3629199096	36.3528747175	36.47048707	36.7081772533	37.0625684158	37.3452071303	37.0211950791	37.3460306302	37.2636756214	37.2891338187	37.0238288787	34.3504415807	34.0
	1	2	3	4	5	6	7	8	9	14	24	34	44	54	64	74	84	94	104	114	124	134	144	154	164	174	184	194	204	214	224	234	244	254	264	274	284	294	304	314	324	334	344	354	364	374	384	394	404	414	420
4924-831-MS515F-926R.extendedFrags	33.8782971789	33.9399124147	33.8735105408	33.9382829209	33.9488746308	37.8596598432	37.8738160709	37.8262552195	37.447397902	37.7547306243	37.5944393523	37.5168754456	37.4737244119	37.6882167227	37.3918016091	36.8398207557	37.1883287504	37.3016702312	36.9888277829	36.4449740299	36.5711885121	36.240859558	36.4308992769	36.23323149	35.5140849374	35.5490681332	35.0700478664	34.9594765251	35.1207556778	35.5257663713	34.6306650372	35.0596089215	34.7030553009	34.4113860882	35.0764130767	35.070882982	35.6189326815	35.888318566	36.1049088502	36.2401670231	36.2921071392	36.5832365821	36.9846012832	37.2989510133	37.0017822589	37.356991547	37.1934209186	37.2077604644	37.004847148	34.3932772797	34.0
	1	2	3	4	5	6	7	8	9	14	24	34	44	54	64	74	84	94	104	114	124	134	144	154	164	174	184	194	204	214	224	234	244	254	264	274	284	294	304	314	324	334	344	354	364	374	384	394	404	414	420
4924-832-MS515F-926R.extendedFrags	33.8836858006	33.9398288016	33.8034994965	33.9201913394	33.9190584089	37.7936807654	37.8766364552	37.7360271903	37.4194360524	37.721009567	37.6079053374	37.5302240685	37.4290533736	37.6692346425	37.3913393756	36.9148539778	37.168970292	37.2498237664	36.9090130916	36.3953801611	36.4581067472	36.1891490433	36.2739300101	36.056470292	35.2148539778	35.3107880161	34.8233131923	34.5672708963	34.806356999	35.3328423968	34.2529456193	34.781470292	34.4552744209	34.2895644512	34.9996223565	35.033295569	35.6148180788	35.8984640564	36.2437492131	36.3703008939	36.462193126	36.7054261614	37.0283394184	37.36962105	37.0553317386	37.3772263537	37.2809242005	37.256673382	37.0418305549	34.5364679238	34.0
	1	2	3	4	5	6	7	8	9	14	24	34	44	54	64	74	84	94	104	114	124	134	144	154	164	174	184	194	204	214	224	234	244	254	264	274	284	294	304	314	324	334	344	354	364	374	384	394	404	412
4924-833-MS515F-926R.extendedFrags	33.9088339648	33.8824944374	33.8204341812	33.9058873053	33.937157977	37.7769559204	37.8536893379	37.7654098262	37.2978531481	37.6499248301	37.5177280654	37.4550724638	37.2138913946	37.5411028925	37.2354621444	36.5191713272	36.8905586626	37.0065367731	36.6368332431	35.9835347886	35.8485296771	35.4910758314	35.7518672199	35.4241565939	34.5217391304	34.6451740935	34.0219736605	33.9734259426	34.146370798	34.9139815984	33.8248060617	34.4255637741	34.1312406038	34.5485056227	35.3053821637	35.225359312	35.7740513561	36.1232124602	36.3749353539	36.5758193517	36.6823741656	36.8924108485	37.1822832974	37.4318017801	37.1698700986	37.4349109935	37.3324152033	37.3174885735	37.103436193	33.8944375972
	1	2	3	4	5	6	7	8	9	14	24	34	44	54	64	74	84	94	104	114	124	134	144	154	164	174	184	194	204	214	224	234	244	254	264	274	284	294	304	314	324	334	344	354	364	374	384	394	404	412
4924-834-MS515F-926R.extendedFrags	33.8527918782	33.9313780786	33.9009212258	33.9137055838	33.9080654258	37.7886820831	37.8330513254	37.7356645986	37.4124835495	37.7070877985	37.5068433916	37.4271479601	37.2859936078	37.588964091	37.2606504982	36.6666290656	37.0047753337	37.0973115247	36.7614965219	36.1053017484	36.2293288212	35.8472833239	35.9418687723	35.756927994	34.905320549	35.0240834743	34.4094566648	34.2332393307	34.4166196654	34.9605940966	33.9721752209	34.4275239707	34.0450836623	34.0923669863	34.8796578304	34.8954314721	35.4916713668	35.7774581688	36.0457792818	36.1827787178	36.2909945478	36.5896409099	36.9843015604	37.2995299868	36.9664786614	37.3207369806	37.2180673059	37.2313028765	36.9873320157	33.8715056228
	1	2	3	4	5	6	7	8	9	14	24	34	44	54	64	74	84	94	104	114	124	134	144	154	164	174	184	194	204	214	224	234	244	254	264	274	284	294	304	314	324	334	344	354	364	374	384	394	404	414	420
4924-836-MS515F-926R.extendedFrags	33.8584085703	33.9466042312	33.8144454925	33.9289516238	33.9325562593	37.8086511252	37.858913893	37.8019134887	37.4442460585	37.7281666891	37.6348975879	37.6246732246	37.4848470557	37.6994576203	37.4326034227	36.7888222612	37.1967322463	37.360914971	37.0959473117	36.6359318151	36.7948086511	35.8241443202	36.3910894758	36.1975272874	35.2800633338	35.3130710147	34.7060032341	34.6010712842	34.7847998922	35.3979787091	34.4180804474	34.7296961326	34.4985749899	34.3346617707	34.823480663	35.0927637785	35.5631417599	35.8729315456	36.3788876162	36.4227327853	36.5565557203	36.7699467727	37.0999023043	37.3880575394	37.073628891	37.3926290257	37.3168575664	37.2936194583	37.0020423135	34.4589963913	34.0
	1	2	3	4	5	6	7	8	9	14	24	34	44	54	64	74	84	94	104	114	124	134	144	154	164	174	184	194	204	214	224	234	244	254	264	274	284	294	304	314	324	334	344	354	364	374	384	394	404	414	420
4924-837-MS515F-926R.extendedFrags	33.8810398328	33.9286935596	33.8566588563	33.9189728326	33.940472421	37.8385789374	37.8815781141	37.8184725477	37.4792603382	37.7535589893	37.6751725667	37.658948135	37.5521056298	37.738575771	37.4999905009	36.9366094611	37.2640048129	37.4361060098	37.2006997657	36.7628237604	36.9658508011	36.0787030587	36.6195776075	36.4349661199	35.6143594453	35.6792825027	35.200044329	34.9979608638	35.1981413463	35.7393578621	34.8762427965	34.9815432841	34.9550566779	34.3783230954	35.0835478091	35.1255438397	35.7493081283	36.056369336	36.4827681201	36.4707007378	36.5954212976	36.8199075393	37.1196478896	37.3955004591	37.0828789462	37.4034324436	37.3206231595	37.3187897787	37.0026587937	34.2429260414	34.0
	1	2	3	4	5	6	7	8	9	14	24	34	44	54	64	74	84	94	104	114	124	134	144	154	164	174	184	194	204	214	224	234	244	254	264	274	284	294	304	314	324	334	344	354	364	374	384	394	404	412
4924-838-MS515F-926R.extendedFrags	33.9202832127	33.9238865885	33.9146568891	33.9060593609	33.9373202263	37.8317792458	37.8655055789	37.7836394096	37.3926099188	37.7503966874	37.6514713784	37.6426209818	37.5311344312	37.7168189146	37.4746720612	36.9041881341	37.2257736195	37.4102095648	37.1803584411	36.7302304264	36.9239814142	35.9835129753	36.5602237886	36.3876220881	35.5205992983	35.6043556595	35.089796757	34.9641748586	35.1528305465	35.6209722793	34.787470367	34.9607706167	34.807658754	34.3866327401	34.9664064229	35.1602490754	35.6451243797	35.8240256662	36.3883775326	36.3711856371	36.5079116225	36.7362265702	37.0574580396	37.3654486835	37.0456775295	37.363726017	37.2820969118	37.2754464709	36.96019705	33.794517118
	1	2	3	4	5	6	7	8	9	14	24	34	44	54	64	74	84	94	104	114	124	134	144	154	164	174	184	194	204	214	224	234	244	254	264	274	284	294	304	314	324	334	344	354	364	374	384	394	404	414	420
4924-839-MS515F-926R.extendedFrags	33.8655027889	33.9419216588	33.8070462925	33.9145054045	33.9238017206	37.8252292566	37.8618472883	37.7812687108	37.385907415	37.7290202628	37.6425267072	37.6138909022	37.4894967384	37.6895534617	37.4363470205	36.8297923298	37.1656382945	37.366920871	37.1237859641	36.6541014086	36.8271074276	35.8450603473	36.4409888759	36.2714744903	35.4526612675	35.5663252765	35.0690511455	34.9211262723	35.114016954	35.6187848612	34.751057259	34.9764976523	34.8741026691	34.6180285507	35.2310623011	35.3921343712	35.9177480856	36.0948287272	36.5550530993	36.5740680049	36.6764976523	36.8746415404	37.1749535184	37.41797813	37.1572873665	37.4350675952	37.372952447	37.3499290959	37.0315028738	34.3148064414	34.0
	1	2	3	4	5	6	7	8	9	14	24	34	44	54	64	74	84	94	104	114	124	134	144	154	164	174	184	194	204	214	224	234	244	254	264	274	284	294	304	314	324	334	344	354	364	374	384	394	404	413
4924-841-MS515F-926R.extendedFrags	33.8541205412	33.9456334563	33.8122181222	33.9134891349	33.9193111931	37.8401804018	37.8656826568	37.7919639196	37.388601886	37.7313489135	37.6275440754	37.5952767528	37.4509143091	37.676104961	37.4152685527	36.7391307913	37.0946207462	37.3129479295	37.0330791308	36.5828126281	36.7179909799	35.6948093481	36.2832390324	35.9820172202	35.014300943	35.133497335	34.5313325133	34.3532431324	34.4923821238	35.2129151292	34.0658466585	34.4260434604	34.1252234522	33.9955555556	34.6112505125	34.8297088971	35.3117753178	35.7112915129	36.2608446084	36.319204592	36.4541943419	36.7045100451	37.051701517	37.3520787208	37.0495366954	37.3714063141	37.2658384584	37.2698400984	36.9869075528	33.7610411941
	1	2	3	4	5	6	7	8	9	14	24	34	44	54	64	74	84	94	104	114	124	134	144	154	164	174	184	194	204	214	224	234	244	254	264	274	284	294	304	314	324	334	344	354	364	374	384	394	404	414	420
4924-842-MS515F-926R.extendedFrags	33.8827094586	33.8860067831	33.7690616757	33.926077126	33.9349013943	37.7978897123	37.8606644894	37.8217246577	37.4101243562	37.7416624796	37.6637419922	37.6363333752	37.5484424067	37.7218471298	37.4736747896	36.8972993343	37.2337017963	37.4140026379	37.1659402085	36.7179531466	36.9200414521	35.9799805301	36.5356393669	36.3606016832	35.5516141188	35.6700759955	35.1603159151	34.9894768245	35.1897468911	35.6980906921	34.8025091069	34.9895364904	34.9443725663	34.707571285	35.1095622409	35.2610476071	35.7665054641	35.9684744379	36.4714106268	36.472337018	36.5736119834	36.7912793619	37.1097946238	37.3791734707	37.0762341414	37.3995352343	37.3143103881	37.3254333626	36.9887407161	34.4465358384	34.0
	1	2	3	4	5	6	7	8	9	14	24	34	44	54	64	74	84	94	104	114	124	134	144	154	164	174	184	194	204	214	224	234	244	254	264	274	284	294	304	314	324	334	344	354	364	374	384	394	404	414	420
4924-843-MS515F-926R.extendedFrags	33.926494168	33.9241047568	33.9074417581	33.9512371491	33.943125727	37.8112993995	37.8765366114	37.8096645393	37.4382997453	37.7519634043	37.6704656208	37.6538372056	37.5316848492	37.7256798818	37.4883013173	36.8995661332	37.242883642	37.4238123683	37.203973968	36.7682774232	36.9403590405	36.0444807747	36.5881032477	36.386921118	35.4107995095	35.4810010375	34.9032980162	34.7724148772	34.9493476279	35.5113717106	34.4507718427	34.7788725752	34.4903260289	33.9216996259	34.4683968938	34.7257867765	35.2178734241	35.5811550916	36.1451693024	36.2069701638	36.295114283	36.5818499073	36.9578866287	37.2838934826	36.9518816613	37.2954412551	37.2084132424	37.1980633194	36.9126863485	34.3557704614	34.0
	1	2	3	4	5	6	7	8	9	14	24	34	44	54	64	74	84	94	104	114	124	134	144	154	164	174	184	194	204	214	224	234	244	254	264	274	284	294	304	314	324	334	344	354	364	374	384	394	404	414	420
4924-844-MS515F-926R.extendedFrags	33.8651851405	33.8900313593	33.9319141237	33.9451815221	33.925189965	37.8401580027	37.8636774816	37.7633277047	37.4457845857	37.7416867688	37.6521227837	37.6342630563	37.5083855988	37.7080388373	37.471764564	36.8937251236	37.2235255096	37.4019780485	37.1743969364	36.7735496321	36.9353636473	36.0223073212	36.5557562417	36.3663400072	35.4999487396	35.579070679	35.0788415149	34.9140423351	35.0886835122	35.6264111687	34.6678898806	34.936982873	34.747988783	34.3269569413	34.9032655892	34.991119889	35.577400193	35.8529369196	36.3490773127	36.3780123025	36.4755578338	36.7123567724	37.0420998673	37.3434658063	37.0211615004	37.3427964057	37.2514775057	37.2626703655	36.9543189681	33.9349019475	34.0
	1	2	3	4	5	6	7	8	9	14	24	34	44	54	64	74	84	94	104	114	124	134	144	154	164	174	184	194	204	214	224	234	244	254	264	274	284	294	304	314	324	334	344	354	364	374	384	394	404	414	420
5101-1016-MS515F-926R.extendedFrags	33.9132097406	33.9476872247	33.9053475281	33.9061123348	33.9082232012	37.7789402839	37.8289892315	37.7875367107	37.4296683798	37.8058125306	37.4886502692	37.6191844102	37.4388277044	37.610542095	37.2775330396	37.3131577337	37.3981246941	37.4789066324	37.2858143661	37.1162322565	37.2656968918	36.8487212433	36.840577582	36.8006975037	37.0753395742	37.1835077093	37.2215828439	36.8281907734	36.9692455947	37.2994187469	36.8949094469	36.8112640724	36.9335535977	35.7120839452	36.0825838228	35.7128487518	36.071368698	36.0615638767	36.0167982134	36.1719836025	35.8404337983	36.0837708027	36.6312622369	37.1479289036	36.2151707048	37.297515908	37.1254374694	37.2370074645	36.597440744	33.6614200892	32.425
	1	2	3	4	5	6	7	8	9	14	24	34	44	54	64	74	84	94	104	114	124	134	144	154	164	174	184	194	204	214	224	234	244	254	264	274	284	294	304	314	324	334	344	354	364	374	384	394	404	414	420
5101-1017-MS515F-926R.extendedFrags	33.9119078105	33.9498932992	33.944344857	33.9150661545	33.9233888178	37.8261203585	37.8556764831	37.8050789586	37.5051429791	37.8151024328	37.507891592	37.6237580026	37.4587622706	37.6235189927	37.3041378574	37.3536235595	37.4008047603	37.4852749739	37.3252374144	37.1482596726	37.3124522504	36.8817281632	36.892330182	36.8528991229	37.1010563606	37.2121854926	37.2651827824	36.8787596833	37.0559230884	37.316758787	36.8833201733	36.8508056083	36.9527732133	35.6147741096	35.9872020316	35.6391557652	35.9579760558	35.9199065281	35.9276232954	36.04236326	35.6634093771	35.9117330716	36.5212680595	37.0884952731	36.141776393	37.2289400115	37.0387716341	37.1711901662	36.5388766235	34.3350606865	33.8564102564
	1	2	3	4	5	6	7	8	9	14	24	34	44	54	64	74	84	94	104	114	124	134	144	154	164	174	184	194	204	214	224	234	244	254	264	274	284	294	304	314	324	334	344	354	364	374	384	394	404	414	420
5101-1018-MS515F-926R.extendedFrags	33.9134120371	33.9537081068	33.9393594806	33.9103727748	33.9197179895	37.8271548783	37.8511381727	37.7974652139	37.4580395724	37.8142493849	37.4901151612	37.6181446027	37.4564682531	37.6288047636	37.3000330804	37.3540285732	37.4036863978	37.4875741725	37.3034837803	37.1169040875	37.2821345132	36.8601133004	36.896414911	36.8565633593	37.1079144872	37.229857134	37.2692786404	36.9021481589	37.0582194471	37.3314760064	36.9170529493	36.8442657184	36.9585895342	35.6670271053	35.9911820043	35.570142866	35.9539768851	35.9186222011	35.9393201977	36.060241487	35.6938036264	35.9673496392	36.5634089358	37.1150515848	36.1126160399	37.2421444373	37.0414559514	37.1519343758	36.5625759121	33.9747616833	33.2410714286
	1	2	3	4	5	6	7	8	9	14	24	34	44	54	64	74	84	94	104	114	124	134	144	154	164	174	184	194	204	214	224	234	244	254	264	274	284	294	304	314	324	334	344	354	364	374	384	394	404	414	420
5101-1019-MS515F-926R.extendedFrags	33.8930903156	33.9453628526	33.9335398008	33.9386456851	33.9181384448	37.8439357161	37.8738176948	37.8037582657	37.4861262242	37.8184167573	37.5128274881	37.6377333222	37.5030593454	37.6503348121	37.3371515862	37.3630032644	37.4206558132	37.5043923161	37.3383192433	37.1235540303	37.2921486566	36.9013476186	36.9637900728	36.9473005776	37.1479576463	37.2602285092	37.2991043777	37.0006863648	37.131759019	37.3626349711	36.9917050306	36.9299405709	37.0257428643	35.7129865238	36.0349774002	35.7034339165	36.0256089395	36.0237988616	36.064917971	36.1428371139	35.8556583243	36.0964175107	36.6293881309	37.1342722022	36.2625659161	37.2459748629	37.0325988239	37.1838910164	36.6080441669	34.5028992923	33.7941176471
	1	2	3	4	5	6	7	8	9	14	24	34	44	54	64	74	84	94	104	114	124	134	144	154	164	174	184	194	204	214	224	234	244	254	264	274	284	294	304	314	324	334	344	354	364	374	384	394	404	414	420
5101-1020-MS515F-926R.extendedFrags	33.9212863857	33.9495337221	33.9277822888	33.9242144632	33.9286188824	37.7935582294	37.8445658325	37.8112743289	37.4419428656	37.8127482099	37.5490735956	37.6216480894	37.5372800866	37.638357816	37.371024335	37.3161388745	37.3979235652	37.4512340363	37.3148724132	37.0142523192	37.2555328625	36.8160855336	37.0080636827	36.9494106646	37.1148108959	37.2648416546	37.2927827949	36.9804399715	37.1697605748	37.362858338	36.9201235267	36.9885134969	37.0703240729	35.7697384286	36.056475307	35.8324934177	36.067127636	36.0368857501	36.1333915697	36.2097295701	35.8927286597	36.1240507887	36.6190787162	37.121802254	36.4137605197	37.1963359417	37.0299842512	37.143378119	36.6352675612	33.8425447674	33.0714285714
	1	2	3	4	5	6	7	8	9	14	24	34	44	54	64	74	84	94	104	114	124	134	144	154	164	174	184	194	204	214	224	234	244	254	264	274	284	294	304	314	324	334	344	354	364	374	384	394	404	414	420
5101-1021-MS515F-926R.extendedFrags	33.8939337107	33.9561140285	33.8963377208	33.9013503376	33.902833663	37.8246607106	37.8348734911	37.7920446021	37.3590670395	37.7875196072	37.5901316238	37.6076791925	37.5625826911	37.6549665826	37.4334685944	37.1927368206	37.2956778967	37.4083969856	37.2499283912	36.948375162	37.1767782855	36.49668383	36.9607123372	36.9584413149	37.0435006479	37.2624667531	37.2620643797	37.1003955534	37.1998414376	37.3657505285	37.0278643525	37.1425560936	37.1658766964	36.1790135034	36.2369808361	36.1588982473	36.3101923208	36.3299069085	36.5351991407	36.5446821933	36.4138443702	36.5313373798	36.848373457	37.1987110414	36.871746914	37.2906789197	37.2082998022	37.2942917548	36.8124239442	34.1359865628	34.0
	1	2	3	4	5	6	7	8	9	14	24	34	44	54	64	74	84	94	104	114	124	134	144	154	164	174	184	194	204	214	224	234	244	254	264	274	284	294	304	314	324	334	344	354	364	374	384	394	404	414	420
5101-1022-MS515F-926R.extendedFrags	33.8769755463	33.9679869205	33.9075822302	33.9031345042	33.9119068966	37.7961078002	37.8462985426	37.8044758539	37.4019478579	37.7998312325	37.6186382575	37.6280769298	37.5890547264	37.682808572	37.4640999947	37.2772111176	37.3578028585	37.4639382592	37.3189599705	37.037907635	37.2638591495	36.6295149693	37.0695198917	37.0491324297	37.1115324438	37.2857092629	37.2901692949	37.1364942074	37.2495103985	37.399994726	37.0818511257	37.1749006716	37.1865950564	36.1134238834	36.1451246528	36.0543707585	36.2365360948	36.2385280776	36.4469460952	36.4790287985	36.308470762	36.4371848518	36.768982735	37.14917367	36.7560849538	37.21934843	37.122238827	37.2118376174	36.719421149	34.1894553377	33.6818181818
	1	2	3	4	5	6	7	8	9	14	24	34	44	54	64	74	84	94	104	114	124	134	144	154	164	174	184	194	204	214	224	234	244	254	264	274	284	294	304	314	324	334	344	354	364	374	384	394	404	414	420
5101-1023-MS515F-926R.extendedFrags	33.8790196758	33.9718947733	33.9100719424	33.9145141718	33.9030293837	37.8432651469	37.8559200832	37.8133830285	37.4188263847	37.8144036578	37.6234289677	37.6433041519	37.6097534021	37.6883938632	37.4613092658	37.2838346191	37.367745081	37.4718037618	37.3286231256	37.06439499	37.2840383115	36.6312299558	37.0690084077	37.0552461645	37.1522774551	37.3331346971	37.3281030597	37.1781724018	37.2854294877	37.4205100979	37.1066950393	37.190900817	37.2185559191	36.2296747351	36.2541508657	36.1623615836	36.3417860316	36.3292413375	36.5106529135	36.5476325655	36.3849329317	36.5035191887	36.8404945067	37.1900968644	36.8185884239	37.2836674107	37.1734934015	37.2660302945	36.7850785288	34.2797751093	34.0
	1	2	3	4	5	6	7	8	9	14	24	34	44	54	64	74	84	94	104	114	124	134	144	154	164	174	184	194	204	214	224	234	244	254	264	274	284	294	304	314	324	334	344	354	364	374	384	394	404	414
5101-1024-MS515F-926R.extendedFrags	33.9013626729	33.9653578278	33.9072574947	33.9085293227	33.9086908247	37.7987685475	37.840698496	37.7982638538	37.4149591198	37.7899424649	37.6112445745	37.6187402846	37.5857797517	37.6661734127	37.4591460583	37.2266478248	37.3402099526	37.4295790855	37.2945614212	36.9926415666	37.2103603513	36.5951670536	37.0255253861	37.0105137781	37.0916099727	37.2925910972	37.3066579186	37.1764126375	37.239382255	37.4004360553	37.1099047845	37.1804413219	37.2295560535	36.3091735961	36.3571650337	36.3050957986	36.4556600917	36.4805677253	36.6553980806	36.6937046983	36.5603262735	36.6723596277	36.9321528801	37.2334975469	36.9515031598	37.2971794302	37.2278826546	37.3119990309	36.8284719976	33.8121791421
	1	2	3	4	5	6	7	8	9	14	24	34	44	54	64	74	84	94	104	114	124	134	144	154	164	174	184	194	204	214	224	234	244	254	264	274	284	294	304	314	324	334	344	354	364	374	384	394	404	414	420
5101-1025-MS515F-926R.extendedFrags	33.9009973971	33.9654251031	33.9353419483	33.9217745837	33.9272798471	37.8236472946	37.8613318591	37.8164605072	37.4485062078	37.811922696	37.6252574114	37.6507682031	37.6113445281	37.6814640776	37.4735747357	37.2998272407	37.3933199733	37.4739548062	37.3439983415	37.0681708244	37.2856079976	36.6682975146	37.1031373091	37.0805519084	37.1511321494	37.3330868634	37.3344965794	37.2110911478	37.2872227213	37.4272429917	37.1465528759	37.2282496027	37.2563656048	36.3061477516	36.3263498572	36.2844190546	36.4506956602	36.3768335944	36.6216368746	36.6598544181	36.4972634295	36.5792661015	36.9158020824	37.2186860776	36.9113424859	37.3128397678	37.2141389478	37.317041371	36.8373443526	33.5791419992	34.0
	1	2	3	4	5	6	7	8	9	14	24	34	44	54	64	74	84	94	104	114	124	134	144	154	164	174	184	194	204	214	224	234	244	254	264	274	284	294	304	314	324	334	344	354	364	374	384	394	404	414	420
5101-1026-MS515F-926R.extendedFrags	33.9088799193	33.9688799193	33.9346922301	33.9196165489	33.9217356206	37.8257719475	37.8517457114	37.8032492432	37.4007063572	37.8086236125	37.6165045409	37.6332573158	37.5894631685	37.6736710394	37.4570413724	37.2598466196	37.3429021191	37.445037336	37.3200827447	37.0180887992	37.2578365288	36.6018990918	37.0543471241	37.049493441	37.1795176589	37.3389344097	37.3534894046	37.1993784057	37.3171321897	37.4478304743	37.1474894046	37.2267366297	37.2765973764	36.4568435923	36.5080020182	36.4175459132	36.5971866801	36.5198829465	36.7458345106	36.7669041372	36.5981876892	36.7256710394	37.0264056509	37.2854167508	36.9770110999	37.3420060545	37.2594672048	37.3710575177	36.8900841489	34.0062506682	33.8712121212
	1	2	3	4	5	6	7	8	9	14	24	34	44	54	64	74	84	94	104	114	124	134	144	154	164	174	184	194	204	214	224	234	244	254	264	274	284	294	304	314	324	334	344	354	364	374	384	394	404	414	420
5101-1027-MS515F-926R.extendedFrags	33.8804335274	33.9611178013	33.9277784193	33.9245781026	33.9185403916	37.8250878437	37.8624358699	37.7905937082	37.4191920025	37.7981095036	37.6202824197	37.6366832181	37.5936224616	37.6749517478	37.4660865405	37.2672330457	37.364763523	37.4586845708	37.3167785678	37.0444695557	37.2626024844	36.636028308	37.055868622	37.0436496808	37.1826094129	37.3361817252	37.3384285455	37.210955311	37.3021395932	37.4263993137	37.1306273611	37.2334482588	37.244594929	36.3481185767	36.4647371286	36.3401606757	36.5523961134	36.5018113133	36.703409822	36.7274171464	36.5614477309	36.6943697521	36.9887609495	37.274323232	36.9396822778	37.3373777199	37.2527491381	37.3575149706	36.8601761953	34.0507820329	33.5
	1	2	3	4	5	6	7	8	9	14	24	34	44	54	64	74	84	94	104	114	124	134	144	154	164	174	184	194	204	214	224	234	244	254	264	274	284	294	304	314	324	334	344	354	364	374	384	394	404	414
5101-1028-MS515F-926R.extendedFrags	33.9159724151	33.9646857354	33.9236554661	33.9249282607	33.9332824215	37.8004026659	37.8412709433	37.7971628251	37.4009534389	37.8054012774	37.6326992502	37.6414074794	37.599474683	37.6739493659	37.4708275479	37.2658335648	37.3604924558	37.4629778765	37.3240604462	37.0290798852	37.2541076553	36.5761501435	37.0737850597	37.052448394	37.1701078404	37.3329028973	37.3394890308	37.1734749607	37.3004327502	37.4211422753	37.1264690574	37.2109393441	37.2728032214	36.4516326861	36.4801485733	36.4177177108	36.5672699081	36.5129365208	36.7332785633	36.738108352	36.5814561107	36.7192150147	37.0041609775	37.2876744348	36.9900812293	37.3507463377	37.2756751753	37.3664020735	36.8795312592	33.8375035388
	1	2	3	4	5	6	7	8	9	14	24	34	44	54	64	74	84	94	104	114	124	134	144	154	164	174	184	194	204	214	224	234	244	254	264	274	284	294	304	314	324	334	344	354	364	374	384	394	404	414	420
5101-1029-MS515F-926R.extendedFrags	33.8814457286	33.9628198118	33.8843115443	33.8992062445	33.8865928845	37.8056712985	37.8251286789	37.7834423726	37.3032296989	37.7724146383	37.5479269971	37.5723165972	37.5184411471	37.6205452591	37.3782160297	37.1186956768	37.233539471	37.345883218	37.1844472935	36.851058655	37.0876279719	36.372013047	36.8594411659	36.8327607987	37.0444767058	37.2546842889	37.2612926337	37.1185750108	37.2134297404	37.3784460491	37.0388261468	37.1621768887	37.1875016497	36.4695337393	36.5176398499	36.4559361979	36.5940741718	36.5434227644	36.7483285884	36.7643149381	36.6479665906	36.7545523106	37.0535681291	37.3211240785	37.0311563189	37.4070815815	37.3208770904	37.4138313317	36.9198378183	33.9540735096	33.2
	1	2	3	4	5	6	7	8	9	14	24	34	44	54	64	74	84	94	104	114	124	134	144	154	164	174	184	194	204	214	224	234	244	254	264	274	284	294	304	314	324	334	344	354	364	374	384	394	404	414	420
5101-1030-MS515F-926R.extendedFrags	33.8755772981	33.9697923437	33.903475762	33.9077520441	33.9183401184	37.7953713523	37.8606787315	37.8017173549	37.4063665287	37.8071516541	37.6179347268	37.6350877493	37.5842188088	37.674503096	37.4581557251	37.2675019671	37.3611679381	37.4611097807	37.3091084807	37.0451404331	37.2644435702	36.628238856	37.0424822962	37.0284116178	37.1771868906	37.3302418665	37.3311552804	37.1771800486	37.2979046218	37.4336919709	37.117891964	37.2165594745	37.2353255106	36.3248212514	36.3920426944	36.2937668913	36.4635079197	36.4144384386	36.6174865725	36.6583182238	36.4930416339	36.6081882248	36.9213164107	37.2303872601	36.8622284561	37.311821354	37.2167202627	37.3156118504	36.8233339566	34.0861464714	34.0
	1	2	3	4	5	6	7	8	9	14	24	34	44	54	64	74	84	94	104	114	124	134	144	154	164	174	184	194	204	214	224	234	244	254	264	274	284	294	304	314	324	334	344	354	364	374	384	394	404	414	420
5101-1031-MS515F-926R.extendedFrags	33.8805565349	33.966450598	33.9041251932	33.9159773264	33.8983482954	37.8437254211	37.8572048493	37.8054026199	37.4256190502	37.8085134659	37.6060643866	37.6367524613	37.568655583	37.6709446448	37.4337663747	37.2751484907	37.3906674622	37.4721298582	37.3140028749	37.0282010252	37.2649697594	36.6938027176	37.0244419734	36.9949228391	37.1776735103	37.3147134604	37.3296710152	37.1493260286	37.2445824632	37.4188874725	37.0901397778	37.1570924871	37.2071304584	36.2665174939	36.3685136968	36.2223460808	36.4383319772	36.37334147	36.5146297803	36.5756061362	36.4288670699	36.5321028506	36.9037538311	37.2353169329	36.7847595541	37.3223927961	37.204320703	37.3047221243	36.7988834506	33.9879197679	33.5
	1	2	3	4	5	6	7	8	9	14	24	34	44	54	64	74	84	94	104	114	124	134	144	154	164	174	184	194	204	214	224	234	244	254	264	274	284	294	304	314	324	334	344	354	364	374	384	394	404	414	421
5101-1032-MS515F-926R.extendedFrags	33.8869800807	33.9622548567	33.8911979311	33.9048366737	33.9052369077	37.7809796496	37.8262984514	37.7738370124	37.3587943721	37.7705581725	37.5824297281	37.5864443829	37.5186201164	37.6170776762	37.4064683969	37.1607185739	37.274852991	37.3716726702	37.2078876882	36.8365444414	37.0767556418	36.4853329639	36.9108555771	36.8961269665	37.086632185	37.28023152	37.3002155106	37.1718266063	37.2459899634	37.3961977772	37.1070324996	37.1715785585	37.2215308353	36.4901382432	36.5931278672	36.483102928	36.6464731057	36.6452476985	36.7646879522	36.8370177653	36.6742141076	36.8111364266	37.0605037101	37.3024538933	37.0511407371	37.3804030267	37.2808670485	37.3412279081	36.9456152284	34.2486944465	34.0
	1	2	3	4	5	6	7	8	9	14	24	34	44	54	64	74	84	94	104	114	124	134	144	154	164	174	184	194	204	214	224	234	244	254	264	274	284	294	304	314	324	334	344	354	364	374	384	394	404	412
5101-1033-MS515F-926R.extendedFrags	33.8947113266	33.9725429705	33.9432349052	33.9238431027	33.9306302336	37.8368444249	37.8630674306	37.8087263112	37.3972675187	37.8136315558	37.6374570295	37.6468003526	37.5979903041	37.678259145	37.4853327457	37.2872498898	37.3860290877	37.4520758043	37.3173997356	36.9172763332	37.1994094315	36.7012560599	37.1201366241	37.1026663729	37.225165271	37.3716527104	37.4010665491	37.2932393125	37.3656456589	37.4872454826	37.2075760247	37.3184398413	37.3226531512	36.5025694138	36.547950639	36.4483252534	36.6336491847	36.5713750551	36.7284398413	36.8274438078	36.6671397091	36.7805685324	37.051044513	37.2891846628	37.0448699868	37.3490215954	37.2067606875	37.2768973116	36.9574489562	33.607632232
	1	2	3	4	5	6	7	8	9	14	24	34	44	54	64	74	84	94	104	114	124	134	144	154	164	174	184	194	204	214	224	234	244	254	264	274	284	294	304	314	324	334	344	354	364	374	384	394	404	412
5101-1034-MS515F-926R.extendedFrags	33.9195481949	33.9702723304	33.9278636269	33.9318134571	33.9363869448	37.8402744093	37.8756496431	37.8222922874	37.4340655533	37.816807567	37.6420587624	37.6399002148	37.6018675074	37.6875268519	37.4993174416	37.2936768069	37.3793396161	37.4725313561	37.3305626776	36.9954473009	37.2372566004	36.6824128612	37.0924364216	37.0907386875	37.1975192294	37.3595939297	37.3814704456	37.2288302959	37.3445880396	37.4593964382	37.1559524634	37.2625424434	37.3020927171	36.4777666135	36.5480042963	36.3622306146	36.5587381332	36.5006409812	36.6963204213	36.7720116416	36.6201198808	36.7282101032	37.0385974638	37.2888781096	37.0142852193	37.3712251403	37.2659552353	37.3576016908	36.9605638876	33.7911671661
	1	2	3	4	5	6	7	8	9	14	24	34	44	54	64	74	84	94	104	114	124	134	144	154	164	174	184	194	204	214	224	234	244	254	264	274	284	294	304	314	324	334	344	354	364	374	384	394	404	414	420
5101-1035-MS515F-926R.extendedFrags	33.8855920275	33.9603625922	33.9216260346	33.9381228534	33.9368278813	37.8555824559	37.892010585	37.8195484488	37.4659084511	37.8162884973	37.6300658747	37.6457406678	37.6087100952	37.6927931986	37.4851303418	37.3030009572	37.4242666517	37.4817296323	37.3386239514	36.9668881257	37.1975677045	36.7933956421	37.1094307753	37.1105343168	37.2272957604	37.3603513316	37.361668825	37.2623838748	37.3450819211	37.4610213389	37.1759867125	37.2590507291	37.2859974101	36.3936445714	36.5027646396	36.3451013514	36.5335698198	36.4957621516	36.6282729883	36.719595698	36.5379525874	36.6640295062	36.9874542486	37.255217073	36.9590686413	37.3351145898	37.2054676502	37.3108114196	36.9339363327	34.2602500229	34.0
	1	2	3	4	5	6	7	8	9	14	24	34	44	54	64	74	84	94	104	114	124	134	144	154	164	174	184	194	204	214	224	234	244	254	264	274	284	294	304	314	324	334	344	354	364	374	384	394	404	413
5101-1036-MS515F-926R.extendedFrags	33.9229881546	33.9738655263	33.9118555476	33.9302854428	33.942164749	37.8105759766	37.8562264535	37.8007331229	37.4011472016	37.8125241829	37.6456708414	37.658419034	37.6199572345	37.6980110647	37.5037063435	37.3015103689	37.395577504	37.498408173	37.3526592676	37.0617723925	37.2908902692	36.6495197366	37.0972202423	37.0876896446	37.2123680548	37.3624036928	37.3657231103	37.2109221736	37.3209347317	37.4493466382	37.1604215457	37.2472796389	37.2940535587	36.5053965991	36.5275532023	36.4582832705	36.5948715338	36.5409191189	36.7378949869	36.7703424634	36.6354512439	36.7364830465	37.0403387299	37.3073278349	37.019549944	37.4103655432	37.3298476055	37.413613685	36.9412886381	33.7239861587
	1	2	3	4	5	6	7	8	9	14	24	34	44	54	64	74	84	94	104	114	124	134	144	154	164	174	184	194	204	214	224	234	244	254	264	274	284	294	304	314	324	334	344	354	364	374	384	394	404	414	421
5101-1037-MS515F-926R.extendedFrags	33.891469484	33.9622224163	33.8863179953	33.9011612678	33.8964172415	37.8306993801	37.8573590617	37.811286708	37.3775138974	37.7876015018	37.6091970081	37.6251491603	37.5787217323	37.6616112227	37.4632090573	37.1914927675	37.2883756803	37.4075788003	37.2631392066	36.9366541518	37.1583631654	36.4846997875	36.9797141942	36.9707092756	37.1205826712	37.3063767863	37.3182368521	37.2051369365	37.293957915	37.4173782706	37.0999767164	37.2473209348	37.2608777904	36.5417328793	36.5536406459	36.5143692881	36.6208044706	36.5565079457	36.7982042028	36.8212177659	36.718397462	36.8047354328	37.0708073811	37.3110250888	37.0971796961	37.4183799988	37.3553670179	37.436070202	36.9870438428	33.4624655383	32.9166666667
	1	2	3	4	5	6	7	8	9	14	24	34	44	54	64	74	84	94	104	114	124	134	144	154	164	174	184	194	204	214	224	234	244	254	264	274	284	294	304	314	324	334	344	354	364	374	384	394	404	414	420
5101-1038-MS515F-926R.extendedFrags	33.8903659774	33.9744472527	33.9098688531	33.9182073275	33.9246353161	37.8227825429	37.8770522796	37.8247925332	37.4265955541	37.8227725925	37.6251049772	37.6614579395	37.59554618	37.6851937352	37.4783199666	37.3073971621	37.3903022946	37.4964934626	37.349732333	37.0880256324	37.2962845032	36.6837986826	37.0713009214	37.0455690661	37.1927640351	37.3394893431	37.3514338594	37.1661047981	37.2961631077	37.4378156779	37.1029731935	37.1850245776	37.2081474258	36.2863798285	36.3674640291	36.2068518776	36.4286274354	36.3599673625	36.5492109296	36.5913013194	36.4468447133	36.5407291687	36.9183327031	37.2492129197	36.8525224383	37.3603215984	37.2559135505	37.3637505224	36.8657284416	34.0680852992	34.0
	1	2	3	4	5	6	7	8	9	14	24	34	44	54	64	74	84	94	104	114	124	134	144	154	164	174	184	194	204	214	224	234	244	254	264	274	284	294	304	314	324	334	344	354	364	374	384	394	404	414
5101-1039-MS515F-926R.extendedFrags	33.8836252464	33.9705420155	33.9202262922	33.9341409755	33.9181405183	37.8657675934	37.8715106146	37.8200234292	37.4367267636	37.825175005	37.6361953199	37.6657847367	37.6001685762	37.6948627104	37.4934883854	37.3119460556	37.3911854624	37.4918740535	37.3433983828	37.0903997257	37.2871139175	36.6645675591	37.0547558502	37.0404154404	37.199528558	37.3472099203	37.362338924	37.1995481044	37.3037916452	37.4509414951	37.1217532931	37.2118181558	37.2465468469	36.376637124	36.452568865	36.3304091896	36.4788718711	36.4293262087	36.6368670705	36.6770288033	36.5345496628	36.6166247571	36.9710338324	37.2738370099	36.9384186764	37.4013601554	37.316076123	37.4005457767	36.9216116912	33.8298357546
	1	2	3	4	5	6	7	8	9	14	24	34	44	54	64	74	84	94	104	114	124	134	144	154	164	174	184	194	204	214	224	234	244	254	264	274	284	294	304	314	324	334	344	354	364	374	384	394	404	414	420
5101-1040-MS515F-926R.extendedFrags	33.9178175232	33.9670282174	33.9090909091	33.9226130446	33.9239302694	37.8217836047	37.8632144401	37.8174820425	37.4452631362	37.8120608393	37.621108527	37.6484224175	37.5848025192	37.6763846296	37.4790355445	37.2806429703	37.3804886081	37.4774157697	37.3260769342	37.0724885257	37.2681849054	36.6625146644	37.0285179163	36.9931524893	37.1734640953	37.3311997036	37.3480107848	37.1714532694	37.2690225781	37.4312367506	37.1251960401	37.1770864635	37.2403091362	36.4607878651	36.5439812357	36.42754703	36.5942308484	36.5765632075	36.7142180875	36.7644156753	36.6084304121	36.7353908533	37.0453031738	37.3315255423	36.9760898201	37.4373893714	37.3538385543	37.4471329189	36.9514346488	34.018174392	34.0
	1	2	3	4	5	6	7	8	9	14	24	34	44	54	64	74	84	94	104	114	124	134	144	154	164	174	184	194	204	214	224	234	244	254	264	274	284	294	304	314	324	334	344	354	364	374	384	394	404	414	420
5101-1138-MS515F-926R.extendedFrags	33.9143315165	33.9697338891	33.9265790317	33.9290798333	33.9263225393	37.8393715935	37.8630330234	37.8089131132	37.4164155178	37.8167297211	37.6442834242	37.6379159987	37.5952035909	37.6777108047	37.4882334081	37.2858416159	37.3994870151	37.4556396281	37.3090862456	36.8455722988	37.12876563	36.748477076	37.1120294966	37.0721962167	37.1814555947	37.3609490221	37.3886053222	37.2295992305	37.3496377044	37.4534145559	37.1483488298	37.3132863097	37.2851042001	36.4202308432	36.5087784546	36.4399935877	36.6139596024	36.5264187239	36.7161462007	36.8126579032	36.6441231164	36.717326066	37.0221224752	37.3010836807	37.076934915	37.3758961206	37.2087976916	37.3234049375	36.9995951898	34.0730834332	34.0
	1	2	3	4	5	6	7	8	9	14	24	34	44	54	64	74	84	94	104	114	124	134	144	154	164	174	184	194	204	214	224	234	244	254	264	274	284	294	304	314	324	334	344	354	364	374	384	394	404	414	420
5101-1139-MS515F-926R.extendedFrags	33.9022044088	33.9509686039	33.9301269205	33.9103540414	33.9136940548	37.8257849031	37.8424849699	37.8064128257	37.4105544422	37.7909686039	37.5600400802	37.6081763527	37.5474549098	37.6510754843	37.4013760855	37.227241149	37.3419639279	37.4068136273	37.2337074148	36.8113961256	37.102992652	36.6521710087	37.005504342	36.9804542418	37.1485771543	37.3371008684	37.3198263193	37.1874816299	37.3003607214	37.4003740815	37.1122645291	37.2096325985	37.2140280561	36.3432722777	36.4635489043	36.2876002138	36.5349015117	36.4284778832	36.6015902713	36.7020179073	36.5171588935	36.6833355606	36.9847921956	37.2463985033	36.959708673	37.3152157597	37.1243250468	37.2138331997	36.9231560415	34.083479641	34.0
	1	2	3	4	5	6	7	8	9	14	24	34	44	54	64	74	84	94	104	114	124	134	144	154	164	174	184	194	204	214	224	234	244	254	264	274	284	294	304	314	324	334	344	354	364	374	384	394	404	412
5101-1140-MS515F-926R.extendedFrags	33.8605121294	33.9612533693	33.9407008086	33.9410377358	33.9076819407	37.8453504043	37.8632075472	37.7894204852	37.3701145553	37.7999157682	37.5718160377	37.5795148248	37.5496967655	37.6305087601	37.3861691375	37.1945249326	37.2951680662	37.3802358888	37.2219545072	36.7329233361	37.061937658	36.5908677338	36.9568828981	36.921516428	37.1137152485	37.3226116259	37.3358382477	37.1811288964	37.2791238416	37.3874641955	37.0416343724	37.228188711	37.2068913227	36.347514743	36.4694692502	36.3735467565	36.560758214	36.5034709351	36.6631002527	36.7269924179	36.5256107835	36.6666048863	36.9945240101	37.2729064869	37.018904802	37.3154675653	37.1806908172	37.2748946925	36.9762623184	33.8155769416
	1	2	3	4	5	6	7	8	9	14	24	34	44	54	64	74	84	94	104	114	124	134	144	154	164	174	184	194	204	214	224	234	244	254	264	274	284	294	304	314	324	334	344	354	364	374	384	394	404	412
5101-1141-MS515F-926R.extendedFrags	33.9090249214	33.9645132672	33.9151544479	33.9326558593	33.9311234777	37.7922413098	37.8303895475	37.802322768	37.3406726349	37.7882087265	37.5986369869	37.599758045	37.568182918	37.6462214695	37.441503347	37.2551415437	37.3815952899	37.396999758	37.2854988306	36.7669086217	37.0933139769	36.6841116219	37.0357286878	37.02324381	37.1490442778	37.3310186305	37.3323090572	37.1639083797	37.3007823212	37.4202193725	37.1170094362	37.2150657311	37.2488910396	36.4058714412	36.4760141947	36.3847890959	36.5701992096	36.5064763287	36.664747157	36.7445600452	36.6011936446	36.7005968223	36.9693684975	37.2487297363	36.988668441	37.3010404065	37.1539559642	37.2443987418	36.942901433	33.4931253295
	1	2	3	4	5	6	7	8	9	14	24	34	44	54	64	74	84	94	104	114	124	134	144	154	164	174	184	194	204	214	224	234	244	254	264	274	284	294	304	314	324	334	344	354	364	374	384	394	404	412
5101-1142-MS515F-926R.extendedFrags	33.8755828741	33.9538646319	33.8806697753	33.895577222	33.8784795817	37.7944750601	37.8105129292	37.7720785644	37.2431821393	37.7418821535	37.504422778	37.487388724	37.4389289247	37.5481559983	37.308188498	37.0277589374	37.1831001837	37.2188285997	37.0532217041	36.4479228487	36.7982549103	36.3762116716	36.791408789	36.7633813763	36.9620178042	37.2401794546	37.2548961424	37.1286279497	37.2194432669	37.3455489614	37.004619652	37.1865894157	37.1651310676	36.4395181234	36.5199533668	36.4524482442	36.6296615559	36.5144492334	36.7181728255	36.7852610754	36.6068607362	36.7268564969	37.0328680373	37.2903922305	37.0358490566	37.3269923588	37.1731448763	37.2625371025	36.9659186196	33.835464171
	1	2	3	4	5	6	7	8	9	14	24	34	44	54	64	74	84	94	104	114	124	134	144	154	164	174	184	194	204	214	224	234	244	254	264	274	284	294	304	314	324	334	344	354	364	374	384	394	404	414	420
5101-1143-MS515F-926R.extendedFrags	33.8887158431	33.9674713295	33.9062013309	33.9176518477	33.9177226391	37.7987222144	37.8541165227	37.807500354	37.4208905564	37.8071269291	37.6025679598	37.6223630185	37.5829074048	37.6675916749	37.4334171032	37.244255274	37.3275608806	37.4249345179	37.2628521875	36.9734655954	37.2135866487	36.5687384964	37.0125070791	36.9883884327	37.1372203738	37.3113726462	37.3131831375	37.1740885601	37.2793235877	37.401175138	37.1047483364	37.183468427	37.1952021096	36.3502831658	36.3887193827	36.3087321252	36.475720303	36.4008919722	36.6359620558	36.6485293077	36.4911705366	36.6080967719	36.9327622823	37.23418873	36.8959790457	37.3157333994	37.2131725188	37.3253946623	36.8674290964	33.9731472489	33.0833333333
	1	2	3	4	5	6	7	8	9	14	24	34	44	54	64	74	84	94	104	114	124	134	144	154	164	174	184	194	204	214	224	234	244	254	264	274	284	294	304	314	324	334	344	354	364	374	384	394	404	414	421
5101-1144-MS515F-926R.extendedFrags	33.8848644166	33.9722129109	33.908928918	33.9219667966	33.9133395671	37.84792082	37.8610116265	37.8059490835	37.4378892398	37.8164623066	37.6106455426	37.632427092	37.5746370036	37.6692807113	37.4413171962	37.2694236164	37.350299042	37.4491134595	37.2909987474	37.0141228983	37.2432596461	36.5974912228	37.0140011644	36.989691431	37.1602918085	37.3291191052	37.341648877	37.186076463	37.2926448016	37.4198884988	37.123905718	37.190017819	37.2175579118	36.3964908876	36.4507418712	36.3529401387	36.5244050034	36.4538028616	36.656211076	36.6913798275	36.5358321131	36.6454314497	36.9758984492	37.264765971	36.9257281982	37.3441329546	37.2450168487	37.3522750128	36.8763455634	34.3016145954	34.0
	1	2	3	4	5	6	7	8	9	14	24	34	44	54	64	74	84	94	104	114	124	134	144	154	164	174	184	194	204	214	224	234	244	254	264	274	284	294	304	314	324	334	344	354	364	374	384	394	404	414	420
5101-1145-MS515F-926R.extendedFrags	33.9007691238	33.9539916927	33.8921835563	33.9006101318	33.895939742	37.7719061152	37.8135421428	37.757934694	37.3319752767	37.7631078959	37.54873502	37.5450841664	37.4937734762	37.5975872965	37.3540493273	37.0593139496	37.1939304808	37.2987976231	37.1259932031	36.7662559374	36.9976071705	36.3000317984	36.7822564938	36.7528409881	37.0029552636	37.2381461534	37.2487429696	37.1171254248	37.2068823658	37.3640042133	37.0824123501	37.1243282455	37.197819779	36.5775657842	36.6565963113	36.5968439463	36.7370935686	36.6928154066	36.868409651	36.9051534303	36.7763156849	36.8915474203	37.1226587964	37.3656013992	37.1046426584	37.4347444153	37.3624195087	37.4474163288	36.9869067279	34.638198609	30.5
	1	2	3	4	5	6	7	8	9	14	24	34	44	54	64	74	84	94	104	114	124	134	144	154	164	174	184	194	204	214	224	234	244	254	264	274	284	294	304	314	324	334	344	354	364	374	384	394	404	414	420
5101-1146-MS515F-926R.extendedFrags	33.9083674739	33.9565646383	33.9400270264	33.9226099826	33.9252268291	37.8290255464	37.8544432766	37.8106647219	37.4424401021	37.8135218035	37.6007871989	37.6282254778	37.5654940906	37.6660110251	37.4282362026	37.2646854422	37.3572381545	37.4412196221	37.2925805967	37.0154930182	37.2424336672	36.6229960747	37.0216833616	36.9906501362	37.1502241479	37.3242959181	37.342736106	37.1864631818	37.2937817722	37.4140451728	37.1247098947	37.1828532207	37.215988503	36.3904056112	36.462248772	36.365965981	36.5466463611	36.4538426889	36.6533686536	36.6943137213	36.5203556337	36.6333047339	36.9658501534	37.2625233264	36.9116127925	37.3534394372	37.2463718067	37.3783809871	36.8818565796	34.5921405704	34.0
	1	2	3	4	5	6	7	8	9	14	24	34	44	54	64	74	84	94	104	114	124	134	144	154	164	174	184	194	204	214	224	234	244	254	264	274	284	294	304	314	324	334	344	354	364	374	384	394	404	414	420
5101-1147-MS515F-926R.extendedFrags	33.8986111111	33.965070922	33.8684101655	33.9119385343	33.9263002364	37.798108747	37.8582742317	37.8037529551	37.3953014184	37.7948965721	37.6025295508	37.6178812057	37.5597251773	37.6472429078	37.4328723404	37.195750591	37.3044385343	37.4044178487	37.2663061466	36.9846128842	37.1672754137	36.5477039007	36.936855792	36.9263268322	37.071929669	37.2954905437	37.2743823877	37.1261140662	37.2254107565	37.3877245863	37.0827334515	37.1519326241	37.1845567376	36.4435933806	36.5344562648	36.423572695	36.5650916076	36.5534219858	36.756356383	36.793537234	36.6479462175	36.7654846336	37.0689213948	37.3462440898	37.03803487	37.4503250591	37.3619267139	37.4515898345	36.9981493474	34.675321744	34.0
	1	2	3	4	5	6	7	8	9	14	24	34	44	54	64	74	84	94	104	114	124	134	144	154	164	174	184	194	204	214	224	234	244	254	264	274	284	294	304	314	324	334	344	354	364	374	384	394	404	414	420
5101-1148-MS515F-926R.extendedFrags	33.9394841812	33.7871154582	33.8244358232	33.8979837167	33.9182011912	37.7385935195	37.8174963117	37.7579913666	37.1825583301	37.687260259	37.4120266652	37.4236653735	37.3012403694	37.4417190317	37.1495901863	36.7817277744	36.9134227638	37.0752909677	36.8373695426	36.4537730179	36.6200180318	35.9099584722	36.3034588274	36.2744658762	36.6613928201	37.0067236763	37.011900989	36.8473853888	36.961420141	37.2185454347	36.8490055188	36.9579094039	37.013728758	36.4755341238	36.6045407355	36.4849161248	36.6573465931	36.6851264958	36.8408748156	36.8993880116	36.7188568931	36.8542456696	37.1438746517	37.4241380252	37.1185809519	37.5304464237	37.4484973499	37.5231681329	37.0519448509	34.1177358526	34.0
	1	2	3	4	5	6	7	8	9	14	24	34	44	54	64	74	84	94	104	114	124	134	144	154	164	174	184	194	204	214	224	234	244	254	264	274	284	294	304	314	324	334	344	354	364	374	384	394	404	414	420
5101-1149-MS515F-926R.extendedFrags	33.8636061702	33.9586685364	33.9512141117	33.9208797697	33.9146800502	37.7878072182	37.8431249539	37.8062587645	37.2856668389	37.7737545206	37.5438334932	37.5533840136	37.5011882796	37.5992545575	37.3502730829	37.0219831722	37.1565687505	37.2907225626	37.1151524098	36.7578972618	36.9731603808	36.2770868699	36.7460255369	36.7298656727	36.8798472212	37.1671968411	37.134271902	36.9876596059	37.0953354491	37.2782751495	36.9156579821	37.0281570596	37.0719351982	36.2390065688	36.3181341796	36.2121558787	36.3689128349	36.3945678648	36.6479408074	36.6689608089	36.5356373164	36.6432688759	36.9766568114	37.2874598664	36.9978078754	37.4074325571	37.3075358896	37.4017308189	36.983901548	34.6458235146	34.0
	1	2	3	4	5	6	7	8	9	14	24	34	44	54	64	74	84	94	104	114	124	134	144	154	164	174	184	194	204	214	224	234	244	254	264	274	284	294	304	314	324	334	344	354	364	374	384	394	404	414	420
5101-1150-MS515F-926R.extendedFrags	33.8464486201	33.9730747252	33.8917946822	33.924333591	33.9144172913	37.8006655686	37.8468856096	37.7900769774	37.3825002521	37.8002386635	37.6057212007	37.626985781	37.5790446738	37.6645097314	37.451877374	37.1661433998	37.3153618609	37.4162963461	37.2613667686	36.9569330062	37.1567313187	36.5481293489	36.9784328885	36.9621869643	37.0871827624	37.3000201687	37.2972099903	37.183021278	37.2773504992	37.4053010185	37.1101280715	37.2151601735	37.2350835322	36.5182022925	36.5397761269	36.4886685267	36.6101818549	36.6065077818	36.8240713974	36.8482906988	36.741194662	36.8229116945	37.1179972436	37.3642710679	37.1197317557	37.4441023228	37.3583616256	37.4550203368	37.0328566594	34.4040839474	34.0
	1	2	3	4	5	6	7	8	9	14	24	34	44	54	64	74	84	94	104	114	124	134	144	154	164	174	184	194	204	214	224	234	244	254	264	274	284	294	304	314	324	334	344	354	364	374	384	394	404	414	420
5101-1151-MS515F-926R.extendedFrags	33.9049330102	33.9549873263	33.9303919111	33.9266594245	33.9384975349	37.8515640233	37.8773014679	37.8351299407	37.4450572407	37.8316370018	37.6444945823	37.6737583911	37.6263056739	37.7109077742	37.5147572491	37.3294086516	37.4052226957	37.5030444834	37.3689395839	37.1004763099	37.2993036406	36.7337845742	37.0844628283	37.0672627503	37.2163226651	37.400356536	37.3910253196	37.2250995794	37.3290270466	37.4518982758	37.1713517729	37.2067519011	37.266026016	36.4052644773	36.5124620484	36.3338263558	36.5796300939	36.5443775939	36.7302999916	36.7263780953	36.5773850311	36.7146681151	37.0346703434	37.3252862037	36.9901980446	37.4259574942	37.3271580179	37.4368569121	36.9646426535	34.5664476823	33.7857142857
	1	2	3	4	5	6	7	8	9	14	24	34	44	54	64	74	84	94	104	114	124	134	144	154	164	174	184	194	204	214	224	234	244	254	264	274	284	294	304	314	324	334	344	354	364	374	384	394	404	414	420
5101-1152-MS515F-926R.extendedFrags	33.9602890279	33.9278037525	33.954308094	33.922855061	33.9338757666	37.833626814	37.8734288664	37.7954338454	37.4632643148	37.8195640294	37.6283350537	37.6667648309	37.5881838606	37.6891705629	37.4634221871	37.3303266744	37.4070071043	37.4981753598	37.361205902	37.1141751169	37.2901511932	36.7383053009	37.0422794341	37.0369360617	37.1661120894	37.3380108082	37.3447598518	37.1598670229	37.2693606169	37.409469306	37.110328496	37.1299471735	37.1872609144	36.2786325824	36.3983635922	36.2194425891	36.4143147732	36.3580059506	36.5662335297	36.5927135831	36.4469032728	36.5654350598	36.9450543445	37.2741605441	36.8343190236	37.3728155929	37.2817718137	37.3942376586	36.8911100617	34.0636224116	28.5
	1	2	3	4	5	6	7	8	9	14	24	34	44	54	64	74	84	94	104	114	124	134	144	154	164	174	184	194	204	214	224	234	244	254	264	274	284	294	304	314	324	334	344	354	364	374	384	394	404	412
5101-1153-MS515F-926R.extendedFrags	33.9004184749	33.9658245505	33.911732796	33.928316801	33.9362988221	37.867482951	37.8751549907	37.8470241785	37.4013484191	37.817482951	37.655300682	37.6551456913	37.6123062616	37.6940406076	37.5234035958	37.25133292	37.3851363918	37.4703192808	37.3275883447	36.9527898326	37.1840979541	36.6498372598	37.1151425914	37.0692730936	37.0438546187	37.2583462492	37.2348651581	37.1342451953	37.2191568506	37.3540917545	37.0168707378	37.1305021699	37.1444513329	35.8671574706	35.8916382517	35.724783013	35.89900031	36.0881432114	36.2878642281	36.4177929324	36.2304789213	36.3438468692	36.6852603844	37.0781075635	36.8214274644	37.1608648481	37.0346791692	37.1497520149	36.8300568748	33.3940332631
	1	2	3	4	5	6	7	8	9	14	24	34	44	54	64	74	84	94	104	114	124	134	144	154	164	174	184	194	204	214	224	234	244	254	264	274	284	294	304	314	324	334	344	354	364	374	384	394	404	413
5101-1154-MS515F-926R.extendedFrags	33.8465048745	33.9190347784	33.940952776	33.9425430409	33.9156468229	37.8066791122	37.8455368872	37.8187098112	37.3353384498	37.7836479292	37.5902855562	37.5672336306	37.5213026343	37.6103851207	37.4054069004	37.1012929544	37.2190970062	37.3237779161	37.1526446795	36.7197884256	36.9705870151	36.3883288391	36.8872363963	36.856565028	36.9717831708	37.2535780958	37.2584042038	37.1364239784	37.2167669225	37.368879209	37.0581138076	37.1282721427	37.1964737606	36.5388093756	36.5804190002	36.4673926571	36.6317084975	36.6432690313	36.8148240337	36.8301804605	36.7727304155	36.8647376063	37.094392588	37.324414022	37.177217728	37.4505220217	37.3496715757	37.4384982369	37.0653633301	33.7793001984
	1	2	3	4	5	6	7	8	9	14	24	34	44	54	64	74	84	94	104	114	124	134	144	154	164	174	184	194	204	214	224	234	244	254	264	274	284	294	304	314	324	334	344	354	364	374	384	394	404	412
5101-1155-MS515F-926R.extendedFrags	33.9282474227	33.9822680412	33.8921649485	33.9197938144	33.933814433	37.8525773196	37.8857731959	37.8480412371	37.5154639175	37.8198350515	37.6708041237	37.651628866	37.6457525773	37.709257732	37.5276494845	37.3013608247	37.4315257732	37.4891546392	37.3709072165	36.9977731959	37.2320412371	36.722556701	37.1755670103	37.1403917526	37.2290309278	37.3784742268	37.3735670103	37.3255051546	37.392185567	37.4816494845	37.227814433	37.3476082474	37.3175670103	36.5306597938	36.6032344091	36.5379459682	36.6871107445	36.6842235512	36.8848628583	36.9020622809	36.783707981	36.872056094	37.1290369148	37.3531037327	37.1624046195	37.4329346257	37.3148484224	37.3716023922	37.0008635228	33.8136247794
	1	2	3	4	5	6	7	8	9	14	24	34	44	54	64	74	84	94	104	114	124	134	144	154	164	174	184	194	204	214	224	234	244	254	264	274	284	294	304	314	324	334	344	354	364	374	384	394	404	412
5101-1156-MS515F-926R.extendedFrags	33.9612022696	33.9292286459	33.9057659868	33.9291519706	33.9056126361	37.7940499923	37.8482594694	37.8134488575	37.3353013342	37.7884220212	37.5874252415	37.5840668609	37.5472473547	37.6331697592	37.4042171446	37.156555743	37.2622067168	37.3621300414	37.2030440117	36.7512498083	37.0443260236	36.4562107039	36.9479067628	36.932249655	37.0849946327	37.3025992946	37.3028983285	37.190208557	37.3054056126	37.4136942187	37.0955528293	37.2432065634	37.2371568778	36.5266523539	36.5849256249	36.4991719061	36.6549915657	36.5719214844	36.8131421561	36.8466799571	36.6792823187	36.796879313	37.055128737	37.3172609462	37.0973391611	37.3514531094	37.2532704547	37.3550417913	36.9619268529	33.7826196692
	1	2	3	4	5	6	7	8	9	14	24	34	44	54	64	74	84	94	104	114	124	134	144	154	164	174	184	194	204	214	224	234	244	254	264	274	284	294	304	314	324	334	344	354	364	374	384	394	404	412
5101-1157-MS515F-926R.extendedFrags	33.79921875	33.9404296875	33.9294921875	33.890625	33.883984375	37.705078125	37.7603515625	37.7712890625	37.16328125	37.6903320313	37.409375	37.4043554687	37.2678320313	37.4258789062	37.1528515625	36.7726757813	36.9931835937	37.0278710938	36.8584765625	36.1408203125	36.4358398438	36.0493554688	36.5367382813	36.4074609375	36.773359375	37.0788085937	37.0971289063	37.0012695313	37.0906640625	37.2744921875	36.9472460937	37.1318554688	37.15	36.5762304688	36.687890625	36.62734375	36.8023046875	36.77484375	36.9418359375	37.03578125	36.9056054687	37.0019726563	37.2113085937	37.420546875	37.2783398438	37.4680985361	37.3334635671	37.3915803868	37.0885531417	33.7616140004
	1	2	3	4	5	6	7	8	9	14	24	34	44	54	64	74	84	94	104	114	124	134	144	154	164	174	184	194	204	214	224	234	244	254	264	274	284	294	304	314	324	334	344	354	364	374	384	394	404	414	420
5101-1158-MS515F-926R.extendedFrags	33.8672634347	33.9658187834	33.9000561316	33.9308103637	33.9160684215	37.7976601968	37.850098969	37.7966557358	37.4027297705	37.8119826287	37.6153150758	37.6414133357	37.594708854	37.6780377559	37.4632130934	37.2387219711	37.3827055452	37.4521315253	37.3032704068	37.0118053709	37.2374988921	36.6123223729	37.0542527106	37.0242400071	37.1582173772	37.3151319094	37.3269993205	37.1946024993	37.3038730834	37.4171290142	37.1087151762	37.2433986233	37.2317055157	36.4192147479	36.4549587876	36.3942243493	36.5481964017	36.494490236	36.6997931992	36.7476705368	36.5656858401	36.6996277586	36.9936630329	37.2807232119	36.9570090697	37.3382374664	37.2470914946	37.3543738353	36.8921177101	34.4818994659	34.0
	1	2	3	4	5	6	7	8	9	14	24	34	44	54	64	74	84	94	104	114	124	134	144	154	164	174	184	194	204	214	224	234	244	254	264	274	284	294	304	314	324	334	344	354	364	374	384	394	404	414	420
5101-1159-MS515F-926R.extendedFrags	33.8926736956	33.9464179508	33.9071100297	33.9141119221	33.9105163558	37.8098404974	37.8496620708	37.801459854	37.4111922141	37.807404704	37.6214706677	37.6367369559	37.5984130846	37.6770127061	37.4806623412	37.2724466072	37.3528737497	37.4467288456	37.282962963	36.9844579616	37.2394187618	36.6036550419	37.0588213031	37.0377426331	37.1685320357	37.3489186267	37.3628737497	37.2292862936	37.3155555556	37.4354663423	37.1420302785	37.2299324142	37.2613895647	36.4234090334	36.5336667658	36.3595068804	36.6097893968	36.5557550446	36.7388801774	36.7679679896	36.6160971126	36.7443873689	37.011844382	37.2825916513	36.9963069103	37.3732399697	37.2817048773	37.3776116578	36.9238309617	34.2780644997	34.0
	1	2	3	4	5	6	7	8	9	14	24	34	44	54	64	74	84	94	104	114	124	134	144	154	164	174	184	194	204	214	224	234	244	254	264	274	284	294	304	314	324	334	344	354	364	374	384	394	404	414	421
5101-1160-MS515F-926R.extendedFrags	33.9577008559	33.9274365158	33.9568260273	33.9130609543	33.9215255119	37.8247505556	37.8623681846	37.8050787346	37.4226367806	37.807530619	37.5902350215	37.6317941079	37.5651345344	37.6733295503	37.4206530477	37.2971556249	37.3700288457	37.4605736038	37.3105263158	37.0514588358	37.2695394146	36.6724334421	37.0296094009	37.0087482858	37.162034804	37.3154584575	37.332765877	37.1658367617	37.2679741807	37.4111386958	37.0910176384	37.173121483	37.2077434151	36.3169976829	36.4278148201	36.2889393295	36.4748876909	36.4075282546	36.5935357261	36.6080295077	36.4418782806	36.5810091266	36.940031683	37.2573438313	36.8341325011	37.3323923015	37.2350782617	37.349411264	36.8449675733	34.0583536508	34.0
	1	2	3	4	5	6	7	8	9	14	24	34	44	54	64	74	84	94	104	114	124	134	144	154	164	174	184	194	204	214	224	234	244	254	264	274	284	294	304	314	324	334	344	354	364	374	384	394	404	414	420
5101-1161-MS515F-926R.extendedFrags	33.9221458458	33.9652819287	33.9304393305	33.9363917115	33.9358936043	37.848475792	37.86115262	37.8199093445	37.4069535764	37.8180140466	37.5826932656	37.6305613668	37.5481146643	37.6600642558	37.4252963738	37.2721358836	37.3695008966	37.4612198645	37.2987721658	37.0401225344	37.2552575214	36.643280534	36.9905010958	36.94470263	37.131129209	37.298271568	37.3143928073	37.1115834828	37.2388897191	37.4087492528	37.0565775055	37.1273485754	37.1667737597	36.2606669655	36.3702032277	36.2241283124	36.440580793	36.37323421	36.5181343253	36.580899604	36.3708824189	36.5167119125	36.910674703	37.2402555354	36.7666327577	37.3467123288	37.2205902864	37.3344184309	36.8165170455	34.1623126795	34.0
	1	2	3	4	5	6	7	8	9	14	24	34	44	54	64	74	84	94	104	114	124	134	144	154	164	174	184	194	204	214	224	234	244	254	264	274	284	294	304	314	324	334	344	354	364	374	384	394	404	414
5101-1162-MS515F-926R.extendedFrags	33.8780242189	33.9193122026	33.9425241056	33.9285768233	33.9103245135	37.8057198963	37.8339920949	37.8186853302	37.3660532212	37.7847989728	37.5393419098	37.5870370837	37.491709675	37.6109992196	37.3546763677	37.1756577125	37.2866997306	37.3930112535	37.2036706025	36.9260567458	37.1543616727	36.5052037965	36.8716698975	36.8332745903	37.046189673	37.2529820498	37.2583444526	37.0359432038	37.163314116	37.3564713879	36.9997457264	37.0377457768	37.093580222	36.2537499056	36.3908839153	36.2290526422	36.4577200977	36.4093779109	36.5330731855	36.5116814783	36.4391757509	36.5653785151	36.9363787417	37.2468920722	36.8159160142	37.3602024118	37.2640995947	37.3724906221	36.8365481629	33.7522667202
	1	2	3	4	5	6	7	8	9	14	24	34	44	54	64	74	84	94	104	114	124	134	144	154	164	174	184	194	204	214	224	234	244	254	264	274	284	294	304	314	324	334	344	354	364	374	384	394	404	414	420
5101-447-MS515F-926R.extendedFrags	33.8900448463	33.9656662491	33.9090545963	33.9166984404	33.9118325254	37.7992810066	37.8493381992	37.8125896472	37.434646041	37.8070719175	37.5245038764	37.6127893676	37.496081849	37.6297292881	37.3291337582	37.3094685622	37.3706788415	37.4276236473	37.2800384923	36.9780884596	37.2450631854	36.7748511148	36.9249836589	36.8472910161	37.1051474326	37.247657782	37.2812459147	36.9270390007	37.1376606871	37.352614569	36.8805160142	36.9658217735	37.0181639916	35.7827638173	36.0703736655	35.8104709855	36.0901899194	36.029190573	36.1187595323	36.1830615876	35.8966119544	36.0848463941	36.6103584138	37.1067615658	36.4036749219	37.1868708693	37.0100334084	37.1488434164	36.6407413092	34.371901232	34.0
	1	2	3	4	5	6	7	8	9	14	24	34	44	54	64	74	84	94	104	114	124	134	144	154	164	174	184	194	204	214	224	234	244	254	264	274	284	294	304	314	324	334	344	354	364	374	384	394	404	414	420
5101-448-MS515F-926R.extendedFrags	33.8764790711	33.9577355421	33.903971306	33.9157668984	33.9013829315	37.8419612483	37.8464539269	37.7954814377	37.4277103979	37.8068444017	37.5101186955	37.6160497707	37.4690097619	37.6277935956	37.3154766307	37.3213429966	37.374023813	37.4554337376	37.2963670315	37.0339021594	37.2488093477	36.799173569	36.8699138441	36.8341628457	37.1164897944	37.2533796776	37.2926027954	36.9338374501	37.1063026919	37.3572492974	36.9286015382	36.9296387369	37.0155857122	35.8270614554	36.0970640438	35.7757857565	36.084791451	36.0606936844	36.0659887591	36.1762035941	35.9380953261	36.1109843192	36.6838368524	37.143996598	36.3787967311	37.2507062826	37.0617608993	37.1834707688	36.6585193849	34.5051643304	34.0
	1	2	3	4	5	6	7	8	9	14	24	34	44	54	64	74	84	94	104	114	124	134	144	154	164	174	184	194	204	214	224	234	244	254	264	274	284	294	304	314	324	334	344	354	364	374	384	394	404	414	420
5101-449-MS515F-926R.extendedFrags	33.899350384	33.9491747017	33.8887890178	33.8976548456	33.9002696519	37.7677725118	37.8234597156	37.784053767	37.312387645	37.7716967642	37.4902271613	37.5550559732	37.4443230103	37.5610536852	37.2715884949	37.1427050989	37.2287949658	37.3165185594	37.146714061	36.8174766603	37.0475761476	36.4746542461	36.7137075851	36.6632857347	36.974699189	37.1893996037	37.2184061613	36.9198239055	37.0691671263	37.3072133358	36.9226004151	36.9808028601	37.0608682329	36.2129601634	36.4502247191	36.2505372829	36.483703324	36.4543320599	36.5474269137	36.6196980531	36.38129686	36.5759361785	36.9453655846	37.3030582852	36.7922633762	37.3683915912	37.2632740199	37.3446566835	36.8432139784	33.9650792308	34.0
	1	2	3	4	5	6	7	8	9	14	24	34	44	54	64	74	84	94	104	114	124	134	144	154	164	174	184	194	204	214	224	234	244	254	264	274	284	294	304	314	324	334	344	354	364	374	384	394	404	414	420
5101-450-MS515F-926R.extendedFrags	33.9150642146	33.9528238119	33.9396312612	33.915973242	33.9199356688	37.8260960772	37.8450924178	37.7989651073	37.4306458756	37.8106729133	37.5045917535	37.6118709647	37.4884436986	37.6323683658	37.3354264271	37.2971517143	37.3580099294	37.4366407944	37.280472228	37.0032375358	37.2266391628	36.8008297788	36.9287066173	36.8854532317	37.1299885789	37.265690045	37.2983008181	37.0116728434	37.1629070228	37.3605062583	36.9955504277	36.9865836888	37.0470713004	35.979166958	36.2029648276	35.9732279794	36.2387502039	36.181371932	36.2715171433	36.3469943827	36.0820408829	36.2843437522	36.7581824115	37.1826399086	36.5381488474	37.2908910799	37.1027597138	37.2257884064	36.7365720049	34.2406084181	33.8333333333
	1	2	3	4	5	6	7	8	9	14	24	34	44	54	64	74	84	94	104	114	124	134	144	154	164	174	184	194	204	214	224	234	244	254	264	274	284	294	304	314	324	334	344	354	364	374	384	394	404	414	420
5101-451-MS515F-926R.extendedFrags	33.9122326434	33.9567512654	33.9358162654	33.9187816338	33.9305008799	37.8187145112	37.8436224444	37.7937521543	37.4167951672	37.8083177621	37.5163470784	37.5989441794	37.4907280083	37.6245178963	37.3263410917	37.285038913	37.3512961922	37.4338805943	37.2673838507	36.9764853147	37.2101137456	36.7864049489	36.9182392105	36.8769225187	37.1145202547	37.2630934456	37.2912976435	36.9814269905	37.1540373347	37.3626761969	36.9688696189	36.9777769715	37.0567294959	35.9445458339	36.1905628217	35.8876746127	36.2168390116	36.1633032183	36.2362686405	36.3005968579	36.0235477668	36.2510921229	36.7672562679	37.1933710678	36.4875675774	37.2798846196	37.1052429157	37.2075688746	36.7182015674	34.1979324164	33.8125
	1	2	3	4	5	6	7	8	9	14	24	34	44	54	64	74	84	94	104	114	124	134	144	154	164	174	184	194	204	214	224	234	244	254	264	274	284	294	304	314	324	334	344	354	364	374	384	394	404	414
5101-452-MS515F-926R.extendedFrags	33.8802533697	33.9548795758	33.9327833837	33.9293069161	33.9192015909	37.8262355454	37.8670103852	37.7936068351	37.4148486411	37.8015511527	37.6301009059	37.6283052221	37.5997996612	37.6800117846	37.4804522354	37.2457420638	37.3579936658	37.4504426604	37.3023038963	37.0195683877	37.2421742653	36.6162760551	37.0681726449	37.0625189659	37.1437710834	37.3250556088	37.3243544229	37.2139972011	37.2986521323	37.4162952051	37.1105737645	37.2182720778	37.2371657951	36.2324283728	36.3293117671	36.2160862648	36.4200312297	36.4074745153	36.6298214601	36.6480068941	36.4915797537	36.6108022509	36.9123843616	37.2175976666	36.9226798657	37.2833171292	37.1885981969	37.2881393661	36.8469805573	33.1825833158
	1	2	3	4	5	6	7	8	9	14	24	34	44	54	64	74	84	94	104	114	124	134	144	154	164	174	184	194	204	214	224	234	244	254	264	274	284	294	304	314	324	334	344	354	364	374	384	394	404	414	420
5101-453-MS515F-926R.extendedFrags	33.9151201596	33.9665566013	33.9257146893	33.9176098741	33.9220772341	37.7865202267	37.839263327	37.7946426995	37.397665672	37.8005756361	37.6278883337	37.6425140819	37.6048840782	37.6775131107	37.4848586513	37.2716914167	37.3685395441	37.4657973266	37.3200413187	37.0246040295	37.2550738968	36.6078258259	37.0791075874	37.0598555612	37.1715183727	37.3451856691	37.3389843378	37.1685165893	37.304020624	37.42909611	37.1297070613	37.207414405	37.2742429326	36.420067805	36.454604206	36.3842424028	36.5399113591	36.485379549	36.6841841329	36.7056292268	36.5468260555	36.6713541575	36.9793141808	37.279045786	36.9559408825	37.3446135645	37.2519820599	37.3518143132	36.8656593387	33.7387737042	28.25
	1	2	3	4	5	6	7	8	9	14	24	34	44	54	64	74	84	94	104	114	124	134	144	154	164	174	184	194	204	214	224	234	244	254	264	274	284	294	304	314	324	334	344	354	364	374	384	394	404	414	420
5101-454-MS515F-926R.extendedFrags	33.8770916335	33.9592131474	33.8929116866	33.8874501992	33.8867197875	37.8124501992	37.8310092961	37.775813413	37.305876494	37.7717363878	37.5543608898	37.5706142098	37.5183698539	37.6182304117	37.3835756972	37.1112035193	37.2218791501	37.3354432271	37.1679266268	36.8377008632	37.0764824037	36.3711819389	36.8572908367	36.8332669323	37.0363579017	37.2551759628	37.2629050465	37.1243791501	37.2199186587	37.3737865206	37.0459559888	37.1678547121	37.19877156	36.4632115407	36.4878367835	36.4432726307	36.5885257059	36.5258155016	36.7427148525	36.7596302538	36.6390102593	36.7463275979	37.0405232664	37.3047728141	37.0249614025	37.3808256053	37.3049759946	37.3908259318	36.92673312	34.2777040816	34.0
	1	2	3	4	5	6	7	8	9	14	24	34	44	54	64	74	84	94	104	114	124	134	144	154	164	174	184	194	204	214	224	234	244	254	264	274	284	294	304	314	324	334	344	354	364	374	384	394	404	414	420
5101-455-MS515F-926R.extendedFrags	33.8816838948	33.9689733282	33.9136836396	33.9172728433	33.9141781521	37.8029128382	37.8595584482	37.8028171261	37.4160764421	37.8059134125	37.6336491833	37.6363020036	37.6079967458	37.6835040199	37.486361026	37.2645514293	37.3596445891	37.4686670495	37.3127456611	37.0275571082	37.2538460311	36.5999234303	37.0772253063	37.0667432363	37.1741752808	37.3391318913	37.332824464	37.2226773864	37.3333205717	37.4310697422	37.1397141399	37.2557794155	37.2586954441	36.3797919857	36.4061941679	36.3582057172	36.5047329632	36.4422568913	36.6854517611	36.7058751784	36.5445163969	36.6565090028	36.9571834267	37.2461191149	36.9593643804	37.3158426267	37.2198008903	37.3203640773	36.8726990295	34.1111984721	33.5
	1	2	3	4	5	6	7	8	9	14	24	34	44	54	64	74	84	94	104	114	124	134	144	154	164	174	184	194	204	214	224	234	244	254	264	274	284	294	304	314	324	334	344	354	364	374	384	394	404	414	420
5101-456-MS515F-926R.extendedFrags	33.874426132	33.9732965617	33.9056049146	33.9172474155	33.913284011	37.8441226013	37.852990719	37.7977837963	37.4067609076	37.8094560227	37.626110579	37.636218912	37.6123905935	37.680166463	37.479274697	37.2644185355	37.3618357169	37.4600852132	37.3113815768	37.0390428378	37.2585411368	36.6205997952	37.0725038808	37.0587987581	37.1799748984	37.3438303002	37.3533903623	37.2300161839	37.3220117581	37.4386498002	37.1396604683	37.2406727879	37.2669518116	36.429405159	36.4459804472	36.3827608416	36.5482709648	36.4878257423	36.7046867259	36.724463737	36.5880947269	36.6816441795	36.9836341717	37.2694977953	36.9856373755	37.3430763133	37.2519495318	37.3386355754	36.8888649359	34.3460279342	33.85
	1	2	3	4	5	6	7	8	9	14	24	34	44	54	64	74	84	94	104	114	124	134	144	154	164	174	184	194	204	214	224	234	244	254	264	274	284	294	304	314	324	334	344	354	364	374	384	394	404	414	421
5101-457-MS515F-926R.extendedFrags	33.8978493619	33.9599020908	33.901399503	33.9006521049	33.9026887647	37.7883368523	37.8305274762	37.7701003382	37.3439899849	37.7814327622	37.5827556569	37.5973000243	37.5467964648	37.6447560679	37.4176180422	37.1676245819	37.284087894	37.3831368299	37.2288458305	36.9163362544	37.1357424466	36.4636428184	36.898023132	36.8791606719	37.0879183094	37.2785683589	37.2953156823	37.1484407407	37.2399932734	37.3929389563	37.1048484632	37.167931086	37.225859556	36.4942428433	36.5723876971	36.4969224157	36.6655355408	36.6310430525	36.7888575379	36.8229557516	36.6768629942	36.8125028029	37.082068914	37.3406252336	37.0353987592	37.4074762688	37.3282177293	37.4029916287	36.9331273393	33.8323385049	34.0
	1	2	3	4	5	6	7	8	9	14	24	34	44	54	64	74	84	94	104	114	124	134	144	154	164	174	184	194	204	214	224	234	244	254	264	274	284	294	304	314	324	334	344	354	364	374	384	394	404	414	420
5101-458-MS515F-926R.extendedFrags	33.8943204982	33.9672171002	33.9437660128	33.9223907393	33.9254951097	37.824116844	37.8587137434	37.805864642	37.44426159	37.8162773736	37.6323752174	37.6472687151	37.6114151067	37.6901146373	37.4858975558	37.2662876592	37.3875058441	37.4729994577	37.3301367045	37.0454678062	37.2570661829	36.6275709236	37.0908271464	37.0747498738	37.1823705421	37.3503581247	37.3608961532	37.2324313205	37.3301741066	37.4413386195	37.1556056327	37.2489499374	37.2687393638	36.4213341312	36.4437753633	36.3744581378	36.5639331999	36.4636377237	36.706156378	36.7275316515	36.590928132	36.6795092851	37.005920745	37.2725429321	37.0027453621	37.3495231149	37.2552663076	37.3633995362	36.9052910443	34.3492579665	34.0
	1	2	3	4	5	6	7	8	9	14	24	34	44	54	64	74	84	94	104	114	124	134	144	154	164	174	184	194	204	214	224	234	244	254	264	274	284	294	304	314	324	334	344	354	364	374	384	394	404	414	420
5101-459-MS515F-926R.extendedFrags	33.9022600208	33.9670922037	33.9371710586	33.9120941159	33.9175028683	37.8214383275	37.8477900603	37.7927191273	37.3929085247	37.7992278414	37.6236509989	37.6335888984	37.5994409135	37.6729325636	37.4664584509	37.2653002131	37.3449673107	37.4512848063	37.3188377556	37.0105352297	37.2424395841	36.6011345632	37.0585966382	37.0479830999	37.1582269491	37.3182477099	37.3187885852	37.1757935568	37.2961082479	37.4127497223	37.120908379	37.2222578354	37.24638597	36.3969113657	36.4300668354	36.3321593123	36.521629546	36.4525723443	36.7062373659	36.7061499517	36.5503596729	36.6764582688	36.9724244687	37.257363734	36.9667898964	37.305248493	37.2267487389	37.3220210887	36.801088861	34.1331871115	33.7142857143
	1	2	3	4	5	6	7	8	9	14	24	34	44	54	64	74	84	94	104	114	124	134	144	154	164	174	184	194	204	214	224	234	244	254	264	274	284	294	304	314	324	334	344	354	364	374	384	394	404	414	420
5101-460-MS515F-926R.extendedFrags	33.8711334817	33.9568204561	33.9355069974	33.9333263633	33.9166131465	37.8362582707	37.8688482966	37.7910026436	37.4481352591	37.8072214837	37.6303227637	37.6460128747	37.6109091452	37.6827237017	37.4897629681	37.277917345	37.3913596105	37.479260078	37.3501784834	37.0707048228	37.2807611309	36.6952085792	37.0994518543	37.0891759891	37.2024196078	37.357292429	37.3640972025	37.2513643899	37.3434468956	37.4507101997	37.176885709	37.2843499821	37.2963018282	36.3877001434	36.4834687537	36.3844515474	36.5841498387	36.5423975385	36.7527309961	36.7632074204	36.6081462562	36.7188331765	37.0067810787	37.2943047901	37.0008633179	37.3451837911	37.2618586728	37.3551492883	36.827786515	34.0782829814	33.75
	1	2	3	4	5	6	7	8	9	14	24	34	44	54	64	74	84	94	104	114	124	134	144	154	164	174	184	194	204	214	224	234	244	254	264	274	284	294	304	314	324	334	344	354	364	374	384	394	404	414	420
5101-461-MS515F-926R.extendedFrags	33.9088016249	33.9645903859	33.9240690589	33.9143703453	33.9204976303	37.7814996615	37.8302132701	37.7795362221	37.3909614083	37.7948561273	37.6121242383	37.6286035884	37.585120176	37.6706330399	37.453859174	37.2625998646	37.3524119838	37.4476506432	37.3085223426	37.0110934326	37.2366519973	36.6036035884	37.0464725796	37.0177928233	37.1522664184	37.3215690589	37.3142755586	37.1452132701	37.269500677	37.4137169939	37.1181245768	37.1791604604	37.2441841571	36.4280230196	36.472535545	36.3942027759	36.5535968179	36.5031228842	36.6933158429	36.7248628978	36.5738083954	36.6825964794	36.9819109416	37.2872645102	36.9424584032	37.3486450346	37.2657712554	37.3573181672	36.7997778218	33.9384149756	34.0
	1	2	3	4	5	6	7	8	9	14	24	34	44	54	64	74	84	94	104	114	124	134	144	154	164	174	184	194	204	214	224	234	244	254	264	274	284	294	304	314	324	334	344	354	364	374	384	394	404	414	420
5101-757-MS515F-926R.extendedFrags	33.8686428772	33.9518123068	33.8869064344	33.8939133183	33.882797134	37.7979418376	37.8080745996	37.7670869626	37.3199985951	37.7562833661	37.5057091177	37.5409753442	37.4617887749	37.5752634167	37.3057319472	37.0777851925	37.2294640348	37.3098974431	37.1516700618	36.7858194015	37.0246926805	36.4438483422	36.7974395898	36.7635238129	36.9885712279	37.1805756533	37.1907330008	36.9833503091	37.0906978786	37.3162598342	36.9287194437	37.0303473588	37.0709627002	36.1547169149	36.3225554931	36.174573265	36.3715299241	36.3444822984	36.4793814976	36.5544218882	36.3553052121	36.4993116044	36.8493677999	37.2182582888	36.8087419219	37.3271266507	37.2205991852	37.286205746	36.7571528906	34.0519731095	34.0
	1	2	3	4	5	6	7	8	9	14	24	34	44	54	64	74	84	94	104	114	124	134	144	154	164	174	184	194	204	214	224	234	244	254	264	274	284	294	304	314	324	334	344	354	364	374	384	394	404	414	420
5101-758-MS515F-926R.extendedFrags	33.8733677379	33.9719094534	33.9078700446	33.9087888029	33.9045859723	37.7980100086	37.8570646649	37.8121237001	37.4409844398	37.8031726484	37.5919344749	37.6219094534	37.5625361639	37.6686840253	37.438456877	37.2648115568	37.4027113144	37.4668445539	37.3167214012	37.0195597779	37.2704472594	36.7525842521	37.0712585034	37.036132614	37.1848053014	37.3042614747	37.3151145516	37.145640785	37.2476698725	37.4079208695	37.0797970913	37.1507877864	37.174669638	36.1209574634	36.245290875	36.0920087575	36.3121346933	36.2680226762	36.4030241423	36.4843221581	36.2888182973	36.4059661812	36.7799061675	37.1724328023	36.6862613625	37.258268009	37.1359554296	37.225432509	36.6890335693	33.8684281061	32.625
	1	2	3	4	5	6	7	8	9	14	24	34	44	54	64	74	84	94	104	114	124	134	144	154	164	174	184	194	204	214	224	234	244	254	264	274	284	294	304	314	324	334	344	354	364	374	384	394	404	414	421
5101-759-MS515F-926R.extendedFrags	33.8702972536	33.9661524012	33.9107543527	33.9282695285	33.9106673856	37.8434592037	37.8488337711	37.8160993512	37.4491155445	37.8096568278	37.5875584854	37.6226618893	37.5724418625	37.6434783365	37.4224862157	37.2978171256	37.3939011966	37.4282648021	37.3129896333	36.9644785361	37.2488259236	36.7602588186	37.034209977	36.9607127948	37.1568809574	37.3166927573	37.3422789258	37.078156961	37.2449801712	37.419573158	36.9798111042	37.149467752	37.1687991373	36.0395289779	36.2617929451	36.0643550407	36.3038735824	36.2398072775	36.3706028665	36.4324166841	36.1722361372	36.3300337438	36.7706011271	37.1884140402	36.6968830446	37.2504887637	37.1151325402	37.221100327	36.6964303854	34.3096150278	34.0
	1	2	3	4	5	6	7	8	9	14	24	34	44	54	64	74	84	94	104	114	124	134	144	154	164	174	184	194	204	214	224	234	244	254	264	274	284	294	304	314	324	334	344	354	364	374	384	394	404	414	420
5101-760-MS515F-926R.extendedFrags	33.8976567581	33.9520804402	33.8916272611	33.895072688	33.8988169529	37.7621600717	37.8164255454	37.7817954893	37.3548613919	37.7636507462	37.5045458541	37.5506618384	37.4509237611	37.5754882486	37.3013219189	37.1415630988	37.2644751877	37.3388682827	37.1675215779	36.8576792589	37.0612600418	36.5381756816	36.8131998523	36.7635206638	36.9636173467	37.1532898553	37.1622286287	36.9173607327	37.010278271	37.2710654455	36.8529710156	36.9238094401	37.0130315549	35.9093926343	36.1556790015	35.8916814626	36.1847692713	36.2123234583	36.2982965333	36.430480219	36.1503610836	36.3643859217	36.7297067232	37.1509950774	36.630181083	37.2705028129	37.1507999297	37.2348470464	36.663067699	33.9474738471	34.0
	1	2	3	4	5	6	7	8	9	14	24	34	44	54	64	74	84	94	104	114	124	134	144	154	164	174	184	194	204	214	224	234	244	254	264	274	284	294	304	314	324	334	344	354	364	374	384	394	404	414	420
5101-761-MS515F-926R.extendedFrags	33.9183516568	33.9543899439	33.931363881	33.9112208811	33.9196778658	37.8226916276	37.8444491428	37.7985315599	37.4289997694	37.8078150227	37.5190974091	37.617538633	37.4761839779	37.6273987084	37.3198777581	37.2970650419	37.3774044745	37.4509437226	37.2801145537	37.0435765357	37.2391789037	36.7718497732	36.9011551472	36.8472207273	37.0764319213	37.2000980241	37.2279272699	36.8971784424	37.0580668102	37.3159375721	36.8866994695	36.8837568232	36.9868301684	35.7150957177	36.0038190974	35.6478377028	35.9868955178	35.9609171984	36.0154609057	36.1197124625	35.7964884293	36.0443761052	36.6029253479	37.1122453294	36.2888656108	37.2412412547	37.0785077266	37.1900254323	36.6156492566	34.4912289442	34.0
	1	2	3	4	5	6	7	8	9	14	24	34	44	54	64	74	84	94	104	114	124	134	144	154	164	174	184	194	204	214	224	234	244	254	264	274	284	294	304	314	324	334	344	354	364	374	384	394	404	414	420
5101-762-MS515F-926R.extendedFrags	33.8747803361	33.9568632752	33.9317051923	33.9301281185	33.9102419682	37.8305021103	37.8655131498	37.787815978	37.4385166494	37.8027981796	37.6306237703	37.6427432073	37.6087985701	37.6818951922	37.4836494991	37.2956743117	37.3887772421	37.4800237312	37.3371828955	37.069479866	37.2812628607	36.6646975773	37.1035341474	37.0891557398	37.1814566154	37.3408747503	37.3386518272	37.2238183211	37.3034124874	37.4135132699	37.1413568843	37.2425734841	37.2485618588	36.2679688791	36.3436504003	36.2562955286	36.4498355337	36.3942879887	36.6345694588	36.6400321423	36.4628321242	36.6003664819	36.9005572328	37.2204328692	36.8895462533	37.2672689587	37.1849787471	37.2957118611	36.8135123445	34.2985140832	34.0
	1	2	3	4	5	6	7	8	9	14	24	34	44	54	64	74	84	94	104	114	124	134	144	154	164	174	184	194	204	214	224	234	244	254	264	274	284	294	304	314	324	334	344	354	364	374	384	394	404	414	420
5101-763-MS515F-926R.extendedFrags	33.914243079	33.9675749615	33.9265073912	33.9185488008	33.9255125674	37.7956725164	37.8386520137	37.8068798284	37.4070694667	37.8022880948	37.6395255934	37.6491862652	37.6181446536	37.6888393204	37.5033761833	37.2905569459	37.3894237794	37.477241851	37.3488147607	37.0603080845	37.2848009575	36.6409167923	37.1320255545	37.111117156	37.1719786113	37.3315250338	37.3262369235	37.1764397743	37.3005222825	37.4099653366	37.1467194131	37.2196633143	37.2630904823	36.3656785786	36.3565712776	36.329361292	36.4716428583	36.4265991015	36.658006	36.6700045078	36.5257581646	36.6346975891	36.9279794196	37.2291094773	36.9423468515	37.2988093203	37.2253446909	37.3147140659	36.8340086979	34.358124115	34.0
	1	2	3	4	5	6	7	8	9	14	24	34	44	54	64	74	84	94	104	114	124	134	144	154	164	174	184	194	204	214	224	234	244	254	264	274	284	294	304	314	324	334	344	354	364	374	384	394	404	414	420
5101-764-MS515F-926R.extendedFrags	33.8915855022	33.9620345237	33.8970319513	33.9093618607	33.8923128781	37.8164351482	37.8314616708	37.7767488069	37.3841609452	37.783690812	37.5695885891	37.6005677081	37.5429595331	37.6413894655	37.4000301595	37.2005730303	37.2999308106	37.4085209431	37.2396632782	36.9712562315	37.1837812905	36.5334521972	36.9563858286	36.9248922242	37.0819734951	37.2644188976	37.2765838168	37.1000585449	37.203338833	37.3777245551	37.0506998776	37.1395745738	37.1588730995	36.2911118207	36.3621072613	36.2766671989	36.4387017226	36.3912981	36.5926978551	36.6174268632	36.4725761527	36.5792981709	36.9157113205	37.2361257473	36.8558731172	37.3342292476	37.2371369773	37.3265740593	36.8273711499	34.3747394153	34.0
	1	2	3	4	5	6	7	8	9	14	24	34	44	54	64	74	84	94	104	114	124	134	144	154	164	174	184	194	204	214	224	234	244	254	264	274	284	294	304	314	324	334	344	354	364	374	384	394	404	414	420
5101-765-MS515F-926R.extendedFrags	33.8790044178	33.9706684692	33.9113535958	33.9152644666	33.9151679019	37.7972623905	37.8554184873	37.8072809792	37.4030611013	37.8109335393	37.6292204814	37.6439852256	37.6040243343	37.6845448181	37.4712961398	37.2990295247	37.3881273689	37.4828066533	37.3379885571	37.0714071892	37.2860222582	36.680585665	37.0772928083	37.0497984212	37.1570359462	37.3072761509	37.3138328948	37.1570287039	37.2678270526	37.4069719721	37.0858315429	37.1844723946	37.1909132607	36.1511261859	36.1951717645	36.1050913744	36.2895927383	36.2380054559	36.4730270623	36.506375685	36.3086449557	36.4338145475	36.789319943	37.1548825532	36.751640393	37.2386620959	37.1281775825	37.2388962654	36.7375458301	34.011465475	34.0
	1	2	3	4	5	6	7	8	9	14	24	34	44	54	64	74	84	94	104	114	124	134	144	154	164	174	184	194	204	214	224	234	244	254	264	274	284	294	304	314	324	334	344	354	364	374	384	394	404	414	420
5101-766-MS515F-926R.extendedFrags	33.8748195017	33.9686523668	33.9085300218	33.9187691985	33.9091338707	37.8562577122	37.8614823177	37.804720523	37.4416760745	37.8098112316	37.6298222584	37.6443645147	37.6014702408	37.6847357505	37.4834939221	37.2901782667	37.3770117357	37.4812911864	37.3306230145	37.0687993909	37.2948357794	36.6646118302	37.076042952	37.0808107328	37.1804851794	37.3158523458	37.3289191105	37.1907690828	37.2924280613	37.4230571309	37.1268346293	37.2240843332	37.2375193636	36.272553908	36.2882108911	36.2293257365	36.3868324319	36.3577167463	36.5649477498	36.6071679882	36.4594522922	36.5551226172	36.8930341858	37.2129548916	36.8650160164	37.2845244972	37.188630993	37.2906674109	36.8045043387	33.5964241777	33.6666666667

