	sequences per sample	iteration	1028	1019	761	1143	1033	764	431	1150	448	459	1017	833	1147	759	1144	449	458	434	762	758	451	1029	447	452	765	760	432	453	757	1021	1027	1142	450	429	1153	1145	460	1151	1040	1020	1032	456	1016	1018	1037	442	457	1031	454	1022	455	461	1141	1024	1138	1156	1035	1039	1038	1025	1154	1034	1146	1152	1023	437	844	839	843	1026	1036	1148	436	842	430	1149	766	1030	440	441	763	435	439	837	836	838
alpha_rarefaction_10_0.txt	10	0	1.0	29.0	29.0	2.0	5.0	2.0	13.0	2.0	5.5	2.0	12.0	11.0	4.0	8.0	11.0	8.5	4.0	1.0	1.0	22.0	8.0	2.0	12.0	4.0	2.0	23.0	8.5	4.0	7.0	11.0	3.0	9.0	8.0	5.33333333333	3.0	2.0	7.0	4.0	4.5	8.5	8.5	1.0	16.0	13.0	4.0	1.0	1.0	16.0	2.0	2.0	4.0	4.0	12.0	4.0	29.0	3.0	4.0	2.0	2.0	2.0	3.0	5.0	2.0	16.0	11.0	1.0	2.0	1.0	2.0	2.0	1.0	3.0	1.0	1.0	13.0	2.0	2.0	4.0	1.0	2.0	4.0	4.0	2.0	1.0	2.0	1.0
alpha_rarefaction_10_1.txt	10	1	6.5	8.5	12.0	2.0	8.0	4.5	6.2	4.0	29.0	7.0	13.0	16.0	4.5	12.0	4.0	13.0	3.0	1.0	2.0	9.0	8.5	4.0	8.5	2.0	7.0	12.0	23.0	2.0	16.0	4.0	7.0	9.0	13.0	13.0	5.0	2.0	4.0	4.0	11.0	8.5	6.5	7.0	7.0	23.0	1.0	2.0	4.5	4.5	7.0	2.0	7.0	2.0	29.0	7.0	12.0	6.2	7.0	4.0	4.5	1.0	3.0	4.5	11.0	7.0	7.0	2.0	4.0	1.0	1.0	1.0	3.0	4.0	1.0	1.0	7.0	4.5	4.0	2.0	2.0	1.0	1.0	2.0	1.0	1.0	2.0	1.0
alpha_rarefaction_10_2.txt	10	2	7.0	12.0	29.0	16.0	9.0	2.0	13.0	11.0	13.0	1.0	9.0	3.0	11.0	12.0	4.0	12.0	2.0	1.0	7.0	9.0	8.0	2.0	13.0	2.0	9.0	7.0	23.0	2.0	29.0	2.0	7.0	13.0	23.0	13.0	7.0	7.0	7.0	7.0	4.0	12.0	8.0	4.0	8.5	8.5	4.0	4.0	2.0	16.0	4.0	1.0	1.0	7.0	6.5	2.0	22.0	4.0	6.5	4.0	7.0	1.0	2.0	6.5	4.0	9.0	4.0	1.0	2.0	7.0	4.0	3.0	3.0	7.0	1.0	1.0	4.0	11.0	4.0	3.0	1.0	1.0	2.0	1.0	4.0	1.0	4.0	1.0
alpha_rarefaction_10_3.txt	10	3	1.0	23.0	23.0	3.0	5.5	4.0	29.0	2.0	8.5	1.0	8.5	16.0	16.0	29.0	11.0	4.0	4.0	4.0	1.0	4.0	13.0	7.0	13.0	4.0	11.0	12.0	55.0	2.0	9.0	4.0	2.0	9.0	55.0	8.5	5.0	2.0	7.0	4.0	16.0	29.0	8.0	2.0	9.0	5.33333333333	4.0	1.0	2.0	11.0	11.0	2.0	2.0	11.0	7.0	2.0	22.0	11.0	9.0	1.0	6.5	4.0	2.0	3.0	11.0	5.0	4.0	1.0	1.0	2.0	1.0	1.0	4.0	4.0	2.0	4.0	13.0	4.0	4.0	4.0	1.0	1.0	1.0	2.0	1.0	2.0	2.0	1.0
alpha_rarefaction_10_4.txt	10	4	2.0	12.0	23.0	11.0	5.5	2.0	23.0	2.0	6.5	1.0	29.0	16.0	2.0	6.5	22.0	9.0	1.0	2.0	1.0	12.0	8.0	4.0	9.0	4.5	1.0	12.0	13.0	2.0	12.0	2.0	16.0	16.0	16.0	12.0	6.5	4.0	4.0	4.0	1.0	13.0	8.0	3.0	9.0	8.5	2.0	2.0	7.0	7.0	4.0	7.0	4.0	16.0	9.0	1.0	6.5	4.0	3.0	3.0	4.0	4.0	3.0	3.0	22.0	7.0	7.0	2.0	1.0	1.0	2.0	2.0	2.0	2.0	2.0	1.0	13.0	2.0	2.0	2.0	2.0	2.0	2.0	1.0	2.0	2.0	1.0	2.0
alpha_rarefaction_10_5.txt	10	5	2.0	8.5	8.5	11.0	4.0	7.0	29.0	4.0	7.0	1.0	6.2	11.0	2.0	29.0	7.0	8.5	3.0	11.0	3.0	4.5	9.0	7.0	23.0	2.0	7.0	22.0	7.0	2.0	7.0	4.5	1.0	11.0	12.0	22.0	6.5	4.0	7.0	4.5	4.0	29.0	5.5	2.0	12.0	8.5	1.0	4.0	4.0	5.0	4.0	11.0	7.0	4.0	12.0	2.0	12.0	6.5	4.5	16.0	3.0	4.0	5.0	3.0	3.0	11.0	11.0	1.0	2.0	1.0	2.0	2.0	4.0	4.5	2.0	2.0	6.2	4.0	4.0	7.0	2.0	2.0	1.0	2.0	1.0	2.0	2.0	2.0
alpha_rarefaction_10_6.txt	10	6	1.0	13.0	12.0	11.0	6.5	7.0	8.5	4.5	22.0	2.0	5.0	12.0	7.0	12.0	4.0	22.0	11.0	1.0	2.0	6.5	23.0	4.0	13.0	11.0	2.0	12.0	8.5	2.0	4.5	2.0	2.0	9.0	13.0	6.2	2.0	11.0	4.0	3.0	2.0	13.0	16.0	4.0	12.0	22.0	2.0	2.0	11.0	4.0	1.0	2.0	4.0	2.0	16.0	2.0	5.0	6.5	9.0	4.0	4.0	2.0	5.0	5.33333333333	1.0	11.0	4.0	2.0	1.0	4.0	2.0	2.0	9.0	2.0	4.0	1.0	13.0	2.0	2.0	2.0	1.0	1.0	1.0	1.0	1.0	2.0	1.0	2.0
alpha_rarefaction_10_7.txt	10	7	7.0	12.0	13.0	2.0	8.0	2.0	13.0	7.0	13.0	11.0	12.0	16.0	11.0	29.0	4.0	13.0	4.0	2.0	2.0	7.0	22.0	4.0	13.0	2.0	2.0	23.0	13.0	4.0	12.0	2.0	7.0	7.0	13.0	23.0	5.5	11.0	2.0	4.0	16.0	12.0	5.0	2.0	6.5	12.0	4.0	4.0	6.5	7.0	4.0	7.0	2.0	4.5	4.5	7.0	22.0	3.0	12.0	1.0	1.0	4.0	4.5	4.5	7.0	4.5	2.0	4.0	2.0	2.0	4.0	2.0	2.0	9.0	1.0	1.0	12.0	7.0	2.0	7.0	2.0	2.0	1.0	2.0	1.0	1.0	4.0	1.0
alpha_rarefaction_10_8.txt	10	8	2.0	5.0	13.0	16.0	4.5	4.5	55.0	4.0	5.5	2.0	23.0	22.0	4.5	12.0	7.0	9.0	2.0	4.0	1.0	13.0	8.5	2.0	13.0	2.0	4.0	12.0	7.0	4.0	7.0	11.0	2.0	11.0	23.0	55.0	4.0	11.0	2.0	4.0	6.5	7.0	7.0	2.0	13.0	8.5	2.0	4.0	2.0	5.33333333333	4.0	7.0	7.0	2.0	16.0	2.0	23.0	12.0	13.0	4.0	12.0	4.0	2.0	6.5	16.0	4.5	11.0	1.0	4.0	2.0	1.0	2.0	4.0	11.0	1.0	4.0	12.0	4.0	4.0	2.0	1.0	1.0	1.0	2.0	2.0	1.0	2.0	1.0
alpha_rarefaction_10_9.txt	10	9	4.0	12.0	23.0	7.0	4.5	11.0	12.0	7.0	13.0	1.0	5.0	3.0	11.0	6.2	2.0	7.0	2.0	1.0	4.0	16.0	29.0	1.0	13.0	2.0	7.0	22.0	5.33333333333	2.0	11.0	2.0	7.0	22.0	13.0	29.0	3.0	3.0	4.0	22.0	4.0	12.0	7.0	4.0	8.0	22.0	4.0	1.0	4.5	11.0	4.0	2.0	1.0	2.0	12.0	4.0	13.0	9.0	9.0	11.0	3.0	7.0	4.0	3.0	7.0	2.0	2.0	1.0	2.0	1.0	2.0	4.0	2.0	7.0	1.0	2.0	23.0	4.0	2.0	16.0	1.0	1.0	1.0	4.0	2.0	1.0	4.0	4.0
alpha_rarefaction_1009_0.txt	1009	0	65.6	155.333333333	212.117647059	68.1111111111	88.0769230769	69.7692307692	236.555555556	107.0	148.5	106.111111111	130.0	123.666666667	143.0	153.25	110.0	145.105263158	75.0	52.0	78.6666666667	131.928571429	242.428571429	183.0	185.4	83.8571428571	79.6666666667	169.5625	139.0	94.0666666667	151.055555556	60.2142857143	83.5	170.6	266.583333333	197.956521739	93.0	123.5	89.0	121.111111111	104.142857143	155.5	91.0	73.1111111111	269.875	175.3	64.6	79.0	84.9090909091	250.75	75.0	104.666666667	87.4285714286	65.9090909091	118.0	77.625	145.0	89.0	85.1428571429	66.0	94.8571428571	87.8571428571	45.0	87.2	83.4	116.8	231.75	38.0	29.875	40.6666666667	42.125	57.125	101.333333333	121.142857143	51.0	35.25	157.0	76.2307692308	142.5	85.3333333333	52.8571428571	67.25	105.0	50.0	70.0	55.2	43.5	54.5
alpha_rarefaction_1009_1.txt	1009	1	64.75	221.272727273	217.5	97.5454545455	83.2727272727	140.75	238.428571429	79.1428571429	173.6875	114.142857143	163.2	195.0	119.866666667	220.111111111	148.0	153.066666667	66.0714285714	61.4285714286	89.8571428571	145.882352941	199.8125	58.3333333333	238.0	150.333333333	101.25	157.882352941	180.315789474	90.1666666667	134.25	85.625	111.0	131.0	255.0	261.75	116.666666667	80.0833333333	54.0	93.1111111111	74.3333333333	210.75	126.5	66.0	149.066666667	206.071428571	73.0	92.1428571429	89.3636363636	163.875	90.8	74.2307692308	80.6666666667	108.0	197.8	123.125	135.866666667	140.066666667	120.666666667	103.25	158.166666667	116.333333333	38.6666666667	71.0	109.0	95.1111111111	135.142857143	40.1666666667	70.75	55.5	38.0	46.0769230769	96.1111111111	134.111111111	77.0	46.0	250.090909091	105.6	81.0	114.111111111	82.2	85.0	62.75	72.5	30.875	44.5	59.6	48.9090909091
alpha_rarefaction_1009_2.txt	1009	2	72.1111111111	173.526315789	299.4375	99.1111111111	105.666666667	69.2727272727	238.0625	69.0	203.25	84.6	225.769230769	83.0	173.5	253.6	76.6666666667	180.769230769	103.333333333	54.25	72.0	119.176470588	168.714285714	97.25	195.076923077	71.6	86.5454545455	168.833333333	196.4375	73.0909090909	132.545454545	74.0	76.0	139.076923077	195.714285714	217.451612903	107.75	89.0	99.0909090909	84.0833333333	118.8	132.0	123.0	91.875	155.571428571	178.5625	47.5	65.0	85.0769230769	111.714285714	91.6	90.8	63.2727272727	140.142857143	150.230769231	88.0	121.375	75.0	150.5	70.25	144.111111111	47.5	45.1666666667	75.0	63.6153846154	87.0714285714	143.0	30.8571428571	31.0	65.25	59.3333333333	80.4285714286	89.0	100.545454545	65.0	46.0	185.0	74.1	108.125	71.0	43.125	68.0	51.6	44.6	32.25	41.375	43.6	54.8571428571
alpha_rarefaction_1009_3.txt	1009	3	62.1111111111	174.090909091	246.333333333	90.8	62.0	97.6	232.75	93.0	221.071428571	62.125	225.882352941	87.0	98.0	134.5	93.3636363636	174.666666667	70.4	66.1111111111	105.6	200.0	185.0	99.25	185.772727273	75.1111111111	105.333333333	228.428571429	175.714285714	71.4615384615	106.0	76.1111111111	118.0	113.153846154	243.75	263.789473684	100.272727273	81.6	93.0	116.111111111	131.5	172.833333333	87.3333333333	80.0	178.6	163.352941176	39.75	127.0	140.75	124.230769231	80.5454545455	142.0	67.1	103.166666667	130.272727273	131.375	140.117647059	107.0	122.0	110.25	117.1	73.875	35.875	79.1428571429	66.6666666667	127.5	124.6	41.2	30.25	40.0	65.2	73.0	78.3333333333	176.2	59.4285714286	59.0	162.0	114.0	91.5454545455	105.75	58.1	56.2	67.0	121.375	36.5	78.5	113.5	49.75
alpha_rarefaction_1009_4.txt	1009	4	140.0	205.363636364	218.055555556	117.0	110.8	78.0	200.476190476	135.142857143	200.0	72.25	188.588235294	89.5454545455	103.545454545	141.0	101.272727273	220.769230769	93.2	59.25	109.0	158.352941176	234.333333333	69.75	131.0	43.8	63.1	145.75	249.0	140.0	142.0	78.0	78.6	120.461538462	279.0	228.0	135.1	65.7692307692	65.5	190.0	84.2	163.473684211	86.1111111111	79.0	129.866666667	249.5	67.25	29.0	102.153846154	184.625	87.5	97.2727272727	83.3333333333	135.5	141.0	79.6666666667	149.2	120.333333333	72.6666666667	119.142857143	121.0	126.25	77.75	88.0	84.5	122.272727273	72.0	42.0	28.0	38.1111111111	52.0	88.0	74.0833333333	125.5	42.125	54.5	185.6875	117.142857143	59.8333333333	94.0	36.3333333333	63.0	56.6666666667	68.6666666667	34.0	44.1428571429	38.0	48.0
alpha_rarefaction_1009_5.txt	1009	5	76.5454545455	279.666666667	193.55	109.5	63.5714285714	115.111111111	162.041666667	133.142857143	167.5	86.1111111111	186.4	174.333333333	136.0	166.3	92.5	156.230769231	111.111111111	56.2	65.0	202.0	242.352941176	85.5	182.0	59.0	94.625	254.545454545	338.1	150.5	126.5	66.1538461538	91.4285714286	144.0	244.176470588	261.333333333	90.7692307692	63.0	76.0	103.272727273	108.166666667	198.428571429	130.125	124.857142857	148.125	161.0	40.75	56.75	70.1538461538	105.714285714	69.1	86.1111111111	88.8571428571	77.0	173.0	109.0	120.1875	93.0714285714	98.0	171.25	89.5	120.0	69.0	83.5	102.5	164.142857143	114.142857143	50.0	47.0	32.25	39.0	63.6	70.3	296.75	43.2	46.75	196.565217391	87.5	107.25	122.0	50.4285714286	70.5	61.75	47.1111111111	45.0	36.1428571429	57.1428571429	48.1428571429
alpha_rarefaction_1009_6.txt	1009	6	96.0	189.866666667	222.142857143	144.0	75.25	79.2727272727	216.3125	57.3	138.4	80.9375	153.2	102.428571429	122.666666667	84.4	142.0	190.230769231	131.428571429	71.0	112.0	147.5	211.647058824	94.0	149.4	52.3636363636	123.0	122.681818182	162.0	102.0	142.076923077	89.625	107.375	118.6	265.583333333	221.545454545	124.25	85.1666666667	110.142857143	98.75	107.5	182.5	145.0	74.875	138.0	185.0	73.0	62.6666666667	115.111111111	116.153846154	104.166666667	93.6	62.7692307692	114.0	128.666666667	70.1	199.0	95.7692307692	162.6	73.3	87.1111111111	78.1428571429	42.5	84.1111111111	169.2	94.5	80.3333333333	33.0	37.6666666667	46.5	54.0	48.0	81.25	121.142857143	44.0	66.25	186.0	132.363636364	66.4285714286	90.1	54.4285714286	26.0	51.0	59.75	37.0	47.0	66.25	34.6666666667
alpha_rarefaction_1009_7.txt	1009	7	85.8571428571	252.272727273	279.714285714	121.0	68.0909090909	93.625	296.75	68.5	109.0	113.125	220.75	135.5	124.928571429	124.583333333	125.0	179.083333333	91.8	55.375	108.111111111	142.4375	260.571428571	58.9090909091	214.4	76.3333333333	140.75	170.2	209.315789474	140.75	138.909090909	117.0	92.6	146.1	132.652173913	216.833333333	181.142857143	98.875	122.0	82.2727272727	124.111111111	272.363636364	99.0	126.6	134.0	164.5	40.8	42.0	81.2727272727	136.583333333	66.0	196.25	57.4285714286	110.0	151.666666667	56.6	198.25	99.2727272727	83.5	90.8571428571	110.0	65.6	45.0	81.1428571429	80.0	144.142857143	59.1	49.0	35.1666666667	38.6	62.3	56.8571428571	78.0833333333	90.0	46.75	47.0	251.75	116.5	79.1428571429	94.25	181.0	78.8571428571	62.75	51.0	43.2	28.0	36.1428571429	43.0
alpha_rarefaction_1009_8.txt	1009	8	70.25	173.4	243.071428571	107.375	76.0909090909	82.3333333333	184.142857143	106.6	304.6	73.875	202.647058824	137.0	114.769230769	147.0	113.583333333	125.05	115.1	48.1428571429	112.0	196.25	311.333333333	80.6666666667	169.214285714	101.0	151.5	184.090909091	250.5	80.625	116.9375	90.8	132.75	171.25	285.571428571	238.0	95.6	78.0909090909	71.2307692308	113.769230769	116.0	167.055555556	85.5	81.0	179.5	183.666666667	112.0	50.0	98.2727272727	148.333333333	103.375	147.0	105.5	55.5	118.375	77.25	291.111111111	97.5454545455	99.4285714286	85.3333333333	108.0	56.9090909091	109.5	61.8571428571	85.9090909091	131.909090909	72.0909090909	52.25	53.2	31.0	63.0	54.75	69.3333333333	136.375	43.1666666667	46.5	250.5	103.0	80.625	97.4285714286	61.5	30.5	83.1666666667	48.1428571429	48.0	53.5	58.0	33.75
alpha_rarefaction_1009_9.txt	1009	9	80.1111111111	272.333333333	179.315789474	122.666666667	79.0	77.0	200.714285714	75.1176470588	176.0	96.5454545455	173.058823529	120.125	117.8	166.153846154	130.125	152.5	105.0	62.1428571429	66.25	253.75	248.090909091	123.6	166.5	81.5	60.0	130.047619048	231.555555556	101.25	89.4736842105	81.5454545455	80.5	143.0	262.5	335.083333333	135.230769231	110.375	84.4285714286	86.9090909091	87.9090909091	195.545454545	133.0	88.8571428571	139.4	172.090909091	51.4285714286	45.0	205.75	157.272727273	78.5454545455	151.625	59.1538461538	84.0	166.5	97.1428571429	142.526315789	123.333333333	50.5833333333	65.5	90.3636363636	51.3333333333	37.0	60.1	112.583333333	125.272727273	105.375	71.3333333333	45.3636363636	49.8571428571	59.6	52.0	98.1428571429	133.6	57.0	44.75	162.4	100.25	83.4285714286	84.5	73.0	33.875	77.4285714286	55.375	30.25	40.5	115.333333333	39.5833333333
alpha_rarefaction_2008_0.txt	2008	0	114.5	228.65	339.0	170.3	116.0	113.333333333	391.4375	105.25	245.894736842	125.230769231	276.545454545	184.857142857	163.333333333	237.0625	128.5	268.461538462	148.0	64.5454545455	111.272727273	376.111111111	260.368421053	94.0	293.352941176	74.25	143.0	336.083333333	233.315789474	113.272727273	186.666666667	89.4	183.111111111	180.4	368.666666667	361.666666667	135.117647059	123.111111111	111.5	187.0	159.333333333	337.0	150.909090909	185.0	264.272727273	277.714285714	93.6	56.4615384615	133.090909091	241.166666667	115.75	163.625	93.9090909091	109.2	206.4	118.769230769	154.333333333	138.076923077	103.0	115.153846154	112.2	109.5	60.0	119.0	174.0	144.0	107.714285714	59.1111111111	57.0	78.4285714286	84.4285714286	155.5	83.2307692308	150.5	66.1428571429	51.1428571429	359.4	108.0625	96.3636363636	141.75	79.5	91.0	58.9285714286	85.5	58.5	63.5	69.6666666667	58.9090909091
alpha_rarefaction_2008_1.txt	2008	1	97.8571428571	264.142857143	337.75	212.545454545	116.5	153.461538462	301.84	145.142857143	222.038461538	132.272727273	210.64	118.0	188.4	239.166666667	158.0	338.571428571	145.428571429	123.0	108.111111111	257.058823529	302.272727273	104.769230769	327.235294118	82.3	139.583333333	288.714285714	313.2	153.75	153.0	139.4	129.545454545	167.5	207.807692308	340.2	150.066666667	141.3	123.090909091	192.4	182.857142857	285.5	141.571428571	114.090909091	234.473684211	214.142857143	50.5	130.428571429	110.6	193.176470588	109.153846154	146.363636364	110.1875	105.363636364	166.894736842	160.666666667	195.0	116.12	110.615384615	146.0	162.875	149.25	72.875	98.8	110.272727273	141.25	119.571428571	95.75	58.0	107.0	62.5	88.1111111111	100.0	198.428571429	66.5	99.0	275.035714286	150.375	92.5	171.166666667	53.0	112.666666667	70.4375	92.9090909091	49.5	71.0	87.5	53.9285714286
alpha_rarefaction_2008_2.txt	2008	2	129.583333333	240.5	315.05	154.111111111	95.25	117.3	269.181818182	93.375	412.0	156.0	242.55	153.5	138.928571429	333.0	217.272727273	260.333333333	157.875	151.2	122.1	187.058823529	340.066666667	148.909090909	309.157894737	78.0833333333	108.0	212.588235294	333.5	161.090909091	158.476190476	108.0625	149.0	214.4	252.55	337.794117647	146.0	133.272727273	100.769230769	180.0	127.588235294	233.434782609	138.666666667	136.0	248.066666667	244.476190476	78.3333333333	80.1428571429	154.75	172.333333333	116.75	135.0	119.1	153.1	224.833333333	121.0	211.375	246.111111111	149.142857143	131.0	123.583333333	99.0	53.0	138.2	125.090909091	191.071428571	104.153846154	50.3333333333	76.0	57.2727272727	99.1666666667	86.5	137.909090909	211.5	70.0833333333	69.0	243.129032258	99.1666666667	109.111111111	173.6	86.1	84.1666666667	77.3	105.142857143	50.1428571429	48.75	73.625	59.6666666667
alpha_rarefaction_2008_3.txt	2008	3	93.0714285714	219.5	243.130434783	109.428571429	105.75	157.928571429	330.272727273	115.0	263.0	93.0714285714	287.176470588	233.666666667	168.176470588	204.055555556	121.05	241.285714286	129.5	74.0	128.428571429	181.142857143	348.055555556	180.272727273	205.875	182.0	157.25	277.0	250.625	142.75	306.428571429	143.909090909	214.5	198.352941176	255.037037037	316.636363636	169.666666667	106.545454545	137.4	117.0625	150.882352941	255.0625	168.5	362.0	260.769230769	316.066666667	61.1	91.0	216.125	220.9375	139.909090909	160.272727273	113.090909091	144.363636364	295.5	111.272727273	209.0	168.5	116.153846154	127.333333333	139.583333333	127.428571429	70.6	119.666666667	162.833333333	212.076923077	126.333333333	48.125	92.4285714286	82.4285714286	106.0	125.5	93.25	215.461538462	191.0	91.6	286.125	113.0	111.75	195.5	66.1111111111	110.0	103.333333333	68.4615384615	245.0	56.1111111111	98.6666666667	79.3333333333
alpha_rarefaction_2008_4.txt	2008	4	93.0714285714	281.0	412.2	208.111111111	107.058823529	153.0	299.5	133.5	256.714285714	84.25	206.384615385	252.0	244.333333333	225.625	119.153846154	216.181818182	131.928571429	88.8333333333	118.0	200.115384615	271.538461538	90.5454545455	228.434782609	127.428571429	146.5	209.476190476	222.181818182	155.545454545	299.272727273	248.75	100.909090909	231.090909091	233.666666667	293.0	190.272727273	127.090909091	89.8823529412	150.5	140.4	200.5	138.666666667	98.2	221.4	271.136363636	51.3333333333	72.875	171.666666667	167.12	131.0	156.0	101.0	144.0	254.4	172.666666667	257.4	157.0	105.526315789	103.833333333	112.4	112.090909091	88.8571428571	110.153846154	142.111111111	163.333333333	134.909090909	58.8571428571	64.5	67.3	74.6666666667	81.0	120.0	196.1	57.4285714286	67.25	314.681818182	136.583333333	114.090909091	119.75	143.0	72.0	70.4375	80.25	103.0	67.75	79.5	71.0
alpha_rarefaction_2008_5.txt	2008	5	100.545454545	272.0	268.434782609	114.333333333	130.5	187.5	329.454545455	165.142857143	260.555555556	106.0	349.5	116.0	132.866666667	174.352941176	143.5	230.666666667	172.25	59.9090909091	139.5	217.047619048	265.176470588	127.5	264.142857143	78.6	190.875	249.894736842	259.0	139.0	168.0	131.583333333	212.666666667	276.875	287.714285714	328.565217391	161.272727273	129.5	114.769230769	130.583333333	138.714285714	290.052631579	95.25	187.428571429	238.55	241.375	67.0	52.9285714286	154.0	180.142857143	104.545454545	94.9090909091	106.75	157.0	268.545454545	116.571428571	259.4	141.8125	140.125	123.8	140.0	105.25	45.1428571429	123.5	119.375	155.875	155.0	84.2	87.875	51.1111111111	55.1111111111	86.25	87.625	177.666666667	71.0909090909	59.8571428571	274.0	163.272727273	107.272727273	162.666666667	62.2727272727	75.0	103.142857143	85.1111111111	71.25	63.25	52.6	50.6666666667
alpha_rarefaction_2008_6.txt	2008	6	212.75	304.285714286	293.3	162.875	124.0	191.0	323.235294118	130.272727273	171.222222222	187.111111111	232.315789474	134.5	145.4375	185.0	125.0	327.5	111.4	61.5454545455	97.0	257.0	258.714285714	153.142857143	316.5	144.666666667	119.75	391.25	357.454545455	154.0	148.25	157.0	166.625	179.4	315.0	328.64	158.5625	121.0	124.666666667	147.125	204.5	205.076923077	112.0	121.5	242.588235294	247.0	66.0909090909	56.9090909091	153.75	188.0	96.0	136.0	77.8823529412	170.571428571	235.882352941	119.666666667	197.44	122.090909091	91.4	128.928571429	128.0	74.25	73.6666666667	110.090909091	119.1875	165.25	116.461538462	49.0	73.0	63.25	84.5	68.5	116.769230769	144.105263158	85.1666666667	88.5	257.777777778	99.5882352941	81.3	154.545454545	79.0	105.5	126.0	87.1111111111	46.0	61.2727272727	55.25	69.25
alpha_rarefaction_2008_7.txt	2008	7	101.875	298.954545455	289.884615385	145.5	139.0	184.272727273	303.12	101.363636364	295.714285714	94.0666666667	244.1875	186.272727273	193.076923077	194.772727273	103.769230769	240.464285714	134.583333333	127.909090909	141.363636364	222.666666667	476.473684211	111.333333333	257.730769231	53.0	185.625	201.333333333	317.315789474	158.0	263.230769231	114.071428571	132.583333333	194.64	295.0	360.043478261	145.117647059	129.111111111	132.75	138.583333333	140.0	247.882352941	155.714285714	168.5	180.142857143	303.25	58.3	56.7692307692	184.0	235.214285714	151.0	130.076923077	97.0	152.1	197.125	74.0909090909	218.235294118	127.625	106.111111111	107.428571429	203.0	106.272727273	56.1111111111	90.6666666667	127.571428571	166.2	109.5	77.5	45.3333333333	57.375	64.2	97.0	85.2142857143	182.5	82.1666666667	52.0	272.0	135.117647059	82.0	146.3	84.5	39.1111111111	95.6	88.25	50.2	63.3333333333	59.5	73.625
alpha_rarefaction_2008_8.txt	2008	8	101.428571429	291.75	261.5	122.6	90.1111111111	149.1	310.555555556	107.4	247.555555556	129.3125	320.647058824	169.833333333	179.25	214.647058824	152.545454545	253.166666667	158.833333333	110.8	100.176470588	235.071428571	299.791666667	135.076923077	275.375	103.428571429	129.5	210.555555556	313.0	126.142857143	188.5	123.1	134.0	266.571428571	258.130434783	282.486486486	158.352941176	152.0	127.583333333	172.571428571	219.769230769	276.916666667	154.111111111	98.2307692308	208.052631579	224.375	58.6153846154	118.333333333	127.625	285.076923077	97.0	124.8	89.0714285714	118.75	206.4	125.230769231	214.052631579	153.5	83.2307692308	127.230769231	128.5	116.090909091	59.0	93.5	93.75	221.5	148.0	70.2	53.0	49.3636363636	81.5	68.8571428571	140.363636364	158.066666667	108.0	96.1666666667	293.0	204.6	138.5	104.214285714	65.75	62.0	63.0	100.75	75.1428571429	76.3333333333	52.1111111111	47.6666666667
alpha_rarefaction_2008_9.txt	2008	9	82.0	226.526315789	295.636363636	99.25	119.75	180.857142857	373.04	160.615384615	309.571428571	137.0	220.888888889	149.5	192.714285714	205.4375	142.473684211	254.75	138.8125	71.1428571429	138.0	243.1875	301.272727273	90.2	291.5	122.1	157.769230769	178.652173913	251.0	137.6	178.55	121.769230769	133.0	151.142857143	364.6875	361.677419355	157.894736842	117.75	150.0	159.25	132.5	280.0	160.0	93.0769230769	195.5	263.75	87.1111111111	82.1	124.769230769	217.0	118.0	124.588235294	98.8333333333	101.066666667	223.666666667	141.75	161.0	256.6	104.769230769	119.0	121.6	124.333333333	53.1666666667	88.0833333333	132.833333333	222.272727273	112.071428571	79.0	59.8571428571	42.6666666667	93.5	49.0909090909	86.3125	165.714285714	95.75	64.3333333333	305.8	153.909090909	121.5	121.461538462	52.9090909091	71.6	89.0	82.5	60.375	70.3	52.1428571429	58.5714285714
alpha_rarefaction_3007_0.txt	3007	0	117.666666667	275.181818182	327.777777778	179.3	212.75	184.153846154	372.444444444	125.05	265.0	180.3	376.04	187.315789474	175.25	206.545454545	204.75	267.166666667	150.0	81.0	231.8	240.130434783	313.034482759	144.117647059	269.730769231	186.428571429	271.909090909	273.434782609	262.166666667	179.666666667	293.0	149.5	108.0	251.368421053	329.777777778	424.935483871	153.476190476	143.272727273	224.6	141.730769231	215.230769231	341.652173913	161.368421053	201.8	305.052631579	240.434782609	90.5	82.5	180.153846154	236.5	151.5	160.3	166.833333333	136.9375	301.75	204.25	255.107142857	170.5625	168.5	160.769230769	128.75	112.111111111	56.0	187.428571429	157.5	266.230769231	128.583333333	86.5	72.1111111111	95.5	117.125	124.230769231	124.352941176	179.666666667	108.375	71.6666666667	471.0	106.625	98.5	137.235294118	124.333333333	89.9090909091	90.0	182.0	74.1111111111	67.375	60.0	68.6666666667
alpha_rarefaction_3007_1.txt	3007	1	113.5	291.206896552	369.384615385	164.769230769	181.0	199.5	447.5	140.714285714	365.0	172.833333333	348.416666667	193.352941176	185.0	194.875	137.75	290.4	179.0	197.0	132.333333333	307.235294118	326.2	144.571428571	299.4	106.25	196.0	336.2	270.84375	178.111111111	241.882352941	233.0	155.875	202.0	372.137931034	303.525	168.25	122.333333333	170.0	205.882352941	182.555555556	317.8	161.6875	142.4375	254.9	331.454545455	75.2307692308	103.6	189.071428571	230.647058824	130.052631579	178.5625	94.9375	216.6	225.157894737	128.769230769	261.894736842	179.0	139.0	142.714285714	203.428571429	134.5	89.5	126.583333333	105.166666667	182.619047619	141.571428571	61.8333333333	68.5	73.0	74.25	79.0833333333	153.0	175.833333333	100.5	70.5	335.6	154.076923077	102.833333333	166.25	85.1428571429	155.166666667	93.5	91.1875	71.5	84.5	64.6153846154	88.9090909091
alpha_rarefaction_3007_2.txt	3007	2	175.6	316.2	249.029411765	233.153846154	253.142857143	184.769230769	403.041666667	116.052631579	274.434782609	136.230769231	400.157894737	170.894736842	217.55	258.652173913	223.5	257.464285714	135.333333333	74.7692307692	170.1	261.04	419.6	123.071428571	260.625	128.111111111	163.5625	233.888888889	349.047619048	258.75	237.142857143	112.2	188.4	241.25	361.0	491.5	187.666666667	151.0	159.769230769	158.473684211	185.058823529	344.555555556	207.0	157.571428571	272.217391304	269.181818182	74.1428571429	82.0	159.368421053	224.375	170.5	209.25	140.0	167.272727273	327.066666667	117.5	290.0	145.0	141.8125	135.235294118	212.0	145.125	55.1428571429	121.111111111	116.066666667	184.526315789	127.866666667	86.0	75.3	126.857142857	80.0	135.125	118.0	274.352941176	91.9090909091	96.4285714286	317.090909091	157.375	102.1875	193.5	74.0833333333	121.428571429	88.4	134.0	74.875	73.0	53.0	64.1
alpha_rarefaction_3007_3.txt	3007	3	129.5	276.625	335.032258065	195.230769231	171.666666667	148.0	345.5	168.0	298.84	145.928571429	264.772727273	165.25	191.0	274.8	148.8125	321.875	163.333333333	137.0	156.111111111	287.625	384.25	161.75	424.0	86.0	201.0	242.260869565	339.15	123.0625	237.047619048	182.666666667	113.428571429	210.866666667	400.551724138	412.117647059	159.4375	165.25	140.583333333	194.4	204.055555556	260.71875	270.25	125.0	236.8	295.730769231	153.0	78.6666666667	156.5	244.235294118	138.714285714	252.2	104.0	133.9375	272.526315789	148.3	248.037037037	147.15	158.461538462	138.25	163.5625	141.6	68.375	186.428571429	143.833333333	217.8	180.0	129.25	70.3333333333	62.8571428571	70.3333333333	131.666666667	138.8125	214.25	76.0909090909	65.0	497.0	150.75	136.545454545	228.6	49.6666666667	106.166666667	97.2307692308	78.0	61.8571428571	68.1111111111	88.625	72.0833333333
alpha_rarefaction_3007_4.txt	3007	4	124.4	257.333333333	343.833333333	156.0	134.090909091	161.368421053	346.5	180.083333333	339.0	151.230769231	353.894736842	164.666666667	180.833333333	310.047619048	175.153846154	269.954545455	246.090909091	100.545454545	134.214285714	256.368421053	372.137931034	151.5	242.65625	94.25	149.647058824	307.3	373.125	200.083333333	268.272727273	189.5	170.111111111	214.285714286	337.875	514.888888889	176.636363636	139.15	173.0	138.571428571	256.375	511.230769231	197.111111111	199.0	315.461538462	323.047619048	108.25	75.6666666667	170.176470588	268.473684211	195.076923077	155.230769231	178.6	193.5	375.714285714	141.545454545	357.176470588	193.4	150.235294118	119.071428571	146.526315789	112.25	130.25	154.25	143.0	196.176470588	170.4	59.1	89.5	83.5	70.0	129.0	115.428571429	191.0	83.5454545455	82.1428571429	505.954545455	193.333333333	157.0	162.571428571	95.9090909091	87.1111111111	100.1	106.25	78.25	66.0	88.2307692308	77.1428571429
alpha_rarefaction_3007_5.txt	3007	5	131.333333333	369.25	386.5	211.214285714	157.0	161.666666667	373.161290323	147.125	304.222222222	168.928571429	352.896551724	219.4	233.066666667	266.04	234.0	252.545454545	167.25	90.9090909091	106.526315789	239.375	450.526315789	115.333333333	262.935483871	112.272727273	205.8	275.181818182	265.129032258	180.0	224.0	192.076923077	136.272727273	210.565217391	339.090909091	392.90625	153.0	143.583333333	161.928571429	219.076923077	179.666666667	341.913043478	358.857142857	146.555555556	306.476190476	282.916666667	143.0	142.142857143	251.090909091	268.619047619	194.111111111	128.75	148.3	189.0	313.5	137.928571429	232.652173913	194.4	161.333333333	165.153846154	160.6875	146.363636364	61.1111111111	129.1	169.833333333	167.0	193.714285714	87.5	56.0	61.125	67.1111111111	103.8	225.5	234.588235294	69.0	87.8571428571	340.6	160.230769231	127.666666667	204.0	119.5	78.1111111111	146.1	90.5	86.5	123.0	56.3333333333	75.0
alpha_rarefaction_3007_6.txt	3007	6	161.833333333	294.625	410.217391304	164.714285714	175.5	130.166666667	354.652173913	166.0	260.555555556	99.0769230769	378.6875	175.5	152.045454545	229.65	162.111111111	345.882352941	160.6875	102.545454545	171.5	273.142857143	464.666666667	164.75	303.5	123.111111111	189.461538462	361.8	298.588235294	133.5	230.260869565	226.111111111	157.75	207.772727273	345.464285714	482.115384615	233.769230769	124.153846154	179.058823529	203.588235294	237.0625	269.333333333	180.0	242.125	246.620689655	287.375	84.0	110.6	173.3	249.0	148.909090909	214.75	134.666666667	128.0	245.0	91.9375	253.870967742	191.125	180.090909091	113.05	150.0	133.214285714	74.25	116.5	170.5	341.1	153.333333333	75.0	74.1111111111	124.6	95.0	120.8	120.4	193.176470588	64.0	73.875	414.357142857	131.352941176	148.909090909	161.894736842	107.0	74.0833333333	117.666666667	112.75	79.0	65.0909090909	121.666666667	69.75
alpha_rarefaction_3007_7.txt	3007	7	115.272727273	297.6	339.794117647	185.769230769	129.4	175.615384615	504.473684211	152.0	311.272727273	144.583333333	274.24137931	186.4	285.714285714	198.84	181.25	315.954545455	210.111111111	91.2307692308	120.5	325.555555556	373.041666667	136.230769231	273.216216216	177.428571429	177.0	279.25	297.161290323	157.0	237.5	177.0	160.75	199.0	334.0	447.111111111	189.25	123.5	215.142857143	188.333333333	275.75	312.37037037	213.230769231	171.153846154	312.230769231	315.333333333	74.0	73.7142857143	172.5	182.681818182	163.272727273	146.4	145.0	153.5	218.285714286	133.235294118	330.526315789	206.052631579	164.875	203.0	148.0	107.0	60.1111111111	128.090909091	118.526315789	224.647058824	145.8125	69.6666666667	84.0	74.1111111111	93.8571428571	93.3333333333	112.75	194.0	74.5	111.0	455.055555556	214.6	114.153846154	188.5	82.1111111111	85.3333333333	116.0	129.545454545	66.0	78.6666666667	69.25	143.5
alpha_rarefaction_3007_8.txt	3007	8	146.235294118	543.545454545	340.6	145.0	179.769230769	138.555555556	393.037037037	163.25	294.666666667	163.272727273	328.454545455	168.0	199.65	268.333333333	275.0	213.033333333	202.1	99.4285714286	120.058823529	217.12	409.217391304	141.272727273	281.111111111	144.2	145.8125	218.75	345.166666667	161.75	197.291666667	165.066666667	181.666666667	150.44	344.136363636	374.96875	191.315789474	207.0	208.2	152.0	193.714285714	323.565217391	155.125	162.5625	474.111111111	324.681818182	77.0	84.0833333333	219.333333333	273.666666667	148.076923077	135.882352941	168.0	163.0	258.473684211	145.0	290.666666667	195.4	93.9	154.066666667	222.25	127.866666667	71.2	162.875	169.928571429	240.0625	167.214285714	58.0	67.0	120.0	73.5	105.272727273	190.428571429	206.8125	71.4615384615	74.0909090909	350.444444444	194.0	132.5	114.4	91.1	75.1111111111	85.6666666667	98.0	90.0	83.6666666667	78.0	70.7692307692
alpha_rarefaction_3007_9.txt	3007	9	147.076923077	422.071428571	355.857142857	166.714285714	192.4	234.166666667	394.689655172	148.076923077	219.333333333	182.666666667	371.130434783	160.235294118	222.125	234.5	223.071428571	300.375	190.176470588	144.111111111	150.2	249.24	350.8	181.090909091	260.576923077	100.1	158.454545455	308.0	296.774193548	141.0	264.058823529	162.333333333	169.666666667	250.428571429	445.526315789	407.666666667	221.117647059	156.375	176.666666667	178.5	191.5	347.136363636	182.153846154	134.882352941	288.176470588	249.285714286	102.428571429	117.5	163.894736842	223.652173913	139.928571429	153.0	149.375	157.235294118	291.0	130.866666667	216.956521739	190.125	144.076923077	163.833333333	151.571428571	186.5	76.25	101.555555556	183.6875	250.333333333	188.272727273	99.2	100.272727273	63.0	87.3333333333	145.75	102.1875	194.5	66.375	86.5	353.107142857	166.769230769	147.428571429	162.0	122.333333333	93.0	102.0	106.5	72.875	95.875	62.5454545455	52.5454545455
alpha_rarefaction_4006_0.txt	4006	0	178.428571429	304.666666667	599.681818182	216.0	212.0	237.166666667	406.027027027	149.571428571	342.107142857	163.75	386.0	194.333333333	226.434782609	315.2	442.428571429	324.5	244.615384615	163.090909091	171.066666667	302.5	425.24	239.8	360.857142857	133.5	221.0	376.476190476	331.5	143.214285714	244.5	197.352941176	182.5	321.454545455	363.03030303	469.277777778	232.5	151.25	196.5	267.1875	227.2	438.869565217	220.117647059	213.0	273.0	366.0	97.1	183.142857143	228.625	240.125	155.4	163.571428571	162.75	179.176470588	237.2	235.8	343.15	187.0	169.153846154	197.230769231	181.055555556	142.428571429	78.6666666667	109.363636364	215.235294118	293.75	228.333333333	64.1538461538	78.0	97.875	114.75	125.461538462	140.75	218.052631579	120.666666667	91.1	382.375	318.0	171.153846154	196.071428571	96.2307692308	86.0	102.882352941	114.153846154	138.0	109.5	154.875	82.2307692308
alpha_rarefaction_4006_1.txt	4006	1	197.083333333	319.8125	347.181818182	313.6	168.25	152.117647059	418.5	128.0	482.043478261	149.545454545	320.277777778	211.157894737	225.636363636	365.176470588	213.666666667	306.037037037	253.071428571	109.090909091	109.666666667	395.315789474	397.428571429	266.0	312.903225806	107.0625	161.0	382.0	405.0	199.0	266.541666667	238.0625	208.363636364	262.130434783	516.333333333	450.384615385	203.391304348	198.588235294	196.125	253.066666667	254.473684211	385.333333333	198.5	136.75	315.956521739	312.0	110.2	114.176470588	225.4	265.55	180.0	240.0625	168.25	220.3125	248.8	185.666666667	286.7	245.55	192.272727273	179.666666667	175.6875	146.125	114.5	107.833333333	175.333333333	226.55	147.8125	107.6	95.0714285714	77.0	107.75	142.6	148.0	250.166666667	86.0	99.875	409.9375	199.052631579	152.363636364	227.461538462	77.0	133.25	120.375	167.166666667	88.4285714286	74.3333333333	82.0833333333	107.25
alpha_rarefaction_4006_2.txt	4006	2	256.0	377.041666667	422.25	199.352941176	260.461538462	226.055555556	343.243243243	176.2	354.0	224.545454545	358.260869565	173.130434783	180.333333333	317.576923077	229.25	370.136363636	195.071428571	142.076923077	314.625	356.043478261	448.222222222	259.272727273	351.037037037	112.833333333	219.5	309.363636364	333.384615385	157.0	278.4	186.769230769	197.0	309.954545455	387.451612903	454.538461538	173.517241379	137.9375	138.214285714	236.066666667	173.333333333	499.555555556	189.571428571	160.230769231	350.047619048	303.451612903	122.111111111	261.333333333	249.428571429	275.105263158	167.461538462	185.666666667	158.5	187.526315789	297.5	173.928571429	345.0	265.5	173.0	188.0	175.352941176	208.909090909	94.5	132.214285714	165.5	255.0	159.882352941	76.875	69.5	78.1111111111	81.6666666667	119.153846154	125.052631579	214.142857143	109.5	134.5	505.24137931	177.066666667	142.909090909	314.625	109.25	116.583333333	101.461538462	146.909090909	48.6	105.111111111	100.875	73.2727272727
alpha_rarefaction_4006_3.txt	4006	3	196.1	319.193548387	357.523809524	211.5	202.0	264.6	398.285714286	145.25	394.526315789	177.0	415.565217391	170.724137931	189.677419355	321.681818182	170.04	279.615384615	246.714285714	148.230769231	182.1	229.285714286	379.25	133.0	325.307692308	140.583333333	197.0	368.0	419.25	181.615384615	322.0	227.25	169.352941176	271.111111111	336.8125	584.111111111	238.5	240.153846154	205.0	268.0	226.0	360.551724138	213.0	142.076923077	302.869565217	392.041666667	60.5833333333	101.6	234.375	282.037037037	117.0	151.117647059	188.6	229.461538462	244.260869565	196.5	273.0	226.65	194.0	247.1	197.052631579	184.6	65.6	142.6	261.5	253.615384615	206.909090909	98.4285714286	76.6	82.1111111111	89.3333333333	168.1	126.058823529	252.066666667	122.1	80.6	451.677419355	203.4375	142.076923077	172.0	104.0	110.75	127.75	97.5	92.8571428571	213.0	121.142857143	136.5
alpha_rarefaction_4006_4.txt	4006	4	168.055555556	267.277777778	371.483870968	345.142857143	158.647058824	298.230769231	393.5	153.125	336.517241379	166.75	365.538461538	204.956521739	202.333333333	315.75	173.055555556	433.052631579	265.4	97.0833333333	152.05	284.5	390.941176471	167.6875	404.0	112.6	154.789473684	424.545454545	340.333333333	257.142857143	254.545454545	176.214285714	224.545454545	264.333333333	409.222222222	497.1875	283.214285714	145.076923077	200.428571429	189.391304348	274.0	375.6	186.0	228.071428571	338.136363636	378.24	100.6	93.0	264.5	279.75	205.083333333	200.076923077	173.615384615	153.285714286	281.652173913	155.75	348.166666667	234.473684211	140.15	157.647058824	188.6875	143.75	71.375	146.0	198.0	308.5	153.125	82.0	72.3333333333	84.5454545455	136.5	133.5	166.769230769	280.176470588	86.0833333333	74.0	422.794117647	130.0	172.1	229.066666667	96.5	97.4615384615	148.0	133.272727273	56.6666666667	64.5454545455	111.0	117.111111111
alpha_rarefaction_4006_5.txt	4006	5	177.1	457.8	408.34375	191.333333333	145.833333333	206.25	436.176470588	220.0	384.0	191.769230769	371.384615385	197.8	297.3125	312.05	202.555555556	271.785714286	259.666666667	101.352941176	185.666666667	336.15	380.0	321.875	462.0	140.714285714	168.714285714	430.55	406.434782609	173.058823529	279.4	186.0	161.066666667	320.461538462	381.689655172	440.75	206.2	118.0	214.75	217.25	250.0	422.4	181.214285714	177.5625	345.047619048	354.0	121.142857143	96.8	182.619047619	284.5	182.5	155.4375	214.5	211.909090909	342.882352941	173.875	435.5	272.5	192.714285714	187.461538462	200.476190476	129.625	107.2	138.272727273	234.0	277.058823529	190.4	64.0	62.0	100.0	108.615384615	112.0	148.117647059	175.4	83.625	93.1	469.033333333	201.866666667	116.0625	241.153846154	81.75	137.428571429	109.0	163.0	63.6875	120.666666667	114.25	127.428571429
alpha_rarefaction_4006_6.txt	4006	6	184.090909091	473.352941176	428.28125	175.636363636	200.545454545	180.0	550.033333333	208.25	327.0	170.0	366.730769231	256.176470588	299.0	309.0	246.428571429	394.272727273	237.0	357.0	167.333333333	334.647058824	350.428571429	180.5	306.451612903	166.333333333	204.076923077	354.24137931	332.526315789	172.5	262.954545455	217.526315789	152.75	236.0	508.0	457.7	217.285714286	238.428571429	238.615384615	235.461538462	200.772727273	347.785714286	165.473684211	228.125	278.25	348.2	96.5	156.666666667	237.333333333	261.130434783	212.071428571	178.833333333	198.545454545	200.666666667	278.0	160.0	238.483870968	201.772727273	172.833333333	169.461538462	223.833333333	132.882352941	97.4285714286	202.0	235.071428571	262.333333333	249.333333333	102.0	64.1538461538	95.0	75.8125	91.7142857143	138.5	252.166666667	93.1666666667	115.125	453.088235294	154.0	138.928571429	169.666666667	93.0	93.1111111111	133.333333333	154.25	93.875	97.7692307692	77.7142857143	76.0909090909
alpha_rarefaction_4006_7.txt	4006	7	253.0	309.884615385	381.923076923	176.2	186.461538462	161.647058824	488.75	201.0	385.5	221.076923077	338.7	248.066666667	220.052631579	290.142857143	194.0	352.045454545	188.5	152.25	189.0	328.64	387.636363636	187.6	308.90625	138.076923077	244.0	337.333333333	366.483870968	198.272727273	250.473684211	215.076923077	186.083333333	295.333333333	379.894736842	488.078947368	232.055555556	236.5	144.833333333	202.0	201.230769231	350.588235294	202.8125	215.909090909	250.444444444	322.193548387	56.5	124.142857143	228.789473684	239.375	198.0	204.428571429	119.769230769	286.0	217.032258065	233.5	312.391304348	200.714285714	171.066666667	170.352941176	186.6875	137.928571429	83.1111111111	129.583333333	166.066666667	237.25	216.0	82.6666666667	111.0	70.0	133.0	140.0	134.571428571	307.157894737	66.125	72.4285714286	401.527777778	201.272727273	191.111111111	278.363636364	108.071428571	68.4	126.583333333	190.875	99.2	98.0	170.0	96.4285714286
alpha_rarefaction_4006_8.txt	4006	8	129.0	485.0625	381.15625	271.5	157.5	185.2	443.538461538	174.214285714	348.15	167.588235294	410.222222222	205.352941176	280.625	353.894736842	239.090909091	332.681818182	255.090909091	188.909090909	132.625	304.84	468.772727273	240.8	305.451612903	136.076923077	182.214285714	324.272727273	293.25	176.066666667	270.181818182	138.882352941	179.5	267.035714286	422.357142857	498.823529412	246.882352941	152.0	154.4	296.333333333	260.142857143	421.25	332.0	154.6	376.333333333	394.125	117.375	106.0	274.176470588	235.038461538	197.0	185.25	149.0	219.071428571	246.047619048	130.071428571	288.517241379	140.5	150.647058824	170.714285714	169.125	156.363636364	87.6666666667	160.1	188.666666667	258.473684211	148.166666667	63.0	113.0	68.1538461538	99.0	176.666666667	178.625	257.4	122.0	91.4285714286	406.363636364	233.666666667	149.909090909	161.05	97.1875	137.0	120.6	98.0625	139.75	98.6	83.0	148.25
alpha_rarefaction_4006_9.txt	4006	9	105.588235294	283.25	352.894736842	192.0	200.076923077	180.619047619	436.176470588	153.647058824	332.517241379	151.105263158	302.125	174.666666667	217.833333333	210.0	164.4	283.228571429	214.0	117.052631579	145.789473684	309.869565217	451.222222222	201.714285714	330.096774194	133.1	288.0	275.533333333	433.666666667	154.4375	295.5	205.0	199.071428571	274.454545455	347.775	419.428571429	211.4375	200.0	203.076923077	240.25	206.352941176	349.5	212.315789474	213.909090909	268.130434783	363.25	120.111111111	128.272727273	278.866666667	280.142857143	146.4	141.157894737	206.25	290.0	252.333333333	120.25	329.291666667	206.476190476	154.5	162.6875	176.066666667	137.882352941	77.3333333333	159.769230769	202.666666667	269.105263158	172.352941176	228.0	78.6666666667	91.8333333333	78.6666666667	170.25	117.545454545	251.0	87.5	84.6666666667	407.935483871	196.875	161.769230769	228.461538462	96.0	86.5454545455	176.428571429	99.0	86.0	91.5	88.1	96.1
alpha_rarefaction_5005_0.txt	5005	0	210.8	428.0	433.441176471	234.055555556	228.833333333	156.047619048	425.279069767	160.473684211	441.384615385	193.666666667	366.193548387	244.307692308	298.391304348	258.125	223.0	347.7	190.5	114.5	167.666666667	331.681818182	415.046511628	219.4	349.0	158.75	217.882352941	362.0	342.885714286	193.0	287.0	216.434782609	184.4	283.7	507.6	513.571428571	228.8	189.25	163.066666667	281.5	289.3125	364.0	305.5	185.0	339.785714286	335.416666667	111.272727273	129.272727273	216.588235294	254.027777778	144.882352941	190.0	173.066666667	157.043478261	286.333333333	153.166666667	352.444444444	220.142857143	155.473684211	275.583333333	189.9	142.4	91.5	155.5	250.066666667	250.0	199.0	81.6	84.6	92.4285714286	137.5	141.666666667	142.9375	244.625	100.461538462	112.5	574.5	186.066666667	249.125	192.6875	81.5882352941	94.3684210526	149.5	109.75	59.0	83.0	104.428571429	111.0
alpha_rarefaction_5005_1.txt	5005	1	176.1	454.875	446.2	189.5625	296.333333333	244.153846154	475.625	181.5	462.772727273	286.111111111	426.5	188.875	235.375	263.5	290.0	347.8	225.647058824	217.125	164.066666667	352.15	416.916666667	190.5	386.161290323	141.272727273	259.2	442.772727273	374.372093023	195.0	252.84	180.789473684	149.0	278.615384615	435.516129032	512.071428571	216.0	267.0	253.428571429	228.052631579	243.772727273	449.0	337.0	152.666666667	289.486486486	356.0	92.0	105.875	223.8	285.772727273	242.0	262.1875	200.230769231	185.5625	296.615384615	123.6	331.777777778	217.217391304	147.526315789	255.0	211.8125	154.75	127.0	149.714285714	194.0	263.551724138	145.0	96.6	93.5	108.75	118.111111111	241.428571429	154.4	272.8	92.25	133.857142857	578.12	179.894736842	173.272727273	211.0	130.1	113.666666667	130.571428571	100.833333333	114.0	88.0	136.125	104.909090909
alpha_rarefaction_5005_2.txt	5005	2	143.076923077	382.625	378.895833333	214.882352941	188.25	291.0	492.323529412	175.333333333	439.476190476	241.214285714	430.037037037	209.730769231	226.933333333	406.714285714	246.0	353.428571429	170.5	137.333333333	216.4	296.12	444.0	198.4375	367.03030303	196.5	240.235294118	481.666666667	386.529411765	199.125	415.833333333	248.615384615	184.4	296.0	440.84375	507.80952381	257.043478261	162.0	214.235294118	209.869565217	237.8	417.416666667	379.833333333	161.2	311.363636364	350.5	167.2	118.5	209.0	237.666666667	168.333333333	221.666666667	232.090909091	225.666666667	325.884615385	154.714285714	332.5	185.037037037	127.5	282.076923077	248.066666667	173.928571429	126.2	139.882352941	217.0	279.545454545	242.090909091	96.625	127.333333333	108.142857143	99.9090909091	134.230769231	160.0	238.0	83.0	77.0833333333	461.0625	243.071428571	165.75	184.928571429	86.4285714286	112.5	108.461538462	166.666666667	93.8571428571	112.75	96.5	124.461538462
alpha_rarefaction_5005_3.txt	5005	3	170.25	404.8	590.954545455	296.714285714	131.157894737	224.666666667	495.885714286	182.9	362.260869565	248.714285714	430.129032258	182.0	245.75	350.3	240.894736842	320.487179487	184.625	134.235294118	199.461538462	356.434782609	413.682926829	192.153846154	345.657894737	201.0	260.75	333.8125	416.384615385	204.545454545	256.857142857	173.352941176	186.1	292.4	410.527777778	553.0	286.315789474	259.090909091	202.882352941	295.3125	287.3	360.5	251.166666667	137.588235294	352.464285714	368.875	107.625	117.5	250.555555556	316.555555556	205.076923077	208.666666667	198.0	308.5	284.75	184.5	344.666666667	199.37037037	153.105263158	201.4	220.0	154.571428571	117.0	153.4	177.352941176	316.315789474	176.5	94.3636363636	70.0	102.6	108.25	140.076923077	161.076923077	334.928571429	138.6	122.666666667	552.6	205.052631579	158.2	214.25	89.6470588235	118.153846154	187.5	162.090909091	86.0	123.125	127.0	142.2
alpha_rarefaction_5005_4.txt	5005	4	141.0	318.75	396.081081081	298.333333333	187.066666667	249.0	415.813953488	225.9375	376.451612903	260.583333333	318.243243243	240.0	270.714285714	300.433333333	226.333333333	400.434782609	244.6	144.909090909	155.3	338.615384615	575.6	253.0	345.533333333	129.055555556	190.9	372.285714286	378.0	217.65	273.3	197.230769231	206.4	286.12	592.607142857	482.108108108	218.322580645	181.272727273	188.0	222.375	315.4375	405.689655172	271.166666667	167.230769231	295.913043478	399.75	122.0	92.0	190.2	284.222222222	192.5	270.230769231	154.666666667	192.0	309.391304348	161.0	412.625	192.166666667	176.833333333	181.142857143	222.055555556	114.588235294	136.6	182.666666667	211.181818182	263.730769231	145.052631579	110.666666667	82.2307692308	109.75	104.0	120.071428571	184.4	205.807692308	82.0	79.1428571429	510.090909091	158.045454545	115.214285714	196.0	108.0	94.25	169.090909091	244.0	135.5	106.5	136.6	130.0
alpha_rarefaction_5005_5.txt	5005	5	138.05	393.117647059	404.0	226.3125	205.0	244.333333333	434.0	168.588235294	360.285714286	196.875	368.5	188.4	294.956521739	293.12	202.125	352.090909091	197.333333333	109.789473684	171.714285714	356.142857143	417.333333333	174.25	315.682926829	190.090909091	277.230769231	404.275862069	356.642857143	200.555555556	245.275862069	211.157894737	169.882352941	307.869565217	401.0	429.468085106	283.142857143	158.5	186.0	254.04	182.434782609	504.75	232.105263158	180.833333333	332.12	355.325	109.6	120.8	202.352941176	320.954545455	271.909090909	195.461538462	186.666666667	266.111111111	298.0	201.071428571	313.7	239.105263158	193.0	146.130434783	161.576923077	134.625	97.4285714286	182.0	268.0	311.555555556	178.619047619	101.5	88.0	120.111111111	116.0	187.0	179.789473684	223.2	103.6	146.75	479.941176471	202.058823529	174.090909091	232.235294118	124.461538462	94.9090909091	229.428571429	200.0	85.625	99.9090909091	163.142857143	91.5
alpha_rarefaction_5005_6.txt	5005	6	211.071428571	361.193548387	500.303030303	187.3	190.571428571	220.5	448.934782609	165.875	498.75	176.8	467.730769231	196.576923077	217.0	267.4	275.4	565.045454545	170.125	130.571428571	199.555555556	402.551724138	553.40625	226.0	362.0	223.666666667	284.9375	411.416666667	395.454545455	202.0	272.777777778	319.333333333	223.545454545	302.0	448.933333333	488.87804878	247.235294118	184.1	183.571428571	284.909090909	202.75	346.75	230.055555556	208.4	286.088235294	413.04	78.0	104.833333333	242.55	298.956521739	195.0	242.428571429	251.583333333	212.0	259.6	203.0	274.8	247.882352941	139.0	234.071428571	241.476190476	170.5	161.5	152.0	176.434782609	309.333333333	234.153846154	179.0	87.0833333333	81.6666666667	157.5	149.75	125.058823529	231.55	91.0833333333	135.25	426.083333333	243.75	159.909090909	180.75	112.714285714	147.75	157.909090909	227.0	112.0	96.1	115.0	92.0
alpha_rarefaction_5005_7.txt	5005	7	217.833333333	412.551724138	480.875	260.058823529	245.368421053	195.315789474	429.108695652	171.0	454.565217391	151.05	488.142857143	248.588235294	199.166666667	352.3	222.636363636	419.0	224.117647059	120.090909091	160.235294118	342.05	398.80952381	200.4	394.1	158.125	237.105263158	369.7	395.028571429	194.0	239.444444444	182.636363636	244.615384615	264.076923077	456.153846154	528.157894737	191.333333333	212.428571429	189.153846154	221.882352941	182.652173913	408.777777778	326.6	221.076923077	327.103448276	408.0	85.0	83.0714285714	290.0	271.55	271.6	210.0	207.0	238.375	349.260869565	143.3125	323.848484848	188.24	183.0	186.5	212.428571429	130.625	112.2	176.615384615	182.5	283.375	140.588235294	149.0	144.75	78.0	132.0	115.0625	166.0	293.0	163.625	146.666666667	415.65	189.9	218.833333333	246.0625	86.75	92.375	112.75	126.8	109.166666667	100.0	82.0	113.0
alpha_rarefaction_5005_8.txt	5005	8	225.5	394.0	515.24137931	267.666666667	202.071428571	189.142857143	454.466666667	181.5	424.956521739	181.5	360.322580645	228.526315789	253.772727273	285.111111111	243.476190476	316.037037037	239.235294118	146.0	233.5	338.142857143	483.333333333	176.352941176	326.275	141.833333333	225.3125	410.652173913	365.6	266.769230769	307.5	168.0	146.157894737	285.222222222	545.636363636	453.195652174	206.555555556	149.571428571	300.272727273	221.217391304	252.588235294	402.037037037	230.8	248.1	418.956521739	338.636363636	112.0	103.833333333	186.217391304	284.222222222	274.076923077	276.583333333	217.909090909	206.176470588	266.037037037	187.666666667	327.607142857	237.230769231	156.75	156.15	163.576923077	152.75	86.2	147.647058824	177.714285714	284.05	165.882352941	95.625	103.6	109.75	138.428571429	199.909090909	140.3125	259.954545455	106.4	88.9090909091	483.488372093	220.25	199.545454545	285.3	112.4	100.363636364	119.714285714	129.111111111	81.0	105.428571429	79.0	80.7692307692
alpha_rarefaction_5005_9.txt	5005	9	213.111111111	406.363636364	399.085714286	195.25	230.066666667	197.058823529	452.448979592	213.666666667	409.5	177.928571429	365.171428571	197.5	258.4	227.75	293.166666667	449.5	232.4	224.428571429	255.769230769	329.565217391	436.588235294	249.0	375.677419355	198.545454545	252.615384615	396.090909091	335.341463415	234.769230769	391.619047619	177.153846154	156.045454545	315.555555556	643.130434783	478.236842105	297.045454545	171.6875	165.055555556	221.375	245.0	336.026315789	205.866666667	246.75	306.666666667	306.238095238	104.1	139.111111111	452.5	301.05	214.25	176.352941176	221.833333333	219.055555556	328.0	178.5	299.9375	216.956521739	167.666666667	215.909090909	198.333333333	117.714285714	61.375	160.333333333	174.882352941	261.5	143.272727273	74.0	84.6666666667	111.333333333	147.666666667	163.333333333	148.0	314.647058824	70.7692307692	75.0	509.0	235.066666667	148.25	257.071428571	138.111111111	123.111111111	145.0	153.0	125.428571429	87.2727272727	117.5	102.6
alpha_rarefaction_6004_0.txt	6004	0	205.428571429	389.717948718	438.773584906	244.25	205.866666667	222.652173913	448.857142857	202.8	401.428571429	228.333333333	440.28125	267.473684211	255.043478261	487.44	234.647058824	438.774193548	298.333333333	177.625	241.6	425.24	392.666666667	409.0	404.027027027	215.0	241.0	348.032258065	451.588235294	256.714285714	310.333333333	261.0	170.125	351.44	486.333333333	474.269230769	233.0	216.1	231.235294118	213.25	307.571428571	474.37037037	305.235294118	189.5625	382.625	402.0	153.142857143	171.3	225.157894737	313.5	316.5	236.105263158	147.3125	221.0	376.476190476	255.333333333	381.75	216.391304348	155.166666667	165.526315789	201.111111111	185.5	85.1	163.235294118	171.0	280.142857143	196.55	91.5454545455	114.153846154	121.125	137.75	207.8	249.0	320.0	94.6	101.0	488.0	234.4	178.833333333	289.0	84.4	122.0	153.647058824	168.833333333	117.666666667	107.875	133.857142857	87.3
alpha_rarefaction_6004_1.txt	6004	1	179.2	486.454545455	513.56097561	248.166666667	244.588235294	269.8	443.285714286	171.882352941	496.090909091	188.833333333	395.676470588	277.166666667	253.84	389.384615385	274.619047619	349.794117647	286.176470588	135.882352941	199.052631579	392.24	442.642857143	227.9375	350.228571429	162.0	273.166666667	431.12	421.025	158.142857143	347.0	292.714285714	184.5	299.375	487.692307692	562.977272727	262.107142857	207.4	321.153846154	269.75	229.2	483.0	396.6	179.5	331.307692308	364.775	167.0	137.0	298.3125	371.0	185.066666667	253.541666667	180.176470588	202.869565217	290.24137931	141.4	324.277777778	195.322580645	163.0	250.0	176.0	118.105263158	107.6	221.6	239.882352941	326.05	180.473684211	102.25	109.142857143	240.75	160.875	160.230769231	186.2	310.0	145.0	112.0	538.583333333	198.0	157.4	197.555555556	159.0	91.0	125.666666667	192.0	110.090909091	124.125	89.6	139.111111111
alpha_rarefaction_6004_2.txt	6004	2	200.230769231	386.5	452.256410256	288.214285714	221.666666667	246.0	421.382978723	210.588235294	368.947368421	166.555555556	380.571428571	287.05	235.0	350.785714286	228.666666667	493.2	198.6875	121.666666667	265.111111111	391.689655172	444.571428571	222.071428571	389.8125	228.666666667	237.130434783	386.303030303	453.121212121	268.5	300.4	247.166666667	221.076923077	326.954545455	511.459459459	498.12244898	242.25	212.071428571	231.0	267.714285714	239.44	445.121212121	296.882352941	225.4	361.538461538	462.807692308	218.75	152.666666667	229.44	312.84	217.157894737	200.5	185.214285714	282.6	333.857142857	199.090909091	328.026315789	279.4	173.434782609	209.55	271.1875	260.111111111	168.166666667	238.153846154	223.25	288.371428571	248.0	127.0	101.0	147.666666667	132.272727273	159.1	145.3125	299.076923077	105.0	120.375	593.870967742	201.84	177.5	216.666666667	107.25	143.0	172.066666667	141.714285714	87.5454545455	87.0	108.5	132.428571429
alpha_rarefaction_6004_3.txt	6004	3	199.125	423.578947368	389.895833333	225.666666667	239.235294118	261.833333333	565.083333333	206.0	429.0	209.714285714	417.666666667	224.965517241	252.037037037	322.045454545	273.8	417.115384615	266.769230769	148.4	163.75	359.0	477.428571429	272.6	396.794117647	129.375	271.058823529	506.545454545	365.571428571	203.4375	352.551724138	191.666666667	237.55	333.875	396.738095238	606.7	226.666666667	209.4	232.473684211	280.136363636	253.476190476	433.833333333	205.6875	188.5	294.717948718	433.28125	164.0	135.076923077	276.4	294.529411765	195.083333333	288.352941176	175.714285714	212.588235294	288.25	163.363636364	348.181818182	253.636363636	177.115384615	173.714285714	241.6	178.571428571	101.625	280.363636364	240.066666667	338.166666667	179.5625	198.0	165.2	89.25	172.5	222.666666667	232.25	208.032258065	99.0666666667	95.4285714286	534.285714286	216.565217391	197.333333333	217.4	155.111111111	105.363636364	138.1	145.6	95.5	93.0833333333	114.153846154	81.25
alpha_rarefaction_6004_4.txt	6004	4	167.230769231	407.6	571.028571429	341.214285714	192.714285714	253.352941176	510.046511628	135.3	492.2	213.052631579	451.5	234.65	323.0	333.303030303	266.555555556	365.785714286	282.0	131.625	157.136363636	378.076923077	516.617647059	173.368421053	416.5	168.0	294.052631579	400.129032258	335.0	299.75	319.375	170.714285714	237.625	268.028571429	443.0	527.071428571	248.6	176.434782609	239.071428571	261.894736842	361.666666667	445.774193548	294.3125	172.25	311.363636364	391.0	104.8	136.076923077	276.8	308.90625	248.428571429	333.25	245.333333333	257.714285714	303.607142857	136.375	365.0	213.25	181.5	168.714285714	173.105263158	208.363636364	129.0	241.0	269.1875	305.607142857	235.5	103.5	115.0	102.909090909	97.5	210.25	219.071428571	247.84	86.3333333333	98.1111111111	522.441176471	175.041666667	176.055555556	255.0625	115.0625	111.75	174.058823529	115.714285714	116.375	165.2	122.583333333	101.5
alpha_rarefaction_6004_5.txt	6004	5	236.153846154	371.372093023	547.090909091	174.285714286	192.166666667	242.473684211	531.75	211.588235294	433.28125	148.0	369.5	221.965517241	334.526315789	425.333333333	290.052631579	398.1	263.4	152.0	252.176470588	401.387096774	538.46875	244.214285714	398.081081081	181.5625	211.772727273	327.0	386.666666667	187.058823529	414.052631579	271.375	207.588235294	265.857142857	475.682926829	562.023809524	245.451612903	221.0	231.625	276.8	268.058823529	448.2	262.25	194.5	376.0	379.085714286	144.125	163.333333333	219.565217391	463.0	183.3	200.714285714	158.285714286	290.3125	292.34375	190.0	363.888888889	295.866666667	177.333333333	207.176470588	229.055555556	249.0	131.2	141.4	206.0	291.0	208.0	108.142857143	96.25	82.1	142.0	180.0	176.0	253.6	143.6	111.142857143	515.325	242.235294118	172.272727273	250.066666667	138.0	129.230769231	191.090909091	145.571428571	87.0	101.363636364	137.111111111	125.588235294
alpha_rarefaction_6004_6.txt	6004	6	192.071428571	452.088235294	391.185185185	279.058823529	216.882352941	238.8	503.775	187.5625	462.428571429	206.476190476	388.454545455	239.444444444	219.555555556	346.344827586	282.571428571	352.8	213.454545455	137.0	179.5	306.333333333	580.617647059	207.4375	359.794117647	182.0	206.032258065	377.24137931	436.78125	231.117647059	435.0	205.866666667	196.0	313.5	501.630434783	448.038461538	232.483870968	186.176470588	270.571428571	246.6	268.25	460.428571429	255.0625	284.363636364	390.285714286	384.153846154	97.625	156.1	260.0625	376.125	312.5	270.5	204.714285714	296.0	295.037037037	159.8125	351.724137931	219.285714286	174.652173913	259.615384615	226.2	191.0	91.6666666667	216.4	194.5	343.235294118	195.0	144.142857143	137.0	130.428571429	105.714285714	113.0625	168.5	250.043478261	104.071428571	91.5454545455	507.0	272.666666667	129.055555556	283.076923077	145.6	164.666666667	142.272727273	133.5	141.428571429	110.5	138.111111111	97.0
alpha_rarefaction_6004_7.txt	6004	7	181.4	436.933333333	410.8125	203.333333333	224.315789474	246.894736842	427.518518519	214.882352941	354.486486486	197.545454545	422.823529412	208.033333333	353.416666667	307.125	272.8	337.135135135	285.076923077	168.833333333	236.0	409.117647059	466.956521739	202.125	430.757575758	205.142857143	220.181818182	482.772727273	425.571428571	263.666666667	356.130434783	177.176470588	244.090909091	280.896551724	460.025	545.765957447	244.25	230.833333333	261.789473684	254.894736842	217.052631579	484.058823529	249.043478261	251.588235294	402.0	417.27027027	145.125	136.8125	270.8	294.833333333	182.833333333	224.636363636	242.111111111	212.882352941	254.161290323	195.666666667	352.5	245.5	157.5	188.2	186.12	120.0	104.2	123.5	177.041666667	384.272727273	247.166666667	100.875	124.125	135.5	181.857142857	183.769230769	192.25	316.285714286	128.1	105.153846154	488.666666667	162.666666667	196.071428571	206.772727273	143.0	156.111111111	233.090909091	234.666666667	82.875	114.615384615	123.9375	148.142857143
alpha_rarefaction_6004_8.txt	6004	8	182.571428571	359.894736842	448.139534884	248.375	243.1875	219.888888889	582.617647059	190.526315789	434.447368421	207.176470588	545.774193548	220.5	379.666666667	299.916666667	281.375	352.384615385	288.928571429	150.0	185.84	420.5	607.078947368	219.055555556	411.607142857	192.0	249.333333333	396.125	458.027777778	191.526315789	332.777777778	250.0	262.5	263.857142857	479.166666667	503.0	212.875	330.25	230.625	204.6	278.136363636	467.125	227.315789474	331.0	270.15	409.964285714	164.0	158.333333333	257.260869565	369.473684211	159.555555556	228.65	182.833333333	201.0	337.217391304	173.894736842	432.8	210.5	193.666666667	175.0	260.066666667	178.833333333	133.0	216.5	191.619047619	351.352941176	231.647058824	99.3636363636	109.6	102.0	125.111111111	282.428571429	182.214285714	279.25	95.625	95.3333333333	454.727272727	269.058823529	220.833333333	239.5	115.0625	129.272727273	139.3125	148.076923077	99.0	72.5454545455	185.0	94.0
alpha_rarefaction_6004_9.txt	6004	9	220.909090909	510.230769231	505.0	174.115384615	206.8	305.882352941	441.875	225.363636364	378.405405405	277.571428571	392.763157895	245.884615385	386.4	428.25	291.5	435.517241379	185.12	134.214285714	177.894736842	453.315789474	481.52173913	351.230769231	468.682926829	180.0	246.0	424.222222222	489.135135135	179.473684211	361.888888889	186.4	216.909090909	242.24137931	443.8	524.630434783	220.416666667	309.5	183.090909091	268.473684211	281.375	438.794117647	221.052631579	183.058823529	442.384615385	381.677419355	109.6	148.5	248.0	312.833333333	310.111111111	350.545454545	168.0	220.157894737	409.142857143	186.214285714	316.777777778	280.136363636	175.352941176	235.2	224.0	194.090909091	235.5	155.666666667	214.454545455	305.0	176.368421053	81.0833333333	108.333333333	111.333333333	217.5	116.769230769	215.545454545	254.0	116.5	140.125	484.0	212.176470588	293.625	238.055555556	152.3	135.545454545	139.75	122.5	77.0	86.0	110.111111111	137.428571429
alpha_rarefaction_7003_0.txt	7003	0	237.214285714	315.571428571	457.195652174	329.434782609	175.05	246.333333333	496.918367347	265.583333333	463.0	202.058823529	389.666666667	240.44	277.7	401.777777778	278.8	381.571428571	237.12	185.6	273.5	494.5	472.568181818	222.882352941	386.756756757	229.272727273	298.045454545	376.24137931	530.096774194	237.647058824	407.0	206.291666667	249.555555556	320.363636364	536.282608696	584.47826087	230.166666667	222.75	219.0	251.043478261	281.12	520.441176471	278.0	193.555555556	374.5	420.512195122	119.5	203.0	272.04	373.115384615	190.789473684	273.333333333	169.235294118	253.0	330.44	187.055555556	338.857142857	228.7	165.0	272.461538462	252.033333333	212.0	114.111111111	237.125	217.65	349.464285714	320.166666667	138.857142857	108.769230769	155.0	159.25	187.5	238.461538462	372.5	119.176470588	187.625	486.442307692	223.0	314.090909091	209.5	158.769230769	211.0	184.0	226.272727273	102.0	137.428571429	145.428571429	103.1
alpha_rarefaction_7003_1.txt	7003	1	207.588235294	403.4	473.622222222	253.636363636	222.052631579	196.483870968	502.23255814	218.25	416.512195122	231.647058824	434.488372093	266.954545455	391.681818182	301.0	287.142857143	480.777777778	232.157894737	154.076923077	233.9375	460.107142857	437.52	263.058823529	456.636363636	141.5	247.647058824	414.5625	448.025641026	211.555555556	319.375	234.526315789	207.176470588	348.833333333	581.0	574.170212766	261.625	245.769230769	291.0	253.333333333	352.5	528.783783784	476.0	245.0	347.53125	498.344827586	107.111111111	147.076923077	215.2	286.785714286	208.65	247.55	169.5	226.142857143	331.222222222	198.058823529	409.935483871	265.730769231	155.357142857	213.714285714	255.285714286	242.090909091	98.5	253.615384615	207.44	253.454545455	214.217391304	118.666666667	126.0	120.8	125.0	171.153846154	238.75	276.25	145.909090909	119.6	490.022222222	205.555555556	206.714285714	267.555555556	156.909090909	152.1	187.769230769	174.0	83.0833333333	111.0	147.0	104.076923077
alpha_rarefaction_7003_2.txt	7003	2	271.230769231	362.303030303	565.0	322.166666667	222.882352941	343.5	555.022222222	189.619047619	493.527777778	159.260869565	487.941176471	291.526315789	373.0	369.538461538	258.9	501.09375	203.0	161.066666667	406.0	375.567567568	475.236842105	270.461538462	441.441176471	425.166666667	213.555555556	400.763157895	467.538461538	224.5	377.037037037	218.285714286	257.352941176	363.888888889	611.181818182	533.684210526	244.65625	239.5	256.176470588	299.333333333	311.956521739	374.552631579	334.235294118	247.0	356.076923077	500.823529412	98.0	134.230769231	209.076923077	364.888888889	284.176470588	249.214285714	289.0	221.217391304	360.464285714	206.866666667	397.666666667	278.5	173.260869565	226.052631579	249.285714286	194.5	144.428571429	149.260869565	205.555555556	276.676470588	271.166666667	115.090909091	100.076923077	96.5	115.714285714	157.0	188.833333333	273.615384615	107.176470588	100.071428571	498.348837209	236.55	199.5	207.391304348	119.666666667	111.714285714	146.0	199.083333333	82.0833333333	121.8	104.071428571	172.142857143
alpha_rarefaction_7003_3.txt	7003	3	186.9	447.486486486	485.446808511	242.5	256.894736842	254.894736842	517.12244898	231.3125	507.965517241	222.25	601.730769231	212.028571429	283.75	294.0	290.052631579	437.575	262.730769231	128.052631579	167.476190476	386.375	537.595744681	238.625	421.363636364	241.0	229.772727273	507.44	406.738095238	271.1875	321.375	273.0	220.5	275.028571429	462.0	669.947368421	294.615384615	243.0	229.117647059	263.307692308	232.181818182	416.0	383.5	241.071428571	505.84	419.333333333	191.25	153.909090909	366.055555556	402.260869565	235.647058824	218.5	188.384615385	293.866666667	295.885714286	192.214285714	349.333333333	247.125	230.3125	189.913043478	232.5	177.25	116.166666667	175.25	256.541666667	365.807692308	221.772727273	118.0	101.0	229.333333333	148.230769231	197.428571429	179.5625	304.5	147.125	157.0	545.886363636	263.0	195.0	247.545454545	114.333333333	170.0	167.0	188.857142857	96.1111111111	97.5454545455	140.909090909	112.6
alpha_rarefaction_7003_4.txt	7003	4	277.4	499.571428571	490.115384615	257.772727273	214.0	359.0	628.157894737	254.75	496.517241379	230.333333333	482.428571429	261.541666667	303.666666667	367.551724138	281.5	482.193548387	193.115384615	157.4	201.875	396.0	643.0	258.3	371.918367347	200.230769231	216.052631579	400.609756098	462.029411765	254.352941176	391.0	417.0	253.333333333	291.78125	497.625	611.263157895	249.0	238.647058824	223.75	298.75	268.260869565	473.4	359.5625	241.071428571	348.558823529	459.875	125.666666667	147.6	324.05	322.884615385	209.55	204.0	205.8	350.25	340.454545455	169.5	422.2	216.0	242.0	194.2	263.894736842	225.909090909	130.142857143	248.615384615	220.0	338.444444444	316.090909091	168.166666667	106.909090909	91.0	134.5	141.4	214.428571429	251.444444444	129.230769231	90.625	532.11627907	273.058823529	207.428571429	373.4	121.666666667	109.25	165.769230769	167.928571429	157.0	107.769230769	132.666666667	149.3
alpha_rarefaction_7003_5.txt	7003	5	275.214285714	400.527777778	460.018181818	254.882352941	190.217391304	206.0	486.12244898	364.333333333	362.428571429	211.730769231	462.027777778	212.107142857	251.176470588	359.428571429	217.565217391	456.428571429	238.0	137.3125	197.55	387.028571429	542.736842105	243.476190476	389.255319149	188.769230769	267.2	409.21875	348.651162791	279.545454545	316.677419355	215.352941176	268.0625	319.034482759	596.026315789	603.255319149	287.5	224.0	230.230769231	274.260869565	312.565217391	471.5	260.352941176	200.545454545	329.621621622	433.763157895	137.428571429	147.4375	387.5	456.285714286	198.555555556	290.75	197.0	358.176470588	304.181818182	194.6875	386.666666667	252.689655172	170.041666667	218.666666667	352.5	205.8125	117.333333333	210.428571429	203.37037037	344.0	279.5	141.3	117.5	93.5	163.666666667	217.111111111	167.2	310.375	108.214285714	138.111111111	555.5	224.037037037	188.571428571	280.055555556	121.1875	94.9375	164.0	152.4375	102.0	219.75	131.1	161.25
alpha_rarefaction_7003_6.txt	7003	6	176.333333333	438.885714286	535.25	287.4	211.666666667	278.526315789	477.448979592	204.0	437.052631579	213.565217391	430.028571429	248.230769231	311.869565217	414.25	231.772727273	456.40625	255.555555556	144.0	294.0	366.588235294	492.75	237.3125	430.162162162	170.352941176	361.176470588	337.0	436.025641026	417.0	370.0	306.5	183.25	378.125	492.568181818	623.458333333	275.1	238.9375	297.076923077	248.0	312.954545455	668.666666667	269.25	220.157894737	377.96875	465.416666667	202.142857143	114.2	312.555555556	331.714285714	338.090909091	174.37037037	205.4	203.576923077	363.444444444	206.125	424.117647059	234.7	184.636363636	178.041666667	220.64	190.526315789	101.428571429	242.6	251.882352941	297.903225806	199.545454545	107.714285714	105.833333333	103.25	141.6	137.583333333	198.875	319.05	103.0	130.666666667	718.285714286	355.5	159.714285714	240.647058824	107.8	126.75	207.0	157.230769231	109.25	99.0	143.6	150.375
alpha_rarefaction_7003_7.txt	7003	7	159.75	429.162162162	488.5	195.625	197.035714286	215.25	541.783783784	238.0	448.181818182	276.1875	450.052631579	242.774193548	301.565217391	310.0	219.285714286	476.25	296.391304348	170.066666667	171.0	405.9375	396.178571429	258.75	382.5	204.714285714	233.37037037	487.096774194	460.636363636	217.588235294	319.277777778	297.0	186.352941176	318.7	560.085714286	609.976744186	296.125	243.071428571	313.117647059	361.176470588	229.913043478	461.146341463	296.714285714	239.105263158	329.441176471	439.571428571	131.583333333	139.076923077	288.0	344.533333333	287.0	205.869565217	251.1	215.8	291.0	200.5	380.405405405	252.620689655	180.681818182	205.25	214.777777778	210.083333333	101.5	180.066666667	182.714285714	311.0	180.0	112.333333333	115.5	128.0	157.25	175.153846154	204.5	303.315789474	144.5	132.666666667	688.0	263.75	212.25	315.8125	153.363636364	156.545454545	222.2	362.2	120.375	126.0	144.363636364	102.5
alpha_rarefaction_7003_8.txt	7003	8	239.555555556	448.216216216	442.307692308	255.5	211.55	375.363636364	601.157894737	257.153846154	409.428571429	308.333333333	540.275862069	230.5	254.25	314.763157895	218.115384615	397.454545455	241.789473684	141.714285714	200.555555556	448.037037037	511.222222222	273.05	457.228571429	221.230769231	392.545454545	416.533333333	400.125	306.4	315.206896552	217.588235294	205.058823529	282.0	485.857142857	505.157894737	230.517241379	208.5	253.75	276.454545455	301.12	475.677419355	282.142857143	199.555555556	362.216216216	448.0	159.111111111	124.176470588	338.882352941	272.833333333	234.055555556	227.235294118	250.153846154	202.666666667	295.527777778	158.235294118	435.129032258	289.375	176.260869565	251.0	283.916666667	171.571428571	183.2	205.4375	260.75	348.44	191.217391304	114.6	140.857142857	98.3636363636	106.6	185.875	184.928571429	229.052631579	92.0	131.0	478.595744681	230.772727273	221.666666667	254.153846154	141.5	127.769230769	239.428571429	168.153846154	89.0	113.272727273	112.272727273	201.0
alpha_rarefaction_7003_9.txt	7003	9	203.0	384.775510204	415.272727273	197.5	202.555555556	243.055555556	446.773584906	233.0	474.65625	314.230769231	424.575	216.545454545	283.0	338.607142857	285.4	467.676470588	207.136363636	187.090909091	221.157894737	418.038461538	478.642857143	225.047619048	389.88372093	251.125	251.473684211	377.236842105	473.333333333	267.058823529	438.65	189.115384615	228.333333333	307.344827586	565.27027027	560.47826087	235.029411765	238.25	256.181818182	279.058823529	312.285714286	530.0	313.666666667	274.058823529	393.090909091	377.947368421	125.0	126.055555556	299.055555556	365.483870968	179.894736842	209.0	184.214285714	348.571428571	325.483870968	195.714285714	356.533333333	223.25	172.222222222	267.176470588	202.5	183.2	102.363636364	173.5625	252.0	341.538461538	185.473684211	118.75	138.111111111	186.428571429	147.0	194.230769231	201.0	273.615384615	114.333333333	152.1	508.837209302	223.217391304	186.571428571	251.555555556	123.0	131.047619048	164.75	295.857142857	123.0	103.5	96.1428571429	113.75
alpha_rarefaction_8002_0.txt	8002	0	270.571428571	464.923076923	580.88372093	240.0	254.55	325.117647059	473.545454545	225.235294118	487.617647059	220.666666667	424.0	318.15	375.714285714	429.0	293.75	442.348837209	290.714285714	145.235294118	295.0	459.363636364	519.136363636	294.588235294	426.941176471	213.071428571	262.588235294	467.363636364	445.534883721	336.928571429	370.130434783	267.2	261.0	368.433333333	603.090909091	598.557692308	252.157894737	241.5	259.166666667	318.476190476	284.111111111	454.575	338.045454545	271.789473684	487.0	446.405405405	145.8125	173.833333333	321.142857143	365.277777778	194.6	312.25	323.066666667	270.2	362.277777778	179.461538462	354.441860465	290.772727273	190.3	235.0	280.04	182.055555556	120.0	178.461538462	249.473684211	338.217391304	303.75	140.111111111	176.5	134.583333333	192.428571429	171.5	179.368421053	300.666666667	105.473684211	173.666666667	593.333333333	283.333333333	186.176470588	237.375	202.875	131.9375	234.6	173.666666667	103.909090909	111.0	125.8	116.75
alpha_rarefaction_8002_1.txt	8002	1	268.230769231	488.066666667	490.25	265.130434783	286.571428571	259.714285714	511.519230769	222.285714286	494.135135135	223.285714286	475.066666667	255.75	468.0625	350.5	341.588235294	464.529411765	336.434782609	155.0	212.4375	426.277777778	561.023809524	281.375	455.65	157.8125	245.647058824	469.384615385	486.0	229.235294118	354.486486486	219.25	232.3125	360.038461538	542.222222222	540.0	253.303030303	231.55	284.176470588	256.71875	236.483870968	531.0	341.0	248.636363636	419.162162162	435.162162162	236.857142857	146.545454545	239.65625	336.090909091	186.954545455	315.555555556	259.714285714	206.526315789	366.193548387	281.214285714	389.405405405	244.964285714	183.344827586	225.954545455	285.136363636	215.25	102.909090909	219.0	219.64	315.7	227.55	116.090909091	155.142857143	119.0	119.058823529	233.5	197.571428571	328.037037037	140.1	143.6	555.5	238.0	153.526315789	272.555555556	131.0	161.111111111	239.214285714	188.6	116.5	123.5	153.75	103.909090909
alpha_rarefaction_8002_2.txt	8002	2	236.545454545	476.512195122	485.055555556	250.5	268.473684211	321.5	577.92	269.142857143	404.386363636	276.1875	537.052631579	229.0	425.8	417.115384615	329.166666667	436.0	251.066666667	166.769230769	183.666666667	400.285714286	481.788461538	327.875	423.875	182.3	306.588235294	568.555555556	493.529411765	244.5	476.105263158	285.0	288.625	357.5	516.22	573.615384615	278.527777778	213.65	182.368421053	344.647058824	387.555555556	452.642857143	359.461538462	196.166666667	365.170731707	500.228571429	158.909090909	112.105263158	377.666666667	480.333333333	249.0	305.0	215.476190476	244.0	335.416666667	230.071428571	404.027027027	235.0	195.166666667	217.375	292.5	260.75	202.0	222.0	320.833333333	350.0	206.058823529	96.0	146.428571429	116.333333333	132.1	258.272727273	190.214285714	282.088235294	113.545454545	116.333333333	557.0	347.066666667	237.105263158	329.066666667	147.076923077	192.5	221.909090909	179.5625	130.666666667	105.230769231	170.625	173.142857143
alpha_rarefaction_8002_3.txt	8002	3	198.875	487.15	574.731707317	334.555555556	218.0	232.0	588.8	261.352941176	405.609756098	224.5	483.1	248.888888889	340.5	416.434782609	276.652173913	503.675675676	264.894736842	173.928571429	245.071428571	423.551724138	539.018518519	220.052631579	422.097560976	236.75	309.882352941	395.0	402.857142857	383.0	481.0	423.0	226.0	355.724137931	609.30952381	581.113207547	277.870967742	265.833333333	250.9	286.772727273	306.352941176	383.318181818	251.625	308.75	370.785714286	497.6	174.1	150.4	329.913043478	334.12	203.714285714	237.230769231	166.807692308	236.125	338.322580645	198.058823529	412.583333333	266.689655172	174.05	359.461538462	310.576923077	161.526315789	140.857142857	219.214285714	259.0	340.5	226.25	137.428571429	144.0	143.6	112.545454545	282.142857143	188.105263158	365.214285714	160.1	95.0833333333	514.103448276	351.055555556	223.666666667	275.142857143	165.0	105.588235294	181.789473684	185.0	120.0	108.0625	107.176470588	121.333333333
alpha_rarefaction_8002_4.txt	8002	4	223.647058824	406.222222222	459.882352941	294.565217391	314.25	214.777777778	512.566037736	287.571428571	624.535714286	261.0	519.026315789	248.615384615	289.516129032	481.791666667	243.615384615	409.538461538	297.5	156.555555556	228.3125	437.176470588	589.902439024	228.047619048	473.0	193.875	255.473684211	433.5	541.7	275.0	330.607142857	226.0	202.391304348	350.25	554.733333333	593.49122807	279.5	244.647058824	236.5	298.565217391	277.625	518.303030303	485.1	282.230769231	360.487179487	396.219512195	156.375	170.090909091	284.916666667	357.615384615	278.0	265.0625	205.125	275.0625	330.363636364	198.0	465.5	270.757575758	240.0	226.882352941	297.714285714	213.052631579	131.0	183.045454545	205.55	286.833333333	178.933333333	106.545454545	229.857142857	162.0	146.0	184.571428571	195.0	280.615384615	112.066666667	110.0	586.27027027	304.928571429	205.0	215.5	129.75	104.2	189.0	151.4375	115.5	133.1	138.545454545	122.0
alpha_rarefaction_8002_5.txt	8002	5	192.714285714	439.733333333	552.487179487	326.096774194	196.217391304	303.052631579	559.25	185.25	441.885714286	234.666666667	502.0	265.333333333	318.228571429	338.222222222	296.866666667	451.384615385	318.8125	183.3	289.866666667	413.5625	595.125	288.058823529	414.790697674	221.0	368.5625	412.620689655	539.0	281.0	385.368421053	233.55	191.473684211	393.357142857	528.56	634.666666667	258.451612903	231.214285714	228.526315789	233.285714286	274.5	463.65	341.105263158	282.4	403.533333333	503.323529412	147.6	123.666666667	377.0	330.5	310.4	254.777777778	240.625	211.44	349.117647059	204.769230769	347.022727273	211.885714286	227.75	210.545454545	270.0	195.0	115.25	222.3125	255.894736842	350.107142857	249.285714286	99.0769230769	111.2	140.6	159.25	207.909090909	173.235294118	287.0	141.545454545	148.0	519.411764706	247.789473684	155.043478261	301.352941176	130.153846154	131.461538462	154.666666667	196.0	106.25	84.5	150.0	149.375
alpha_rarefaction_8002_6.txt	8002	6	249.833333333	452.75	507.875	299.352941176	332.875	281.545454545	594.558139535	283.058823529	423.243902439	238.130434783	491.341463415	260.0625	338.291666667	485.032258065	440.0	475.371428571	228.64	160.5	183.913043478	436.516129032	545.957446809	296.052631579	421.583333333	193.5	300.5	459.783783784	434.62	340.882352941	357.64	273.058823529	220.65	413.9	452.887096774	563.385964912	321.791666667	272.0	302.333333333	306.5	342.5	487.682926829	327.913043478	301.666666667	386.583333333	382.0	172.090909091	192.625	332.047619048	408.607142857	335.090909091	239.75	221.052631579	245.8	340.027777778	227.55	342.692307692	237.1875	232.666666667	290.866666667	315.05	278.583333333	112.0	184.142857143	259.636363636	360.130434783	199.714285714	105.769230769	154.142857143	103.833333333	121.75	235.333333333	210.555555556	268.4375	112.461538462	153.75	561.019607843	319.25	214.076923077	379.058823529	165.714285714	141.8125	221.076923077	171.066666667	141.857142857	131.0	113.5	135.3125
alpha_rarefaction_8002_7.txt	8002	7	188.153846154	566.689655172	477.636363636	264.777777778	319.272727273	275.714285714	539.56	222.0	566.125	243.142857143	453.024390244	256.6	316.0	375.447368421	317.2	503.046511628	298.5	121.166666667	304.571428571	420.387096774	558.625	359.5	458.575	180.176470588	297.9375	439.555555556	508.45	244.0	351.325	246.4	225.5	334.193548387	593.157894737	624.32	262.2	247.235294118	269.5	345.105263158	307.307692308	420.666666667	319.8125	306.5	374.756756757	558.523809524	268.25	135.75	378.875	330.135135135	318.166666667	287.4	236.833333333	251.0	337.6	227.666666667	446.517241379	231.09375	214.4375	185.454545455	343.3	242.75	114.272727273	197.875	238.315789474	334.344827586	234.0	106.461538462	141.909090909	107.428571429	120.769230769	236.6	168.476190476	260.6	119.0625	115.4	586.666666667	232.666666667	214.0	241.55	121.0625	155.375	153.0	188.090909091	162.0	143.111111111	132.230769231	106.5
alpha_rarefaction_8002_8.txt	8002	8	253.166666667	467.923076923	536.279069767	290.75	208.535714286	365.8	518.333333333	243.5	617.451612903	216.8	476.416666667	278.615384615	302.607142857	409.5	395.176470588	414.256410256	231.666666667	151.714285714	208.65	487.033333333	501.571428571	294.928571429	392.326086957	194.5	330.526315789	482.44	454.243902439	233.526315789	373.8125	249.894736842	186.0	337.0	571.4	621.333333333	263.125	204.0	247.55	312.052631579	326.315789474	478.025	237.038461538	215.181818182	412.558823529	522.0	134.230769231	240.1	299.5	346.59375	257.0625	371.076923077	235.105263158	235.785714286	328.578947368	234.230769231	362.022222222	294.24	200.666666667	214.555555556	231.954545455	162.384615385	147.428571429	154.315789474	268.181818182	417.875	223.12	98.0769230769	117.272727273	165.2	143.75	245.0	221.428571429	288.34375	163.333333333	109.0	526.021276596	236.2	277.6	348.066666667	171.0	164.25	211.25	196.866666667	137.5	121.090909091	163.875	147.0
alpha_rarefaction_8002_9.txt	8002	9	209.55	389.571428571	569.25	231.2	228.055555556	264.772727273	552.708333333	243.647058824	467.757575758	300.588235294	551.0	274.5	316.869565217	384.588235294	231.444444444	512.096774194	279.8	150.5	240.25	378.322580645	532.357142857	224.954545455	437.166666667	239.333333333	264.130434783	548.666666667	439.886363636	251.476190476	417.222222222	286.565217391	223.285714286	377.6	524.5	553.775862069	253.076923077	293.75	227.5	235.965517241	320.235294118	545.583333333	311.8	312.272727273	375.88372093	536.0	156.0	140.928571429	265.941176471	358.5	292.0	294.3	259.0	261.0	291.153846154	207.461538462	432.78125	256.137931034	165.333333333	193.875	259.464285714	209.230769231	144.125	252.0	312.0	380.136363636	194.111111111	107.545454545	128.0	125.0	156.75	187.153846154	169.5	304.0	117.545454545	141.6	583.6875	253.25	205.0	263.3	190.857142857	156.363636364	194.461538462	164.6875	86.0	93.0769230769	160.111111111	117.25
alpha_rarefaction_9001_0.txt	9001	0	232.789473684	478.023255814	612.6	308.0	242.0	343.0	603.549019608	236.0	533.394736842	335.875	535.170731707	287.625	320.103448276	383.37037037	382.454545455	455.523809524	267.714285714	157.117647059	226.5	534.576923077	501.6	313.0	479.957446809	221.0	286.217391304	525.181818182	486.108695652	238.916666667	384.84	268.0	203.565217391	324.588235294	568.162790698	599.789473684	274.27027027	277.105263158	219.833333333	311.103448276	288.035714286	559.085714286	281.965517241	275.454545455	486.941176471	557.181818182	126.666666667	124.0	349.857142857	364.090909091	256.0	250.137931034	180.681818182	380.0	362.894736842	223.833333333	399.902439024	292.5	205.555555556	250.043478261	269.076923077	215.4375	131.1	202.206896552	282.772727273	380.076923077	259.043478261	134.0	103.111111111	134.333333333	151.0	121.307692308	336.6	331.884615385	134.4	107.25	633.382978723	317.956521739	281.75	377.875	123.714285714	112.142857143	210.25	284.875	106.0	107.909090909	137.583333333	120.058823529
alpha_rarefaction_9001_1.txt	9001	1	219.055555556	446.882352941	537.333333333	234.24137931	239.12	356.066666667	537.444444444	242.12	546.447368421	236.545454545	502.45	262.037037037	401.607142857	443.517241379	333.038461538	625.5	367.473684211	158.473684211	266.714285714	412.090909091	560.0	257.476190476	434.886792453	253.75	355.066666667	432.5	432.382978723	291.625	368.53125	359.352941176	298.0	360.5	627.0	586.593220339	255.256410256	225.052631579	299.0	290.75	279.636363636	579.219512195	321.0	217.181818182	369.894736842	523.837837838	196.428571429	159.066666667	352.142857143	369.724137931	221.55	230.666666667	269.333333333	283.25	324.394736842	214.4	448.885714286	302.217391304	186.0	220.076923077	302.5	196.0	136.0	263.0625	284.136363636	359.433333333	266.714285714	86.0714285714	150.1	181.857142857	137.833333333	157.285714286	219.545454545	266.857142857	117.428571429	142.111111111	615.9	290.4	219.25	296.5	142.75	175.615384615	219.8	254.5	164.5	106.0	158.769230769	120.272727273
alpha_rarefaction_9001_2.txt	9001	2	204.8	453.0	567.381818182	254.625	224.64	301.0	542.928571429	255.0	549.090909091	294.176470588	457.489795918	247.903225806	324.117647059	391.275862069	343.105263158	498.692307692	287.913043478	140.625	282.619047619	409.583333333	596.857142857	372.875	439.75	261.583333333	284.1875	399.125	460.733333333	240.8	451.384615385	278.4	321.315789474	348.032258065	588.125	571.23880597	299.724137931	198.3	252.636363636	305.84	288.0	528.527777778	348.882352941	292.176470588	359.078947368	477.923076923	138.5	183.3	313.636363636	454.206896552	260.166666667	312.75	212.4375	247.84	365.894736842	243.071428571	358.0	262.40625	232.75	255.55	290.4	202.125	96.0	202.0	220.25	396.041666667	218.714285714	123.8	111.0	142.111111111	193.545454545	180.636363636	254.1875	329.032258065	135.0	141.111111111	520.078431373	302.9375	215.083333333	270.333333333	131.5	208.8	132.315789474	241.8	130.125	114.428571429	164.833333333	150.363636364
alpha_rarefaction_9001_3.txt	9001	3	200.0	509.487179487	699.512195122	361.333333333	217.357142857	218.206896552	590.918367347	230.157894737	528.763157895	231.047619048	538.357142857	295.652173913	328.12	397.7	296.4	447.659574468	305.0	141.115384615	255.882352941	405.085714286	555.272727273	297.0	500.857142857	212.235294118	245.434782609	555.028571429	525.902439024	305.75	351.59375	286.217391304	350.2	355.7	587.549019608	630.054545455	259.078947368	289.058823529	238.137931034	358.5	274.714285714	509.651162791	367.894736842	257.0	474.676470588	492.0	168.25	258.375	296.0	453.166666667	253.714285714	246.5	231.038461538	314.882352941	372.193548387	216.588235294	392.130434783	248.181818182	228.047619048	264.588235294	353.473684211	224.157894737	142.0	232.666666667	286.1875	406.34375	293.866666667	144.6	127.9375	130.666666667	125.625	232.272727273	231.0	316.5	164.0	119.153846154	567.381818182	243.2	239.461538462	278.714285714	153.2	170.272727273	204.4	303.1	101.076923077	132.125	131.0	120.071428571
alpha_rarefaction_9001_4.txt	9001	4	228.44	469.139534884	529.066666667	332.647058824	276.0	254.84	557.137931034	295.352941176	520.731707317	227.882352941	486.083333333	275.107142857	325.96875	405.375	303.076923077	544.677419355	265.884615385	203.0	242.0	455.428571429	496.595744681	258.55	478.025	145.047619048	383.714285714	500.076923077	458.47826087	302.052631579	470.64	319.0	267.333333333	304.78125	589.553191489	631.396226415	303.517241379	254.882352941	268.5	380.5625	295.730769231	577.238095238	262.0	324.125	443.153846154	373.765957447	127.058823529	180.4	298.037037037	352.885714286	273.916666667	244.130434783	201.333333333	266.894736842	386.896551724	219.0	359.317073171	303.0	197.565217391	254.071428571	269.275862069	250.090909091	115.333333333	204.125	265.5	377.4	247.105263158	191.428571429	154.1	146.0	164.0	152.526315789	316.272727273	313.483870968	125.052631579	128.571428571	575.5	282.058823529	217.588235294	266.3	126.4	106.375	213.0	203.076923077	140.5	137.272727273	177.666666667	116.75
alpha_rarefaction_9001_5.txt	9001	5	229.3125	437.166666667	529.45	444.235294118	268.333333333	339.136363636	606.038461538	279.166666667	500.775	302.0	467.575	244.3125	350.5	376.037037037	245.25	482.692307692	373.105263158	181.3	273.666666667	453.0	589.642857143	238.260869565	525.578947368	265.461538462	285.538461538	476.108108108	497.522727273	288.625	340.526315789	189.0	270.0	410.285714286	531.56	603.555555556	291.25	352.769230769	307.882352941	267.464285714	383.6875	451.073170732	319.142857143	270.555555556	412.90625	468.216216216	166.25	143.0	275.076923077	305.294117647	362.055555556	242.12	215.285714286	281.526315789	372.083333333	219.0	487.033333333	323.476190476	186.0	279.0625	255.576923077	267.666666667	129.111111111	210.64	260.0	343.6	208.12	126.583333333	189.625	124.0	153.3	228.230769231	211.4	285.7	137.230769231	195.166666667	583.22	250.545454545	160.3	284.217391304	143.4	139.214285714	226.117647059	219.6	113.111111111	127.0	185.857142857	160.0
alpha_rarefaction_9001_6.txt	9001	6	252.166666667	498.341463415	561.818181818	319.25	253.476190476	273.7	609.603448276	234.3125	460.052631579	267.176470588	535.783783784	249.2	358.44	462.757575758	300.103448276	451.525	235.652173913	152.928571429	236.666666667	427.387096774	534.7	674.142857143	452.025641026	155.125	345.0	511.09375	544.325	235.37037037	409.9375	243.260869565	248.625	356.181818182	592.903846154	610.368421053	282.363636364	272.555555556	237.8	282.25	326.681818182	681.243243243	317.954545455	267.0	489.848484848	446.20754717	102.647058824	173.0	396.315789474	334.7	258.130434783	273.434782609	202.84	291.315789474	342.833333333	244.235294118	371.634146341	278.107142857	190.416666667	328.117647059	250.84	182.894736842	147.0	255.0	337.571428571	349.193548387	237.235294118	110.75	114.428571429	104.5	167.833333333	195.052631579	304.0	290.774193548	124.615384615	130.090909091	604.142857143	391.125	280.4	323.681818182	138.0	117.333333333	181.055555556	197.866666667	149.428571429	93.4285714286	185.333333333	197.875
alpha_rarefaction_9001_7.txt	9001	7	198.391304348	440.882352941	588.22	342.434782609	228.047619048	358.666666667	565.204081633	272.071428571	562.028571429	314.4	531.212765957	261.40625	376.84	441.24	289.538461538	551.0	271.0	178.066666667	283.526315789	441.724137931	592.903846154	234.047619048	530.243243243	340.1	364.0	498.193548387	475.348837209	274.894736842	411.823529412	306.25	227.047619048	359.5	579.523809524	619.081967213	264.076923077	390.545454545	263.473684211	297.714285714	315.555555556	474.75	324.454545455	284.0	450.384615385	474.522727273	157.066666667	148.666666667	366.368421053	383.153846154	262.0	286.0	238.9375	278.555555556	327.029411765	271.769230769	371.659574468	254.615384615	231.25	228.588235294	279.7	238.066666667	167.0	175.041666667	226.565217391	316.677419355	195.434782609	89.7142857143	157.0	149.3	248.111111111	235.769230769	240.2	298.9375	127.5	130.0	581.734693878	315.882352941	244.0	267.954545455	165.769230769	127.0	181.5	181.571428571	106.8	94.0769230769	132.461538462	115.25
alpha_rarefaction_9001_8.txt	9001	8	242.882352941	583.027777778	502.765957447	292.615384615	254.625	308.12	594.12244898	254.894736842	427.0	241.0	519.071428571	242.0	379.75	512.964285714	320.235294118	474.2	212.391304348	150.666666667	233.666666667	391.738095238	549.654545455	306.0	449.87755102	234.25	345.066666667	462.486486486	576.0	260.043478261	422.0	331.769230769	221.666666667	363.833333333	622.857142857	595.542372881	298.0	246.5	245.0	305.0	336.05	472.069767442	281.857142857	280.526315789	396.609756098	439.108695652	151.0	133.0	247.875	454.230769231	268.181818182	268.333333333	295.9375	311.0	399.451612903	220.588235294	342.06	264.137931034	224.0	282.666666667	343.260869565	181.954545455	98.0833333333	179.894736842	296.5	306.757575758	209.136363636	112.2	130.583333333	106.0	137.833333333	273.076923077	563.5	247.483870968	150.6	122.0	628.8	279.181818182	255.714285714	285.05	126.052631579	130.0	167.882352941	217.909090909	165.0	124.153846154	149.363636364	145.0
alpha_rarefaction_9001_9.txt	9001	9	167.0	490.857142857	545.038461538	394.4375	251.047619048	315.75	477.044117647	270.4	448.3	275.2	533.108108108	262.884615385	446.807692308	399.028571429	388.526315789	420.568181818	304.3	148.130434783	214.8	506.181818182	513.017241379	221.2	525.675675676	163.105263158	293.4	515.823529412	554.763157895	261.130434783	394.0	231.903225806	266.0	325.21875	581.5	570.915254237	270.033333333	315.4	314.4	351.260869565	308.0	486.5	338.0	199.142857143	405.763157895	474.025	184.083333333	212.909090909	398.045454545	360.027777778	299.3	297.055555556	200.555555556	296.6	351.243243243	199.0	437.028571429	299.037037037	233.315789474	293.0	266.037037037	184.75	153.0	193.0	284.333333333	317.034482759	219.64	103.076923077	141.0	197.0	145.0	180.214285714	245.071428571	271.333333333	100.666666667	106.071428571	591.346938776	250.884615385	197.555555556	336.875	205.0	125.666666667	185.833333333	174.176470588	108.0	118.153846154	116.4	146.6
alpha_rarefaction_10000_0.txt	10000	0	309.647058824	464.807692308	565.0	347.15	278.652173913	283.625	584.142857143	295.315789474	492.097560976	257.0	524.466666667	266.40625	343.285714286	522.75	259.058823529	592.558139535	431.2	173.352941176	257.0	488.941176471	605.591836735	257.476190476	568.5	224.526315789	281.541666667	452.083333333	486.170212766	282.166666667	379.692307692	263.476190476	213.545454545	381.483870968	657.958333333	661.333333333	268.5	252.444444444	304.882352941	321.44	297.136363636	559.571428571	444.315789474	268.105263158	375.918367347	436.75	140.866666667	164.571428571	289.916666667	486.322580645	276.714285714	310.15	250.25	290.166666667	351.923076923	287.6	427.512195122	267.033333333	225.791666667	242.652173913	412.555555556	324.153846154	136.5	187.954545455	282.142857143	368.03030303	239.65	154.1	122.071428571	167.875	213.909090909	239.769230769	227.055555556	335.857142857	149.571428571	101.076923077	588.109090909	359.0	186.5	314.15	131.5	147.076923077	236.0	177.066666667	154.75	88.25	156.75	209.0
alpha_rarefaction_10000_1.txt	10000	1	284.9375	489.12244898	644.0	308.869565217	282.0625	302.206896552	527.406779661	426.0	549.216216216	243.44	466.448979592	294.035714286	327.833333333	413.848484848	265.387096774	439.75	298.05	168.5	221.476190476	478.139534884	598.113207547	361.454545455	504.875	218.235294118	262.6	452.5	561.783783784	257.541666667	413.607142857	258.0	229.5	394.15625	496.904761905	623.8	275.0	323.157894737	336.235294118	264.848484848	303.0	565.0	383.954545455	237.666666667	404.8	525.9	120.714285714	178.571428571	386.833333333	404.027027027	222.0	281.652173913	246.142857143	353.588235294	372.894736842	401.8	406.133333333	278.84375	227.181818182	246.0	258.666666667	224.772727273	120.5	234.9375	308.714285714	367.8125	304.045454545	144.75	138.272727273	151.0	159.461538462	150.555555556	210.25	286.676470588	158.0	178.666666667	582.555555556	276.772727273	217.230769231	299.4	152.166666667	188.6	180.333333333	250.75	139.0	173.0	124.058823529	132.583333333
alpha_rarefaction_10000_2.txt	10000	2	222.142857143	520.630434783	589.0	307.84	288.142857143	262.576923077	581.482142857	232.444444444	471.956521739	239.636363636	516.885714286	282.896551724	330.090909091	364.857142857	276.75	511.902439024	312.0	173.352941176	270.833333333	419.0	481.660377358	310.333333333	472.139534884	296.545454545	371.894736842	483.023255814	456.534883721	364.333333333	398.028571429	242.5	251.75	391.303030303	740.636363636	681.566037736	349.64	268.368421053	276.772727273	293.166666667	298.517241379	531.534883721	284.04	301.4	425.365853659	468.0	154.909090909	121.058823529	267.8	399.0	338.875	268.5	233.047619048	297.0	374.552631579	190.894736842	437.025641026	288.7	241.65	277.714285714	286.75	207.291666667	146.6	221.217391304	291.913043478	380.333333333	245.055555556	111.214285714	143.714285714	120.5	169.0	177.333333333	202.714285714	271.125	136.0	248.0	586.109090909	314.055555556	252.428571429	300.5	168.0	137.461538462	262.666666667	185.571428571	118.615384615	117.869565217	134.230769231	168.333333333
alpha_rarefaction_10000_3.txt	10000	3	272.0	537.790697674	545.131147541	311.0	230.965517241	324.2	542.571428571	224.217391304	538.8125	298.157894737	580.88372093	266.090909091	377.12	381.692307692	346.2	481.365853659	323.75	162.647058824	222.555555556	464.333333333	508.777777778	253.476190476	522.076923077	182.176470588	310.391304348	501.022222222	476.25	234.64	304.527777778	232.444444444	236.375	415.5	581.734693878	621.118644068	273.0	241.0	288.375	395.041666667	292.724137931	578.272727273	361.0	290.05	412.357142857	566.756756757	129.6	152.555555556	317.0	381.59375	223.0	322.4	262.894736842	229.65	385.0	284.375	407.15	291.25	201.105263158	351.6875	287.652173913	203.136363636	126.666666667	241.105263158	327.454545455	403.041666667	223.344827586	136.5	181.6	167.666666667	228.111111111	227.545454545	299.75	276.323529412	121.153846154	179.0	590.8	342.125	187.272727273	304.391304348	150.0	137.866666667	132.315789474	221.833333333	155.142857143	127.769230769	175.5	131.75
alpha_rarefaction_10000_4.txt	10000	4	221.157894737	486.454545455	602.395833333	349.115384615	264.5	443.666666667	555.677966102	279.666666667	535.568181818	312.333333333	515.097560976	279.275862069	304.965517241	371.181818182	317.0	539.583333333	291.789473684	154.647058824	298.4	473.459459459	564.593220339	319.157894737	444.62	257.0	267.275862069	634.5	521.636363636	365.5625	378.107142857	234.2	257.0	385.433333333	567.519230769	686.722222222	287.617647059	216.157894737	257.55	323.533333333	293.857142857	637.0	302.75	296.956521739	468.757575758	472.5	207.8	133.153846154	409.565217391	416.090909091	372.833333333	330.652173913	197.4	326.681818182	362.75	226.55	400.142857143	275.935483871	224.454545455	293.526315789	287.434782609	218.181818182	158.111111111	273.0	274.181818182	337.032258065	241.647058824	138.5	171.090909091	140.0	231.111111111	206.866666667	231.235294118	324.222222222	116.176470588	119.0	637.3125	259.916666667	206.291666667	309.588235294	144.315789474	158.0	168.714285714	318.6	125.769230769	162.545454545	175.1	139.230769231
alpha_rarefaction_10000_5.txt	10000	5	261.0	459.659574468	550.1	327.454545455	292.0	277.551724138	601.607142857	192.214285714	464.023255814	272.75	548.783783784	297.5	431.565217391	478.885714286	325.035714286	685.6875	313.714285714	219.0	265.894736842	407.538461538	599.549019608	288.526315789	469.146341463	193.0	225.0	622.129032258	422.0	339.0	436.794117647	261.55	365.666666667	403.785714286	540.185185185	657.678571429	274.441176471	257.882352941	275.142857143	354.444444444	393.555555556	592.028571429	408.0	250.105263158	512.166666667	501.8125	150.333333333	150.166666667	342.272727273	356.5	294.5	257.55	205.545454545	336.3	352.384615385	239.65	387.886363636	242.277777778	215.333333333	264.12	258.444444444	221.0	143.111111111	258.714285714	298.75	365.567567568	248.125	129.8	125.0	134.076923077	155.066666667	336.25	287.545454545	312.677419355	136.230769231	109.0	611.0	332.142857143	225.25	277.473684211	181.615384615	151.545454545	276.230769231	253.769230769	127.8	147.0	136.4	162.0
alpha_rarefaction_10000_6.txt	10000	6	244.142857143	435.06	635.784313725	357.043478261	252.545454545	333.0	546.842105263	259.882352941	446.75	283.789473684	454.571428571	272.857142857	396.0	350.5	329.12	526.318181818	377.0	166.473684211	286.217391304	416.813953488	530.109090909	285.217391304	498.857142857	249.714285714	319.8	454.136363636	502.6	308.476190476	379.6875	345.0	237.055555556	373.193548387	693.365853659	619.246153846	272.171428571	235.8	299.714285714	300.433333333	325.037037037	521.0	336.875	307.588235294	455.933333333	454.285714286	149.909090909	201.0	359.37037037	420.090909091	262.04	264.043478261	208.869565217	285.4	392.028571429	275.058823529	412.0	255.088235294	195.12	262.1875	327.565217391	239.833333333	119.5	237.666666667	230.730769231	414.913043478	258.541666667	183.857142857	131.0	157.1	133.866666667	199.157894737	286.545454545	300.5	121.0	120.071428571	564.898305085	351.235294118	285.909090909	354.5625	141.866666667	147.666666667	205.272727273	271.6	160.0	96.6470588235	150.5	141.5
alpha_rarefaction_10000_7.txt	10000	7	261.071428571	454.882352941	702.326086957	333.555555556	245.375	337.038461538	652.264150943	303.055555556	538.783783784	258.476190476	518.204081633	289.37037037	398.533333333	395.444444444	351.0	517.5	322.285714286	133.217391304	318.833333333	539.972972973	613.529411765	370.894736842	517.078947368	214.833333333	286.8	435.770833333	599.0	269.352941176	464.222222222	318.666666667	238.12	402.4	586.788461538	645.551724138	291.870967742	269.428571429	364.473684211	392.260869565	353.625	568.625	333.5	284.4	537.2	526.333333333	175.875	246.153846154	371.0	387.090909091	287.714285714	286.0	232.315789474	315.3	357.731707317	290.583333333	394.0	279.617647059	248.8	305.0	269.405405405	236.833333333	142.0	174.230769231	279.538461538	371.2	226.454545455	112.769230769	180.428571429	115.714285714	163.714285714	274.076923077	252.882352941	430.0	159.909090909	122.666666667	602.0	309.052631579	242.625	315.0	131.052631579	153.75	159.5	217.0	121.666666667	119.75	200.875	126.071428571
alpha_rarefaction_10000_8.txt	10000	8	214.4375	611.0	535.109090909	284.37037037	254.043478261	322.2	526.524590164	262.0	586.886363636	394.833333333	577.41025641	293.538461538	369.433333333	395.6875	355.896551724	500.066666667	300.884615385	170.571428571	228.954545455	465.243902439	517.708333333	287.526315789	554.0	169.066666667	283.615384615	541.029411765	445.222222222	317.333333333	479.103448276	339.875	249.105263158	407.620689655	568.033898305	620.275862069	293.870967742	220.714285714	357.368421053	407.619047619	390.041666667	489.875	322.777777778	328.789473684	500.076923077	490.682926829	211.0	185.769230769	330.344827586	400.161290323	256.882352941	239.260869565	289.176470588	280.541666667	340.636363636	186.652173913	403.75	273.5	219.2	220.5	358.285714286	210.052631579	161.25	228.235294118	215.545454545	361.0	238.772727273	96.0	193.111111111	112.75	134.3125	190.6875	210.5	248.0	131.625	169.090909091	639.565217391	490.4	254.0	280.75	198.0	132.5	313.461538462	203.866666667	104.5	136.5	218.333333333	136.583333333
alpha_rarefaction_10000_9.txt	10000	9	270.058823529	446.779661017	541.016129032	312.533333333	240.75	320.555555556	567.892857143	317.235294118	465.395833333	308.3125	549.285714286	300.5	386.4	358.5	271.275862069	535.03030303	337.0	170.571428571	275.333333333	487.894736842	517.524590164	328.315789474	486.5	239.769230769	266.333333333	565.947368421	528.0	351.894736842	370.216216216	364.176470588	326.461538462	344.090909091	701.75	655.018518519	279.0	212.0	285.055555556	347.038461538	337.291666667	478.956521739	325.230769231	251.882352941	445.894736842	484.428571429	147.714285714	173.928571429	303.677419355	407.794117647	328.15	307.15	217.666666667	313.714285714	363.657894737	210.875	395.317073171	274.363636364	230.052631579	205.4	270.076923077	195.789473684	198.142857143	237.789473684	272.954545455	336.206896552	215.357142857	135.1	147.0	107.833333333	187.090909091	174.666666667	205.315789474	281.037037037	122.315789474	120.615384615	569.368421053	288.434782609	191.5625	262.107142857	144.052631579	163.0	243.0625	196.125	104.8	106.076923077	125.666666667	114.214285714