	sequences per sample	iteration	1028	1019	761	1143	1033	764	431	833	1150	448	1159	459	1017	1147	759	1160	1144	449	458	434	762	758	1158	451	447	452	765	760	432	453	1029	757	1021	1027	1142	450	429	1153	1145	1162	460	1151	1040	1020	1032	456	1016	1018	1037	442	457	1031	454	1022	455	461	1141	1024	1138	1156	1035	1039	1038	1161	1025	1154	1034	1146	1152	1023	437	844	839	843	1026	1036	1148	436	1149	842	430	766	1030	440	441	763	435	439	837	836	838
alpha_rarefaction_10_0.txt	10	0	3.0	7.0	7.0	4.0	4.0	4.0	8.0	4.0	4.0	7.0	5.0	3.0	8.0	7.0	9.0	4.0	1.0	5.0	2.0	3.0	2.0	7.0	5.0	7.0	8.0	2.0	2.0	10.0	7.0	4.0	4.0	6.0	3.0	2.0	5.0	5.0	9.0	3.0	6.0	4.0	1.0	4.0	4.0	7.0	5.0	1.0	6.0	8.0	4.0	3.0	4.0	4.0	2.0	3.0	1.0	4.0	7.0	3.0	5.0	6.0	5.0	4.0	2.0	5.0	4.0	2.0	3.0	3.0	7.0	3.0	3.0	1.0	1.0	1.0	2.0	2.0	7.0	2.0	3.0	1.0	7.0	1.0	2.0	2.0	3.0	2.0	2.0	1.0	1.0	2.0	2.0
alpha_rarefaction_10_1.txt	10	1	3.0	9.0	8.0	5.0	6.0	3.0	10.0	7.0	3.0	7.0	4.0	2.0	9.0	4.0	6.0	5.0	2.0	7.0	5.0	1.0	1.0	6.0	7.0	8.0	7.0	1.0	6.0	6.0	7.0	2.0	5.0	4.0	2.0	1.0	8.0	6.0	7.0	6.0	2.0	3.0	3.0	4.0	4.0	8.0	6.0	4.0	7.0	8.0	1.0	1.0	4.0	6.0	2.0	1.0	2.0	3.0	4.0	5.0	6.0	3.0	7.0	4.0	3.0	4.0	1.0	3.0	6.0	4.0	6.0	3.0	2.0	1.0	1.0	1.0	4.0	2.0	6.0	2.0	3.0	1.0	6.0	3.0	2.0	1.0	2.0	2.0	1.0	1.0	4.0	1.0	2.0
alpha_rarefaction_10_2.txt	10	2	4.0	5.0	9.0	5.0	4.0	5.0	6.0	6.0	3.0	5.0	2.0	3.0	5.0	3.0	8.0	4.0	4.0	8.0	3.0	1.0	3.0	7.0	3.0	8.0	8.0	3.0	3.0	5.0	7.0	2.0	5.0	6.0	5.0	2.0	5.0	8.0	9.0	5.0	2.0	5.0	4.0	4.0	4.0	7.0	4.0	3.0	7.0	7.0	2.0	2.0	4.0	6.0	2.0	3.0	2.0	4.0	6.0	1.0	5.0	6.0	6.0	4.0	5.0	5.0	3.0	3.0	4.0	3.0	5.0	3.0	2.0	1.0	2.0	1.0	1.0	3.0	4.0	2.0	3.0	2.0	6.0	4.0	1.0	3.0	2.0	2.0	2.0	3.0	2.0	1.0	2.0
alpha_rarefaction_10_3.txt	10	3	2.0	8.0	7.0	4.0	3.0	3.0	7.0	6.0	3.0	5.0	3.0	4.0	7.0	7.0	8.0	8.0	1.0	5.0	3.0	1.0	4.0	8.0	2.0	5.0	9.0	1.0	4.0	9.0	5.0	1.0	4.0	3.0	1.0	4.0	9.0	7.0	9.0	4.0	3.0	3.0	4.0	5.0	2.0	8.0	3.0	1.0	10.0	9.0	2.0	1.0	3.0	6.0	2.0	5.0	1.0	1.0	7.0	2.0	5.0	2.0	4.0	4.0	5.0	4.0	2.0	3.0	5.0	4.0	3.0	5.0	1.0	3.0	1.0	1.0	1.0	4.0	5.0	3.0	5.0	1.0	7.0	2.0	3.0	2.0	1.0	2.0	1.0	1.0	2.0	3.0	1.0
alpha_rarefaction_10_4.txt	10	4	1.0	7.0	7.0	1.0	5.0	3.0	8.0	5.0	2.0	7.0	1.0	6.0	6.0	5.0	6.0	4.0	4.0	8.0	3.0	2.0	1.0	5.0	5.0	7.0	6.0	2.0	4.0	6.0	9.0	3.0	4.0	8.0	3.0	3.0	7.0	7.0	9.0	5.0	5.0	6.0	4.0	4.0	4.0	9.0	4.0	3.0	5.0	7.0	2.0	2.0	3.0	6.0	2.0	3.0	2.0	4.0	8.0	1.0	8.0	8.0	7.0	4.0	6.0	4.0	3.0	5.0	5.0	3.0	5.0	4.0	1.0	1.0	1.0	1.0	4.0	3.0	3.0	1.0	5.0	1.0	7.0	2.0	4.0	2.0	1.0	2.0	1.0	2.0	1.0	1.0	2.0
alpha_rarefaction_10_5.txt	10	5	1.0	6.0	8.0	3.0	6.0	4.0	6.0	6.0	3.0	8.0	2.0	3.0	6.0	6.0	8.0	3.0	4.0	8.0	5.0	1.0	1.0	6.0	4.0	7.0	6.0	4.0	4.0	7.0	9.0	2.0	1.0	5.0	2.0	3.0	6.0	9.0	10.0	6.0	4.0	3.0	3.0	4.0	2.0	9.0	4.0	1.0	5.0	4.0	3.0	3.0	3.0	6.0	2.0	2.0	2.0	1.0	4.0	1.0	5.0	3.0	6.0	4.0	5.0	5.0	2.0	2.0	4.0	4.0	6.0	2.0	3.0	1.0	1.0	2.0	3.0	3.0	3.0	1.0	2.0	2.0	7.0	3.0	4.0	1.0	1.0	1.0	2.0	1.0	1.0	2.0	2.0
alpha_rarefaction_10_6.txt	10	6	1.0	8.0	8.0	5.0	4.0	2.0	7.0	4.0	2.0	6.0	4.0	1.0	10.0	4.0	8.0	5.0	4.0	9.0	3.0	1.0	3.0	6.0	4.0	9.0	6.0	3.0	5.0	5.0	5.0	1.0	3.0	6.0	2.0	4.0	6.0	7.0	9.0	6.0	2.0	4.0	4.0	4.0	4.0	7.0	6.0	3.0	8.0	7.0	4.0	1.0	5.0	4.0	5.0	3.0	2.0	2.0	7.0	1.0	4.0	7.0	4.0	1.0	3.0	5.0	2.0	4.0	3.0	6.0	3.0	4.0	1.0	2.0	1.0	2.0	3.0	2.0	4.0	3.0	3.0	1.0	7.0	7.0	6.0	1.0	3.0	3.0	3.0	1.0	2.0	2.0	1.0
alpha_rarefaction_10_7.txt	10	7	5.0	9.0	9.0	3.0	5.0	5.0	9.0	7.0	5.0	6.0	3.0	2.0	6.0	3.0	8.0	4.0	5.0	8.0	3.0	2.0	2.0	5.0	3.0	9.0	7.0	2.0	2.0	6.0	9.0	3.0	6.0	6.0	3.0	3.0	6.0	6.0	7.0	3.0	5.0	4.0	2.0	3.0	5.0	8.0	4.0	2.0	6.0	9.0	2.0	1.0	3.0	3.0	2.0	2.0	2.0	3.0	8.0	2.0	8.0	3.0	2.0	6.0	3.0	6.0	1.0	6.0	3.0	6.0	4.0	2.0	4.0	1.0	1.0	2.0	1.0	2.0	3.0	1.0	5.0	2.0	10.0	3.0	3.0	1.0	1.0	1.0	1.0	2.0	2.0	1.0	1.0
alpha_rarefaction_10_8.txt	10	8	3.0	7.0	8.0	3.0	3.0	3.0	6.0	5.0	3.0	5.0	2.0	3.0	6.0	2.0	8.0	4.0	3.0	6.0	4.0	1.0	4.0	7.0	4.0	10.0	3.0	2.0	5.0	5.0	7.0	3.0	3.0	5.0	1.0	2.0	5.0	7.0	8.0	3.0	1.0	4.0	1.0	4.0	2.0	8.0	2.0	3.0	6.0	8.0	4.0	3.0	2.0	5.0	2.0	1.0	2.0	3.0	6.0	3.0	5.0	7.0	6.0	5.0	5.0	3.0	1.0	3.0	5.0	3.0	4.0	3.0	2.0	1.0	1.0	2.0	4.0	4.0	3.0	2.0	3.0	1.0	8.0	4.0	2.0	2.0	2.0	2.0	1.0	1.0	1.0	1.0	1.0
alpha_rarefaction_10_9.txt	10	9	1.0	6.0	8.0	3.0	4.0	4.0	8.0	5.0	2.0	7.0	3.0	4.0	6.0	4.0	6.0	5.0	1.0	7.0	2.0	3.0	4.0	8.0	4.0	6.0	6.0	3.0	3.0	8.0	6.0	2.0	3.0	5.0	6.0	4.0	6.0	5.0	7.0	5.0	4.0	4.0	3.0	5.0	5.0	7.0	7.0	4.0	4.0	7.0	3.0	2.0	3.0	3.0	3.0	2.0	2.0	4.0	7.0	2.0	5.0	5.0	4.0	2.0	5.0	5.0	1.0	2.0	4.0	3.0	5.0	2.0	1.0	2.0	1.0	1.0	2.0	2.0	2.0	1.0	3.0	1.0	9.0	1.0	3.0	2.0	1.0	1.0	1.0	1.0	3.0	1.0	2.0
alpha_rarefaction_1009_0.txt	1009	0	44.0	93.0	95.0	59.0	50.0	60.0	122.0	60.0	45.0	87.0	51.0	55.0	97.0	66.0	81.0	60.0	56.0	87.0	55.0	33.0	45.0	86.0	46.0	112.0	106.0	37.0	51.0	85.0	104.0	53.0	51.0	72.0	57.0	51.0	67.0	117.0	138.0	64.0	50.0	80.0	44.0	63.0	57.0	102.0	56.0	48.0	91.0	85.0	28.0	35.0	56.0	74.0	52.0	55.0	47.0	59.0	81.0	44.0	82.0	51.0	36.0	49.0	65.0	65.0	40.0	30.0	46.0	51.0	56.0	41.0	26.0	27.0	18.0	28.0	38.0	43.0	66.0	29.0	55.0	22.0	109.0	45.0	51.0	26.0	33.0	44.0	39.0	22.0	24.0	29.0	25.0
alpha_rarefaction_1009_1.txt	1009	1	46.0	94.0	104.0	49.0	56.0	51.0	118.0	57.0	47.0	90.0	42.0	60.0	100.0	67.0	77.0	66.0	65.0	98.0	53.0	34.0	45.0	91.0	49.0	103.0	83.0	43.0	55.0	93.0	92.0	46.0	55.0	68.0	53.0	46.0	74.0	106.0	130.0	66.0	55.0	66.0	55.0	57.0	59.0	97.0	51.0	42.0	97.0	96.0	34.0	32.0	51.0	70.0	42.0	53.0	43.0	51.0	83.0	48.0	93.0	54.0	42.0	55.0	63.0	56.0	47.0	22.0	42.0	51.0	65.0	48.0	29.0	29.0	22.0	31.0	40.0	48.0	61.0	23.0	59.0	27.0	108.0	42.0	49.0	26.0	34.0	32.0	42.0	27.0	31.0	17.0	27.0
alpha_rarefaction_1009_2.txt	1009	2	37.0	97.0	111.0	62.0	56.0	56.0	124.0	63.0	51.0	77.0	50.0	45.0	98.0	67.0	67.0	61.0	57.0	91.0	65.0	35.0	42.0	77.0	53.0	110.0	94.0	41.0	62.0	97.0	99.0	58.0	49.0	76.0	51.0	56.0	68.0	101.0	130.0	60.0	52.0	80.0	52.0	60.0	56.0	104.0	59.0	39.0	88.0	96.0	28.0	31.0	53.0	75.0	57.0	53.0	41.0	48.0	72.0	37.0	89.0	54.0	47.0	51.0	57.0	72.0	43.0	24.0	44.0	47.0	59.0	47.0	26.0	20.0	23.0	29.0	48.0	51.0	66.0	25.0	56.0	19.0	119.0	48.0	57.0	36.0	26.0	37.0	40.0	22.0	31.0	31.0	28.0
alpha_rarefaction_1009_3.txt	1009	3	46.0	90.0	101.0	63.0	49.0	56.0	121.0	65.0	46.0	93.0	49.0	55.0	99.0	66.0	75.0	74.0	54.0	92.0	49.0	34.0	46.0	82.0	54.0	111.0	99.0	49.0	54.0	91.0	110.0	49.0	46.0	69.0	48.0	46.0	82.0	107.0	135.0	59.0	52.0	67.0	49.0	55.0	59.0	95.0	55.0	50.0	83.0	81.0	40.0	31.0	51.0	79.0	47.0	45.0	46.0	63.0	85.0	42.0	88.0	66.0	44.0	49.0	61.0	57.0	50.0	30.0	43.0	56.0	65.0	41.0	29.0	27.0	23.0	22.0	32.0	41.0	74.0	29.0	57.0	27.0	109.0	46.0	56.0	30.0	25.0	43.0	29.0	25.0	33.0	19.0	30.0
alpha_rarefaction_1009_4.txt	1009	4	45.0	93.0	108.0	57.0	52.0	57.0	119.0	61.0	48.0	98.0	46.0	54.0	92.0	67.0	78.0	74.0	53.0	96.0	52.0	33.0	46.0	86.0	56.0	97.0	104.0	35.0	59.0	90.0	104.0	49.0	55.0	63.0	47.0	47.0	81.0	106.0	140.0	56.0	49.0	75.0	43.0	56.0	48.0	90.0	59.0	43.0	77.0	85.0	31.0	26.0	64.0	72.0	48.0	57.0	44.0	52.0	76.0	47.0	86.0	59.0	52.0	52.0	59.0	69.0	36.0	25.0	50.0	58.0	72.0	50.0	25.0	28.0	23.0	30.0	39.0	52.0	58.0	25.0	63.0	26.0	115.0	42.0	56.0	30.0	29.0	40.0	29.0	26.0	29.0	23.0	26.0
alpha_rarefaction_1009_5.txt	1009	5	40.0	88.0	109.0	63.0	54.0	50.0	125.0	56.0	52.0	84.0	55.0	53.0	95.0	70.0	77.0	66.0	51.0	83.0	52.0	36.0	48.0	90.0	54.0	107.0	84.0	39.0	56.0	79.0	102.0	51.0	56.0	82.0	49.0	50.0	68.0	97.0	116.0	58.0	41.0	66.0	43.0	62.0	58.0	101.0	62.0	53.0	94.0	89.0	28.0	34.0	59.0	78.0	51.0	47.0	45.0	55.0	71.0	43.0	85.0	53.0	46.0	56.0	54.0	72.0	44.0	25.0	43.0	48.0	65.0	49.0	29.0	28.0	24.0	26.0	37.0	47.0	70.0	29.0	52.0	27.0	106.0	40.0	50.0	28.0	31.0	41.0	34.0	28.0	19.0	20.0	27.0
alpha_rarefaction_1009_6.txt	1009	6	43.0	86.0	104.0	51.0	56.0	43.0	136.0	63.0	50.0	92.0	51.0	59.0	91.0	70.0	75.0	69.0	57.0	96.0	46.0	40.0	44.0	93.0	55.0	98.0	104.0	49.0	60.0	94.0	104.0	51.0	42.0	76.0	46.0	52.0	70.0	106.0	124.0	64.0	56.0	71.0	48.0	56.0	66.0	96.0	55.0	45.0	74.0	104.0	37.0	33.0	62.0	68.0	48.0	57.0	45.0	60.0	79.0	46.0	87.0	54.0	47.0	47.0	55.0	63.0	42.0	26.0	51.0	56.0	66.0	55.0	34.0	26.0	20.0	30.0	38.0	46.0	57.0	27.0	49.0	20.0	112.0	46.0	53.0	27.0	32.0	46.0	32.0	25.0	28.0	25.0	28.0
alpha_rarefaction_1009_7.txt	1009	7	31.0	86.0	110.0	48.0	50.0	52.0	114.0	59.0	57.0	94.0	55.0	53.0	100.0	63.0	70.0	61.0	53.0	83.0	60.0	32.0	42.0	80.0	54.0	105.0	94.0	42.0	57.0	95.0	100.0	55.0	57.0	80.0	52.0	50.0	74.0	108.0	131.0	54.0	45.0	64.0	49.0	53.0	63.0	95.0	56.0	51.0	87.0	102.0	29.0	32.0	62.0	76.0	47.0	43.0	50.0	58.0	75.0	41.0	88.0	62.0	43.0	53.0	55.0	73.0	41.0	26.0	44.0	46.0	70.0	52.0	19.0	27.0	24.0	24.0	36.0	42.0	52.0	22.0	62.0	28.0	121.0	49.0	60.0	29.0	26.0	43.0	35.0	24.0	27.0	28.0	30.0
alpha_rarefaction_1009_8.txt	1009	8	46.0	92.0	104.0	55.0	45.0	57.0	114.0	57.0	47.0	110.0	59.0	49.0	90.0	75.0	67.0	67.0	53.0	93.0	51.0	34.0	48.0	80.0	58.0	105.0	101.0	39.0	57.0	88.0	114.0	53.0	50.0	74.0	50.0	47.0	79.0	111.0	128.0	56.0	49.0	75.0	45.0	62.0	58.0	96.0	53.0	48.0	86.0	106.0	30.0	32.0	53.0	73.0	44.0	53.0	49.0	65.0	73.0	42.0	86.0	56.0	51.0	49.0	54.0	66.0	44.0	20.0	36.0	55.0	74.0	47.0	26.0	30.0	29.0	26.0	35.0	46.0	64.0	29.0	61.0	27.0	113.0	56.0	45.0	28.0	27.0	33.0	27.0	25.0	31.0	21.0	29.0
alpha_rarefaction_1009_9.txt	1009	9	49.0	79.0	104.0	53.0	53.0	60.0	116.0	58.0	48.0	96.0	50.0	44.0	91.0	66.0	70.0	61.0	64.0	95.0	50.0	31.0	47.0	87.0	46.0	117.0	104.0	44.0	49.0	90.0	107.0	51.0	53.0	84.0	41.0	53.0	73.0	95.0	137.0	54.0	54.0	76.0	49.0	55.0	69.0	103.0	60.0	41.0	96.0	99.0	31.0	28.0	66.0	64.0	48.0	48.0	44.0	55.0	80.0	42.0	73.0	56.0	48.0	55.0	53.0	59.0	46.0	29.0	44.0	57.0	79.0	52.0	22.0	25.0	27.0	21.0	36.0	46.0	59.0	34.0	62.0	26.0	115.0	36.0	53.0	33.0	29.0	34.0	35.0	25.0	25.0	29.0	33.0
alpha_rarefaction_2008_0.txt	2008	0	71.0	132.0	159.0	84.0	64.0	74.0	169.0	88.0	72.0	138.0	66.0	69.0	133.0	97.0	113.0	91.0	75.0	126.0	82.0	49.0	66.0	125.0	70.0	149.0	139.0	53.0	76.0	144.0	132.0	75.0	85.0	113.0	73.0	78.0	99.0	147.0	172.0	99.0	74.0	110.0	68.0	93.0	84.0	138.0	80.0	67.0	114.0	149.0	43.0	45.0	79.0	119.0	71.0	76.0	67.0	73.0	106.0	71.0	113.0	86.0	71.0	68.0	85.0	89.0	60.0	36.0	59.0	75.0	93.0	60.0	43.0	31.0	36.0	37.0	56.0	64.0	83.0	35.0	85.0	42.0	151.0	52.0	69.0	50.0	43.0	55.0	48.0	38.0	38.0	39.0	36.0
alpha_rarefaction_2008_1.txt	2008	1	61.0	135.0	157.0	87.0	65.0	80.0	181.0	80.0	70.0	134.0	69.0	72.0	130.0	93.0	120.0	98.0	77.0	122.0	76.0	49.0	72.0	114.0	73.0	146.0	124.0	50.0	85.0	122.0	157.0	79.0	64.0	103.0	74.0	68.0	94.0	154.0	186.0	79.0	74.0	102.0	74.0	96.0	87.0	139.0	79.0	83.0	108.0	131.0	43.0	36.0	76.0	115.0	70.0	68.0	58.0	76.0	105.0	62.0	128.0	81.0	69.0	73.0	79.0	100.0	61.0	32.0	61.0	78.0	95.0	64.0	33.0	40.0	38.0	45.0	57.0	58.0	78.0	41.0	75.0	28.0	163.0	59.0	69.0	46.0	38.0	54.0	47.0	32.0	40.0	39.0	42.0
alpha_rarefaction_2008_2.txt	2008	2	61.0	129.0	148.0	80.0	71.0	85.0	176.0	81.0	73.0	134.0	71.0	76.0	129.0	86.0	107.0	100.0	80.0	126.0	76.0	47.0	70.0	129.0	77.0	158.0	140.0	59.0	74.0	129.0	161.0	74.0	72.0	104.0	68.0	63.0	107.0	157.0	184.0	89.0	77.0	107.0	73.0	105.0	80.0	143.0	78.0	59.0	123.0	134.0	44.0	43.0	79.0	123.0	82.0	67.0	62.0	81.0	110.0	68.0	112.0	89.0	63.0	82.0	94.0	98.0	65.0	43.0	66.0	86.0	95.0	65.0	37.0	38.0	37.0	35.0	56.0	70.0	83.0	42.0	75.0	38.0	153.0	65.0	72.0	48.0	43.0	51.0	47.0	32.0	38.0	31.0	42.0
alpha_rarefaction_2008_3.txt	2008	3	66.0	140.0	152.0	83.0	73.0	81.0	167.0	87.0	79.0	135.0	65.0	76.0	147.0	97.0	119.0	90.0	82.0	120.0	77.0	53.0	74.0	126.0	73.0	151.0	127.0	62.0	78.0	119.0	152.0	79.0	71.0	93.0	71.0	66.0	102.0	160.0	181.0	89.0	64.0	104.0	71.0	77.0	80.0	131.0	80.0	70.0	112.0	138.0	46.0	44.0	87.0	118.0	78.0	74.0	70.0	86.0	106.0	71.0	121.0	81.0	66.0	74.0	85.0	90.0	53.0	36.0	53.0	73.0	93.0	73.0	41.0	32.0	41.0	40.0	63.0	64.0	87.0	43.0	79.0	43.0	155.0	65.0	84.0	48.0	38.0	56.0	48.0	41.0	40.0	39.0	46.0
alpha_rarefaction_2008_4.txt	2008	4	68.0	138.0	152.0	75.0	68.0	85.0	165.0	80.0	65.0	127.0	73.0	70.0	131.0	102.0	125.0	91.0	68.0	137.0	75.0	44.0	74.0	119.0	78.0	143.0	145.0	66.0	71.0	123.0	140.0	77.0	77.0	97.0	69.0	78.0	98.0	153.0	190.0	94.0	74.0	102.0	65.0	89.0	83.0	131.0	87.0	68.0	115.0	136.0	52.0	38.0	80.0	110.0	71.0	67.0	69.0	77.0	113.0	63.0	127.0	79.0	68.0	72.0	88.0	88.0	64.0	35.0	54.0	75.0	110.0	62.0	27.0	35.0	39.0	40.0	63.0	64.0	92.0	46.0	79.0	37.0	162.0	55.0	70.0	44.0	35.0	54.0	55.0	36.0	37.0	42.0	52.0
alpha_rarefaction_2008_5.txt	2008	5	63.0	127.0	137.0	81.0	63.0	78.0	160.0	95.0	68.0	134.0	78.0	69.0	133.0	96.0	109.0	91.0	91.0	121.0	83.0	45.0	67.0	111.0	73.0	146.0	133.0	62.0	75.0	133.0	150.0	80.0	70.0	110.0	76.0	71.0	100.0	153.0	180.0	82.0	70.0	100.0	74.0	84.0	81.0	141.0	80.0	60.0	115.0	135.0	39.0	39.0	83.0	110.0	63.0	71.0	71.0	80.0	102.0	67.0	116.0	83.0	70.0	75.0	85.0	89.0	59.0	40.0	58.0	76.0	101.0	67.0	36.0	43.0	36.0	44.0	56.0	61.0	92.0	31.0	77.0	38.0	164.0	56.0	73.0	44.0	37.0	55.0	48.0	34.0	42.0	36.0	41.0
alpha_rarefaction_2008_6.txt	2008	6	54.0	131.0	144.0	79.0	61.0	74.0	161.0	77.0	68.0	124.0	70.0	75.0	130.0	95.0	94.0	98.0	78.0	128.0	82.0	39.0	67.0	121.0	74.0	144.0	140.0	55.0	75.0	119.0	144.0	67.0	80.0	104.0	77.0	72.0	94.0	161.0	179.0	96.0	64.0	108.0	63.0	91.0	83.0	128.0	80.0	66.0	141.0	126.0	42.0	44.0	91.0	106.0	64.0	71.0	62.0	82.0	100.0	62.0	122.0	89.0	69.0	67.0	83.0	89.0	59.0	36.0	65.0	70.0	105.0	67.0	36.0	38.0	26.0	35.0	54.0	64.0	85.0	41.0	79.0	38.0	169.0	63.0	78.0	47.0	38.0	51.0	52.0	40.0	44.0	35.0	43.0
alpha_rarefaction_2008_7.txt	2008	7	60.0	128.0	149.0	74.0	70.0	87.0	177.0	83.0	66.0	126.0	72.0	79.0	132.0	92.0	103.0	99.0	85.0	125.0	71.0	52.0	67.0	121.0	68.0	149.0	132.0	58.0	80.0	137.0	145.0	70.0	69.0	115.0	84.0	79.0	99.0	157.0	182.0	89.0	72.0	107.0	66.0	84.0	87.0	135.0	73.0	62.0	109.0	135.0	46.0	44.0	91.0	108.0	68.0	92.0	72.0	80.0	113.0	74.0	113.0	80.0	63.0	80.0	85.0	86.0	62.0	40.0	54.0	85.0	96.0	70.0	36.0	42.0	31.0	42.0	56.0	65.0	89.0	40.0	70.0	33.0	156.0	58.0	82.0	53.0	41.0	66.0	53.0	37.0	38.0	47.0	43.0
alpha_rarefaction_2008_8.txt	2008	8	63.0	152.0	153.0	73.0	66.0	82.0	167.0	85.0	72.0	117.0	71.0	79.0	129.0	104.0	110.0	96.0	77.0	130.0	83.0	51.0	68.0	118.0	80.0	135.0	135.0	55.0	80.0	140.0	148.0	76.0	68.0	104.0	68.0	68.0	101.0	136.0	191.0	89.0	79.0	121.0	79.0	87.0	86.0	135.0	89.0	75.0	116.0	125.0	48.0	45.0	82.0	104.0	76.0	73.0	67.0	72.0	105.0	57.0	121.0	81.0	70.0	68.0	82.0	91.0	54.0	36.0	54.0	78.0	85.0	67.0	42.0	40.0	32.0	45.0	59.0	64.0	84.0	42.0	83.0	34.0	163.0	64.0	69.0	43.0	42.0	61.0	46.0	29.0	39.0	42.0	39.0
alpha_rarefaction_2008_9.txt	2008	9	64.0	147.0	138.0	81.0	68.0	87.0	169.0	83.0	64.0	124.0	65.0	74.0	128.0	108.0	104.0	96.0	83.0	111.0	80.0	48.0	79.0	130.0	73.0	156.0	136.0	53.0	77.0	126.0	148.0	69.0	68.0	105.0	66.0	71.0	103.0	148.0	189.0	90.0	69.0	103.0	66.0	81.0	89.0	141.0	88.0	69.0	110.0	142.0	36.0	42.0	89.0	111.0	72.0	70.0	65.0	73.0	114.0	65.0	129.0	77.0	67.0	76.0	78.0	92.0	56.0	35.0	58.0	81.0	99.0	61.0	33.0	35.0	40.0	39.0	53.0	67.0	98.0	38.0	65.0	42.0	166.0	63.0	73.0	43.0	43.0	51.0	49.0	36.0	46.0	43.0	41.0
alpha_rarefaction_3007_0.txt	3007	0	80.0	154.0	175.0	91.0	89.0	103.0	214.0	99.0	90.0	165.0	83.0	88.0	161.0	120.0	144.0	107.0	87.0	160.0	90.0	61.0	81.0	156.0	95.0	195.0	156.0	73.0	92.0	146.0	176.0	90.0	92.0	130.0	85.0	81.0	125.0	185.0	220.0	95.0	95.0	120.0	84.0	112.0	104.0	156.0	105.0	89.0	148.0	171.0	54.0	53.0	98.0	137.0	86.0	88.0	93.0	85.0	139.0	81.0	152.0	101.0	89.0	80.0	92.0	123.0	77.0	41.0	76.0	97.0	105.0	85.0	45.0	46.0	47.0	43.0	59.0	77.0	97.0	43.0	104.0	44.0	199.0	68.0	100.0	60.0	58.0	63.0	65.0	39.0	48.0	46.0	52.0
alpha_rarefaction_3007_1.txt	3007	1	76.0	157.0	183.0	107.0	83.0	103.0	212.0	102.0	83.0	161.0	90.0	84.0	155.0	120.0	147.0	101.0	98.0	156.0	88.0	62.0	89.0	136.0	92.0	184.0	161.0	62.0	96.0	151.0	182.0	90.0	85.0	123.0	93.0	83.0	131.0	185.0	210.0	121.0	82.0	122.0	91.0	106.0	102.0	182.0	103.0	77.0	132.0	172.0	59.0	58.0	101.0	132.0	73.0	100.0	83.0	101.0	134.0	69.0	145.0	105.0	88.0	80.0	101.0	115.0	77.0	49.0	72.0	97.0	112.0	87.0	43.0	41.0	38.0	52.0	67.0	84.0	110.0	46.0	100.0	40.0	195.0	72.0	94.0	55.0	53.0	77.0	56.0	39.0	41.0	51.0	55.0
alpha_rarefaction_3007_2.txt	3007	2	74.0	168.0	179.0	93.0	94.0	97.0	189.0	94.0	88.0	157.0	80.0	88.0	168.0	123.0	140.0	122.0	94.0	153.0	86.0	56.0	84.0	163.0	82.0	195.0	156.0	68.0	93.0	147.0	179.0	93.0	96.0	126.0	90.0	73.0	127.0	178.0	213.0	97.0	96.0	132.0	86.0	109.0	101.0	181.0	93.0	91.0	156.0	160.0	49.0	50.0	94.0	126.0	78.0	76.0	86.0	98.0	138.0	82.0	133.0	105.0	84.0	95.0	106.0	112.0	77.0	44.0	73.0	100.0	114.0	82.0	46.0	52.0	50.0	57.0	72.0	87.0	108.0	46.0	98.0	48.0	211.0	67.0	100.0	65.0	56.0	67.0	57.0	36.0	49.0	53.0	57.0
alpha_rarefaction_3007_3.txt	3007	3	82.0	154.0	184.0	102.0	72.0	83.0	198.0	109.0	79.0	166.0	87.0	85.0	173.0	114.0	134.0	112.0	87.0	153.0	100.0	63.0	80.0	143.0	73.0	174.0	164.0	70.0	95.0	153.0	191.0	82.0	86.0	143.0	87.0	81.0	116.0	186.0	226.0	104.0	85.0	120.0	83.0	103.0	105.0	163.0	106.0	95.0	149.0	160.0	60.0	64.0	91.0	132.0	78.0	90.0	76.0	94.0	141.0	73.0	153.0	102.0	81.0	87.0	106.0	117.0	79.0	44.0	77.0	80.0	123.0	83.0	48.0	46.0	46.0	50.0	64.0	74.0	109.0	49.0	88.0	48.0	202.0	72.0	100.0	60.0	48.0	66.0	65.0	50.0	51.0	53.0	45.0
alpha_rarefaction_3007_4.txt	3007	4	75.0	155.0	189.0	100.0	70.0	93.0	208.0	106.0	81.0	162.0	75.0	87.0	172.0	120.0	143.0	102.0	89.0	154.0	88.0	58.0	91.0	136.0	84.0	201.0	156.0	62.0	96.0	159.0	187.0	85.0	89.0	116.0	88.0	84.0	123.0	190.0	230.0	108.0	84.0	125.0	79.0	110.0	104.0	168.0	106.0	80.0	150.0	158.0	51.0	58.0	107.0	133.0	87.0	82.0	78.0	99.0	140.0	80.0	142.0	109.0	79.0	86.0	92.0	99.0	74.0	43.0	71.0	86.0	109.0	85.0	50.0	47.0	45.0	49.0	70.0	73.0	100.0	50.0	96.0	38.0	190.0	80.0	101.0	59.0	51.0	69.0	67.0	48.0	51.0	48.0	53.0
alpha_rarefaction_3007_5.txt	3007	5	68.0	156.0	174.0	94.0	88.0	81.0	201.0	99.0	81.0	167.0	88.0	86.0	165.0	109.0	133.0	107.0	92.0	161.0	91.0	57.0	87.0	134.0	81.0	182.0	179.0	59.0	103.0	154.0	180.0	91.0	86.0	119.0	82.0	82.0	127.0	185.0	218.0	113.0	82.0	118.0	86.0	104.0	104.0	179.0	93.0	78.0	141.0	167.0	62.0	61.0	97.0	139.0	85.0	85.0	82.0	95.0	128.0	77.0	145.0	94.0	82.0	96.0	96.0	109.0	66.0	44.0	72.0	101.0	120.0	82.0	43.0	53.0	46.0	57.0	71.0	77.0	101.0	45.0	89.0	51.0	212.0	78.0	94.0	59.0	52.0	62.0	62.0	35.0	45.0	46.0	57.0
alpha_rarefaction_3007_6.txt	3007	6	75.0	165.0	191.0	91.0	83.0	91.0	191.0	107.0	84.0	177.0	82.0	93.0	166.0	120.0	129.0	107.0	99.0	164.0	96.0	69.0	84.0	149.0	77.0	173.0	155.0	63.0	104.0	159.0	190.0	90.0	91.0	144.0	82.0	78.0	130.0	192.0	215.0	107.0	89.0	132.0	87.0	104.0	99.0	172.0	92.0	82.0	139.0	152.0	59.0	60.0	95.0	124.0	90.0	87.0	79.0	98.0	136.0	86.0	142.0	106.0	89.0	89.0	104.0	111.0	81.0	46.0	73.0	91.0	112.0	85.0	46.0	48.0	44.0	50.0	64.0	77.0	115.0	50.0	96.0	49.0	192.0	68.0	92.0	62.0	51.0	72.0	63.0	42.0	46.0	48.0	52.0
alpha_rarefaction_3007_7.txt	3007	7	71.0	157.0	191.0	89.0	89.0	94.0	207.0	101.0	84.0	159.0	88.0	87.0	171.0	115.0	138.0	122.0	100.0	159.0	86.0	58.0	86.0	139.0	94.0	182.0	165.0	66.0	96.0	151.0	172.0	89.0	89.0	130.0	90.0	90.0	120.0	197.0	223.0	114.0	81.0	132.0	80.0	101.0	102.0	166.0	89.0	79.0	143.0	158.0	55.0	56.0	91.0	141.0	81.0	93.0	86.0	97.0	141.0	74.0	149.0	99.0	80.0	84.0	104.0	115.0	75.0	45.0	68.0	94.0	123.0	88.0	43.0	44.0	45.0	60.0	74.0	80.0	114.0	48.0	96.0	51.0	193.0	77.0	90.0	51.0	51.0	67.0	60.0	50.0	48.0	50.0	51.0
alpha_rarefaction_3007_8.txt	3007	8	86.0	159.0	205.0	91.0	82.0	95.0	206.0	96.0	89.0	147.0	90.0	96.0	167.0	113.0	131.0	114.0	99.0	161.0	96.0	59.0	89.0	126.0	88.0	174.0	143.0	75.0	94.0	158.0	188.0	85.0	95.0	138.0	89.0	81.0	122.0	195.0	211.0	107.0	93.0	128.0	88.0	100.0	99.0	166.0	92.0	90.0	135.0	154.0	61.0	64.0	118.0	149.0	76.0	84.0	77.0	98.0	136.0	80.0	155.0	101.0	83.0	93.0	109.0	116.0	73.0	49.0	73.0	95.0	121.0	86.0	49.0	50.0	37.0	47.0	60.0	75.0	100.0	48.0	99.0	45.0	202.0	70.0	101.0	54.0	56.0	70.0	65.0	38.0	44.0	46.0	44.0
alpha_rarefaction_3007_9.txt	3007	9	74.0	160.0	183.0	97.0	85.0	98.0	208.0	104.0	88.0	145.0	76.0	94.0	173.0	109.0	130.0	119.0	99.0	172.0	102.0	67.0	79.0	133.0	89.0	191.0	148.0	68.0	101.0	149.0	196.0	87.0	85.0	129.0	81.0	91.0	121.0	192.0	223.0	97.0	94.0	128.0	76.0	120.0	103.0	179.0	87.0	85.0	144.0	164.0	53.0	62.0	95.0	137.0	82.0	87.0	89.0	90.0	130.0	89.0	155.0	101.0	83.0	91.0	108.0	106.0	75.0	46.0	68.0	95.0	123.0	86.0	41.0	59.0	50.0	50.0	67.0	87.0	99.0	52.0	91.0	43.0	187.0	83.0	98.0	62.0	50.0	62.0	55.0	41.0	47.0	44.0	56.0
alpha_rarefaction_4006_0.txt	4006	0	84.0	172.0	209.0	113.0	95.0	110.0	239.0	122.0	96.0	192.0	92.0	95.0	184.0	141.0	147.0	129.0	110.0	175.0	103.0	73.0	100.0	165.0	92.0	235.0	185.0	73.0	112.0	175.0	204.0	95.0	100.0	143.0	96.0	105.0	141.0	216.0	257.0	126.0	95.0	145.0	93.0	124.0	117.0	193.0	109.0	101.0	163.0	188.0	64.0	70.0	113.0	148.0	108.0	104.0	96.0	96.0	150.0	94.0	170.0	110.0	88.0	112.0	114.0	126.0	85.0	46.0	83.0	97.0	144.0	109.0	49.0	46.0	54.0	60.0	76.0	87.0	131.0	55.0	103.0	52.0	214.0	74.0	109.0	61.0	60.0	77.0	64.0	43.0	57.0	51.0	58.0
alpha_rarefaction_4006_1.txt	4006	1	86.0	191.0	207.0	113.0	91.0	105.0	238.0	118.0	92.0	174.0	96.0	104.0	177.0	141.0	153.0	141.0	116.0	172.0	98.0	80.0	98.0	168.0	107.0	220.0	187.0	77.0	107.0	180.0	204.0	87.0	97.0	154.0	102.0	93.0	139.0	233.0	249.0	117.0	96.0	140.0	108.0	126.0	124.0	205.0	119.0	99.0	163.0	197.0	62.0	64.0	115.0	149.0	91.0	105.0	87.0	116.0	148.0	86.0	170.0	112.0	94.0	95.0	122.0	121.0	92.0	45.0	83.0	105.0	141.0	102.0	49.0	55.0	42.0	53.0	83.0	89.0	128.0	51.0	109.0	53.0	222.0	81.0	106.0	70.0	62.0	80.0	67.0	49.0	59.0	53.0	59.0
alpha_rarefaction_4006_2.txt	4006	2	83.0	194.0	219.0	100.0	91.0	102.0	223.0	113.0	102.0	175.0	96.0	103.0	202.0	137.0	144.0	133.0	123.0	185.0	110.0	72.0	99.0	159.0	101.0	226.0	184.0	83.0	117.0	169.0	211.0	110.0	102.0	140.0	101.0	100.0	143.0	219.0	245.0	123.0	88.0	152.0	95.0	124.0	121.0	178.0	110.0	102.0	165.0	214.0	60.0	70.0	121.0	157.0	96.0	106.0	93.0	117.0	153.0	98.0	166.0	112.0	105.0	109.0	115.0	139.0	86.0	51.0	82.0	107.0	151.0	97.0	55.0	56.0	60.0	64.0	71.0	83.0	130.0	54.0	100.0	51.0	220.0	76.0	102.0	63.0	64.0	72.0	62.0	46.0	53.0	58.0	65.0
alpha_rarefaction_4006_3.txt	4006	3	85.0	192.0	220.0	96.0	91.0	107.0	235.0	106.0	94.0	180.0	98.0	110.0	205.0	132.0	167.0	128.0	109.0	175.0	117.0	70.0	93.0	162.0	101.0	212.0	169.0	73.0	105.0	188.0	202.0	99.0	91.0	139.0	102.0	97.0	125.0	221.0	243.0	125.0	94.0	141.0	105.0	121.0	115.0	183.0	119.0	100.0	158.0	178.0	59.0	69.0	113.0	142.0	102.0	95.0	97.0	96.0	152.0	89.0	172.0	108.0	98.0	96.0	110.0	150.0	83.0	45.0	90.0	106.0	126.0	96.0	49.0	53.0	48.0	62.0	78.0	87.0	122.0	53.0	102.0	57.0	237.0	87.0	112.0	63.0	63.0	68.0	69.0	53.0	54.0	57.0	57.0
alpha_rarefaction_4006_4.txt	4006	4	90.0	183.0	205.0	99.0	94.0	111.0	239.0	112.0	93.0	181.0	90.0	93.0	198.0	122.0	163.0	138.0	118.0	183.0	109.0	63.0	93.0	160.0	96.0	218.0	185.0	73.0	102.0	175.0	218.0	95.0	123.0	132.0	101.0	102.0	134.0	216.0	258.0	124.0	112.0	143.0	96.0	122.0	115.0	190.0	106.0	95.0	171.0	191.0	65.0	68.0	112.0	147.0	104.0	97.0	86.0	115.0	154.0	86.0	175.0	119.0	93.0	100.0	118.0	119.0	80.0	49.0	78.0	106.0	152.0	90.0	43.0	58.0	51.0	53.0	62.0	95.0	132.0	57.0	106.0	54.0	217.0	76.0	106.0	62.0	61.0	73.0	63.0	50.0	58.0	51.0	60.0
alpha_rarefaction_4006_5.txt	4006	5	78.0	193.0	217.0	106.0	104.0	107.0	240.0	116.0	96.0	189.0	95.0	127.0	183.0	136.0	155.0	128.0	109.0	190.0	117.0	70.0	98.0	155.0	94.0	226.0	192.0	72.0	106.0	178.0	187.0	94.0	101.0	142.0	100.0	97.0	150.0	218.0	246.0	120.0	105.0	158.0	109.0	126.0	119.0	198.0	111.0	103.0	167.0	186.0	56.0	54.0	125.0	159.0	106.0	103.0	93.0	99.0	144.0	99.0	168.0	112.0	89.0	105.0	111.0	126.0	80.0	53.0	86.0	103.0	144.0	95.0	55.0	52.0	52.0	61.0	71.0	88.0	126.0	53.0	111.0	51.0	233.0	84.0	105.0	63.0	63.0	73.0	67.0	54.0	54.0	51.0	56.0
alpha_rarefaction_4006_6.txt	4006	6	81.0	174.0	217.0	107.0	99.0	109.0	247.0	115.0	98.0	193.0	104.0	101.0	183.0	127.0	162.0	131.0	116.0	186.0	108.0	69.0	95.0	164.0	106.0	208.0	187.0	77.0	108.0	174.0	213.0	102.0	99.0	140.0	94.0	88.0	151.0	206.0	260.0	128.0	99.0	144.0	90.0	115.0	122.0	189.0	123.0	108.0	168.0	193.0	63.0	66.0	112.0	153.0	104.0	117.0	93.0	102.0	156.0	96.0	175.0	117.0	92.0	102.0	102.0	125.0	86.0	47.0	90.0	112.0	137.0	103.0	65.0	52.0	46.0	67.0	77.0	92.0	123.0	56.0	116.0	50.0	229.0	85.0	115.0	65.0	51.0	70.0	66.0	48.0	51.0	53.0	61.0
alpha_rarefaction_4006_7.txt	4006	7	82.0	178.0	224.0	110.0	90.0	100.0	230.0	109.0	94.0	175.0	91.0	100.0	201.0	143.0	159.0	124.0	108.0	176.0	108.0	71.0	102.0	163.0	106.0	205.0	185.0	75.0	112.0	174.0	213.0	103.0	117.0	150.0	90.0	95.0	151.0	227.0	255.0	122.0	97.0	146.0	93.0	117.0	124.0	204.0	95.0	100.0	161.0	181.0	65.0	64.0	127.0	154.0	108.0	107.0	99.0	106.0	153.0	90.0	162.0	117.0	86.0	103.0	110.0	139.0	77.0	51.0	87.0	105.0	126.0	94.0	47.0	56.0	51.0	58.0	76.0	88.0	131.0	54.0	116.0	48.0	230.0	75.0	102.0	61.0	61.0	77.0	64.0	48.0	50.0	67.0	57.0
alpha_rarefaction_4006_8.txt	4006	8	85.0	191.0	225.0	111.0	98.0	106.0	257.0	114.0	110.0	165.0	100.0	101.0	193.0	132.0	160.0	134.0	113.0	185.0	108.0	69.0	107.0	168.0	109.0	214.0	183.0	82.0	107.0	172.0	200.0	100.0	89.0	129.0	100.0	104.0	135.0	229.0	256.0	130.0	112.0	141.0	107.0	120.0	116.0	188.0	97.0	94.0	165.0	201.0	62.0	66.0	107.0	152.0	103.0	96.0	88.0	113.0	140.0	103.0	188.0	125.0	95.0	103.0	106.0	126.0	86.0	50.0	81.0	114.0	143.0	95.0	53.0	49.0	54.0	59.0	73.0	87.0	125.0	60.0	102.0	50.0	214.0	93.0	112.0	60.0	63.0	82.0	68.0	47.0	47.0	54.0	63.0
alpha_rarefaction_4006_9.txt	4006	9	95.0	190.0	207.0	105.0	94.0	108.0	245.0	110.0	101.0	180.0	100.0	99.0	188.0	121.0	153.0	143.0	119.0	186.0	101.0	65.0	91.0	163.0	105.0	210.0	180.0	76.0	105.0	171.0	187.0	98.0	90.0	135.0	101.0	98.0	150.0	227.0	249.0	109.0	103.0	139.0	97.0	115.0	122.0	190.0	113.0	92.0	176.0	183.0	60.0	64.0	108.0	140.0	92.0	99.0	86.0	108.0	149.0	79.0	167.0	118.0	93.0	103.0	109.0	139.0	79.0	44.0	82.0	108.0	145.0	97.0	57.0	58.0	46.0	59.0	78.0	81.0	132.0	57.0	104.0	60.0	246.0	85.0	109.0	62.0	71.0	75.0	71.0	45.0	56.0	53.0	56.0
alpha_rarefaction_5005_0.txt	5005	0	98.0	208.0	242.0	125.0	101.0	119.0	266.0	139.0	99.0	219.0	107.0	119.0	211.0	143.0	177.0	155.0	122.0	188.0	127.0	79.0	114.0	187.0	113.0	248.0	222.0	81.0	118.0	198.0	221.0	109.0	105.0	162.0	108.0	97.0	161.0	247.0	280.0	134.0	114.0	168.0	103.0	144.0	133.0	204.0	118.0	106.0	186.0	218.0	70.0	75.0	137.0	166.0	105.0	101.0	111.0	105.0	162.0	100.0	184.0	126.0	110.0	115.0	139.0	155.0	80.0	55.0	95.0	116.0	169.0	115.0	57.0	62.0	60.0	72.0	82.0	98.0	145.0	63.0	119.0	56.0	253.0	85.0	127.0	63.0	67.0	79.0	73.0	53.0	58.0	63.0	67.0
alpha_rarefaction_5005_1.txt	5005	1	91.0	193.0	220.0	128.0	105.0	121.0	270.0	129.0	107.0	197.0	107.0	105.0	230.0	160.0	163.0	149.0	140.0	201.0	132.0	74.0	108.0	181.0	107.0	240.0	210.0	76.0	127.0	195.0	224.0	113.0	102.0	158.0	103.0	112.0	146.0	227.0	282.0	138.0	109.0	158.0	104.0	132.0	130.0	211.0	122.0	111.0	172.0	205.0	61.0	69.0	132.0	163.0	100.0	115.0	93.0	112.0	158.0	97.0	191.0	126.0	105.0	114.0	129.0	138.0	92.0	53.0	95.0	119.0	159.0	96.0	58.0	60.0	52.0	64.0	80.0	94.0	150.0	62.0	123.0	58.0	256.0	87.0	117.0	78.0	72.0	90.0	72.0	53.0	66.0	62.0	71.0
alpha_rarefaction_5005_2.txt	5005	2	98.0	219.0	230.0	126.0	116.0	116.0	252.0	125.0	109.0	189.0	123.0	114.0	216.0	152.0	164.0	149.0	135.0	200.0	124.0	68.0	106.0	175.0	113.0	246.0	210.0	82.0	125.0	193.0	235.0	115.0	103.0	155.0	105.0	106.0	158.0	235.0	282.0	139.0	123.0	166.0	109.0	132.0	133.0	222.0	116.0	100.0	172.0	201.0	66.0	70.0	124.0	163.0	114.0	125.0	101.0	122.0	159.0	94.0	185.0	127.0	109.0	119.0	131.0	146.0	91.0	57.0	85.0	115.0	154.0	103.0	53.0	62.0	54.0	69.0	73.0	98.0	142.0	61.0	116.0	60.0	247.0	93.0	122.0	62.0	70.0	83.0	75.0	55.0	58.0	58.0	67.0
alpha_rarefaction_5005_3.txt	5005	3	94.0	207.0	238.0	145.0	104.0	122.0	268.0	127.0	102.0	210.0	104.0	117.0	217.0	160.0	175.0	151.0	121.0	200.0	122.0	81.0	104.0	182.0	118.0	228.0	211.0	77.0	126.0	188.0	236.0	111.0	116.0	147.0	108.0	104.0	162.0	240.0	276.0	133.0	103.0	153.0	110.0	139.0	126.0	211.0	124.0	108.0	186.0	207.0	70.0	71.0	134.0	168.0	108.0	118.0	102.0	124.0	171.0	104.0	192.0	125.0	113.0	122.0	124.0	144.0	89.0	55.0	87.0	117.0	154.0	110.0	59.0	69.0	61.0	64.0	77.0	106.0	131.0	59.0	121.0	61.0	249.0	82.0	118.0	72.0	69.0	83.0	76.0	64.0	62.0	65.0	72.0
alpha_rarefaction_5005_4.txt	5005	4	96.0	200.0	224.0	122.0	110.0	120.0	266.0	135.0	107.0	198.0	113.0	112.0	205.0	149.0	170.0	138.0	134.0	190.0	112.0	79.0	105.0	193.0	115.0	233.0	221.0	88.0	114.0	195.0	218.0	116.0	102.0	163.0	108.0	99.0	156.0	236.0	286.0	141.0	116.0	163.0	115.0	138.0	130.0	214.0	120.0	101.0	178.0	203.0	69.0	67.0	124.0	157.0	113.0	107.0	105.0	111.0	173.0	109.0	196.0	121.0	105.0	112.0	125.0	141.0	99.0	54.0	105.0	127.0	142.0	108.0	62.0	58.0	53.0	62.0	81.0	100.0	148.0	67.0	121.0	62.0	258.0	98.0	130.0	74.0	68.0	90.0	78.0	54.0	60.0	55.0	66.0
alpha_rarefaction_5005_5.txt	5005	5	91.0	200.0	237.0	116.0	102.0	119.0	261.0	117.0	106.0	199.0	96.0	116.0	210.0	151.0	164.0	142.0	135.0	200.0	119.0	75.0	107.0	198.0	111.0	259.0	213.0	86.0	118.0	201.0	216.0	108.0	107.0	158.0	110.0	105.0	159.0	239.0	269.0	127.0	101.0	151.0	111.0	139.0	119.0	213.0	116.0	112.0	179.0	219.0	66.0	72.0	132.0	160.0	126.0	103.0	105.0	120.0	172.0	100.0	194.0	138.0	110.0	102.0	135.0	154.0	93.0	51.0	94.0	116.0	157.0	116.0	64.0	57.0	60.0	62.0	84.0	109.0	135.0	63.0	124.0	59.0	238.0	86.0	142.0	75.0	59.0	84.0	82.0	55.0	60.0	58.0	66.0
alpha_rarefaction_5005_6.txt	5005	6	96.0	203.0	240.0	110.0	100.0	116.0	255.0	127.0	104.0	199.0	103.0	119.0	209.0	159.0	165.0	135.0	120.0	222.0	116.0	66.0	97.0	191.0	121.0	233.0	204.0	94.0	113.0	194.0	207.0	97.0	108.0	164.0	104.0	109.0	150.0	236.0	271.0	134.0	113.0	154.0	104.0	123.0	130.0	222.0	118.0	103.0	190.0	218.0	65.0	66.0	141.0	167.0	112.0	107.0	102.0	120.0	172.0	96.0	187.0	137.0	103.0	114.0	128.0	139.0	94.0	52.0	97.0	122.0	157.0	100.0	58.0	71.0	51.0	64.0	76.0	97.0	144.0	67.0	116.0	53.0	253.0	98.0	118.0	69.0	72.0	87.0	73.0	54.0	59.0	62.0	69.0
alpha_rarefaction_5005_7.txt	5005	7	88.0	197.0	231.0	130.0	104.0	117.0	265.0	135.0	98.0	220.0	94.0	103.0	214.0	143.0	171.0	144.0	126.0	200.0	118.0	80.0	108.0	177.0	102.0	246.0	188.0	86.0	133.0	195.0	223.0	108.0	120.0	173.0	110.0	107.0	157.0	246.0	286.0	127.0	97.0	153.0	115.0	137.0	123.0	201.0	123.0	107.0	186.0	203.0	70.0	70.0	139.0	155.0	117.0	103.0	102.0	121.0	164.0	96.0	191.0	128.0	106.0	111.0	120.0	128.0	87.0	55.0	92.0	116.0	162.0	116.0	55.0	60.0	56.0	65.0	87.0	97.0	142.0	60.0	123.0	58.0	229.0	87.0	121.0	73.0	72.0	98.0	86.0	55.0	69.0	64.0	66.0
alpha_rarefaction_5005_8.txt	5005	8	104.0	196.0	254.0	135.0	106.0	119.0	267.0	130.0	105.0	219.0	110.0	104.0	201.0	153.0	154.0	146.0	121.0	194.0	124.0	77.0	102.0	185.0	118.0	228.0	209.0	79.0	125.0	196.0	224.0	110.0	116.0	151.0	113.0	116.0	159.0	233.0	285.0	134.0	112.0	156.0	112.0	128.0	124.0	209.0	121.0	113.0	180.0	200.0	76.0	66.0	123.0	154.0	118.0	109.0	101.0	114.0	168.0	98.0	195.0	126.0	111.0	98.0	126.0	160.0	95.0	50.0	82.0	112.0	161.0	105.0	55.0	59.0	56.0	66.0	84.0	97.0	136.0	65.0	123.0	63.0	249.0	94.0	125.0	77.0	73.0	85.0	82.0	59.0	62.0	63.0	58.0
alpha_rarefaction_5005_9.txt	5005	9	98.0	211.0	250.0	129.0	104.0	128.0	267.0	123.0	102.0	199.0	115.0	115.0	211.0	141.0	174.0	138.0	119.0	192.0	118.0	84.0	113.0	179.0	111.0	253.0	209.0	81.0	117.0	196.0	233.0	109.0	118.0	159.0	118.0	95.0	163.0	247.0	287.0	131.0	116.0	165.0	114.0	143.0	131.0	209.0	120.0	121.0	189.0	206.0	66.0	83.0	118.0	173.0	115.0	119.0	101.0	121.0	173.0	100.0	184.0	130.0	103.0	108.0	129.0	143.0	96.0	50.0	76.0	122.0	155.0	98.0	51.0	57.0	54.0	65.0	86.0	100.0	141.0	63.0	111.0	54.0	241.0	93.0	119.0	80.0	73.0	84.0	79.0	60.0	61.0	59.0	60.0
alpha_rarefaction_6004_0.txt	6004	0	96.0	231.0	254.0	129.0	102.0	135.0	288.0	133.0	115.0	227.0	131.0	121.0	230.0	156.0	181.0	166.0	144.0	224.0	136.0	80.0	119.0	201.0	130.0	265.0	236.0	90.0	127.0	204.0	238.0	127.0	125.0	171.0	125.0	110.0	176.0	266.0	305.0	152.0	122.0	169.0	127.0	150.0	133.0	228.0	124.0	115.0	206.0	227.0	65.0	80.0	151.0	185.0	124.0	119.0	114.0	130.0	176.0	100.0	194.0	147.0	119.0	123.0	150.0	149.0	95.0	54.0	99.0	125.0	166.0	113.0	66.0	78.0	58.0	71.0	81.0	114.0	141.0	72.0	128.0	65.0	267.0	99.0	140.0	79.0	81.0	99.0	79.0	60.0	76.0	65.0	66.0
alpha_rarefaction_6004_1.txt	6004	1	101.0	222.0	259.0	139.0	116.0	141.0	289.0	142.0	110.0	215.0	119.0	117.0	221.0	171.0	181.0	170.0	139.0	235.0	126.0	78.0	114.0	200.0	110.0	268.0	230.0	88.0	141.0	213.0	256.0	110.0	128.0	184.0	116.0	116.0	170.0	262.0	310.0	152.0	128.0	176.0	119.0	155.0	143.0	235.0	143.0	119.0	196.0	221.0	73.0	76.0	140.0	174.0	136.0	121.0	103.0	125.0	189.0	103.0	207.0	142.0	115.0	109.0	134.0	152.0	102.0	58.0	91.0	131.0	167.0	111.0	55.0	70.0	56.0	69.0	94.0	105.0	160.0	66.0	136.0	67.0	262.0	105.0	114.0	85.0	79.0	86.0	89.0	56.0	65.0	66.0	69.0
alpha_rarefaction_6004_2.txt	6004	2	112.0	239.0	252.0	147.0	100.0	130.0	278.0	130.0	118.0	233.0	116.0	108.0	229.0	167.0	174.0	175.0	138.0	223.0	133.0	80.0	114.0	198.0	121.0	269.0	227.0	92.0	142.0	208.0	240.0	115.0	110.0	177.0	123.0	114.0	184.0	257.0	296.0	149.0	134.0	183.0	115.0	141.0	140.0	245.0	132.0	111.0	197.0	229.0	65.0	88.0	136.0	177.0	109.0	125.0	107.0	137.0	178.0	106.0	205.0	132.0	107.0	120.0	145.0	157.0	100.0	56.0	109.0	141.0	157.0	115.0	67.0	68.0	58.0	70.0	86.0	97.0	150.0	68.0	136.0	58.0	269.0	92.0	125.0	75.0	76.0	85.0	94.0	55.0	61.0	67.0	65.0
alpha_rarefaction_6004_3.txt	6004	3	101.0	223.0	267.0	133.0	110.0	131.0	288.0	138.0	116.0	208.0	119.0	110.0	219.0	165.0	181.0	152.0	139.0	223.0	136.0	77.0	121.0	204.0	122.0	258.0	225.0	90.0	139.0	227.0	259.0	117.0	113.0	175.0	129.0	119.0	176.0	266.0	303.0	141.0	120.0	167.0	132.0	146.0	133.0	234.0	121.0	118.0	202.0	225.0	73.0	78.0	146.0	177.0	119.0	126.0	111.0	134.0	177.0	108.0	209.0	131.0	118.0	121.0	129.0	167.0	101.0	65.0	110.0	131.0	159.0	117.0	65.0	67.0	56.0	70.0	97.0	101.0	134.0	62.0	137.0	67.0	269.0	106.0	126.0	77.0	75.0	94.0	89.0	58.0	68.0	64.0	76.0
alpha_rarefaction_6004_4.txt	6004	4	110.0	225.0	253.0	128.0	119.0	124.0	287.0	142.0	122.0	241.0	122.0	128.0	238.0	158.0	187.0	165.0	130.0	224.0	124.0	86.0	124.0	204.0	128.0	259.0	228.0	80.0	124.0	219.0	244.0	128.0	117.0	174.0	115.0	124.0	173.0	273.0	309.0	161.0	118.0	174.0	117.0	144.0	154.0	226.0	134.0	123.0	190.0	244.0	75.0	71.0	134.0	185.0	126.0	110.0	121.0	128.0	175.0	109.0	204.0	139.0	115.0	120.0	140.0	157.0	91.0	62.0	101.0	126.0	163.0	121.0	66.0	67.0	65.0	74.0	94.0	112.0	159.0	66.0	126.0	67.0	269.0	101.0	131.0	84.0	74.0	99.0	95.0	54.0	68.0	76.0	69.0
alpha_rarefaction_6004_5.txt	6004	5	97.0	237.0	247.0	141.0	129.0	133.0	276.0	139.0	116.0	228.0	111.0	118.0	241.0	157.0	181.0	155.0	140.0	213.0	131.0	85.0	111.0	191.0	131.0	250.0	219.0	97.0	135.0	206.0	247.0	126.0	134.0	166.0	112.0	118.0	171.0	260.0	310.0	149.0	118.0	186.0	118.0	141.0	149.0	236.0	119.0	116.0	190.0	225.0	84.0	83.0	149.0	188.0	128.0	117.0	120.0	129.0	177.0	113.0	198.0	142.0	118.0	119.0	127.0	156.0	97.0	62.0	95.0	130.0	156.0	119.0	66.0	69.0	65.0	62.0	91.0	117.0	155.0	73.0	134.0	74.0	271.0	101.0	143.0	71.0	60.0	98.0	84.0	67.0	70.0	72.0	65.0
alpha_rarefaction_6004_6.txt	6004	6	99.0	231.0	258.0	130.0	117.0	135.0	278.0	139.0	112.0	233.0	114.0	130.0	225.0	153.0	186.0	161.0	136.0	204.0	121.0	83.0	114.0	195.0	115.0	255.0	221.0	100.0	128.0	209.0	256.0	121.0	125.0	177.0	128.0	120.0	176.0	270.0	295.0	144.0	122.0	177.0	123.0	143.0	146.0	225.0	127.0	124.0	174.0	240.0	72.0	77.0	152.0	188.0	123.0	124.0	116.0	126.0	186.0	114.0	197.0	140.0	112.0	125.0	136.0	148.0	99.0	59.0	98.0	142.0	162.0	111.0	58.0	71.0	62.0	73.0	88.0	92.0	153.0	69.0	141.0	68.0	266.0	102.0	131.0	79.0	74.0	91.0	89.0	50.0	62.0	64.0	64.0
alpha_rarefaction_6004_7.txt	6004	7	101.0	224.0	260.0	133.0	110.0	126.0	263.0	139.0	120.0	222.0	118.0	116.0	232.0	173.0	184.0	164.0	132.0	207.0	135.0	77.0	114.0	207.0	123.0	262.0	220.0	93.0	132.0	206.0	258.0	125.0	127.0	172.0	126.0	122.0	175.0	267.0	310.0	153.0	116.0	159.0	114.0	155.0	136.0	232.0	128.0	127.0	205.0	225.0	73.0	75.0	152.0	172.0	131.0	129.0	112.0	130.0	179.0	108.0	202.0	130.0	114.0	116.0	136.0	161.0	96.0	54.0	108.0	128.0	175.0	127.0	66.0	61.0	55.0	72.0	101.0	108.0	153.0	67.0	128.0	66.0	265.0	94.0	146.0	83.0	71.0	90.0	84.0	62.0	65.0	70.0	75.0
alpha_rarefaction_6004_8.txt	6004	8	102.0	233.0	274.0	145.0	116.0	124.0	283.0	135.0	114.0	205.0	119.0	120.0	241.0	166.0	190.0	144.0	141.0	220.0	134.0	81.0	121.0	208.0	113.0	261.0	225.0	89.0	131.0	213.0	250.0	122.0	133.0	183.0	126.0	125.0	181.0	260.0	317.0	149.0	118.0	179.0	131.0	158.0	140.0	226.0	132.0	126.0	206.0	222.0	71.0	78.0	134.0	181.0	137.0	126.0	102.0	134.0	179.0	106.0	209.0	148.0	114.0	117.0	137.0	158.0	105.0	50.0	100.0	140.0	179.0	118.0	59.0	70.0	58.0	71.0	81.0	103.0	156.0	70.0	132.0	58.0	266.0	101.0	135.0	85.0	73.0	86.0	93.0	55.0	70.0	64.0	81.0
alpha_rarefaction_6004_9.txt	6004	9	102.0	215.0	260.0	129.0	114.0	128.0	296.0	138.0	119.0	219.0	114.0	112.0	245.0	153.0	187.0	164.0	143.0	202.0	136.0	78.0	116.0	205.0	113.0	268.0	216.0	79.0	133.0	210.0	232.0	116.0	140.0	181.0	129.0	114.0	174.0	280.0	311.0	151.0	127.0	199.0	121.0	149.0	133.0	212.0	132.0	114.0	193.0	236.0	74.0	81.0	136.0	192.0	121.0	118.0	104.0	137.0	188.0	112.0	205.0	145.0	115.0	117.0	131.0	151.0	98.0	57.0	104.0	128.0	169.0	117.0	64.0	69.0	62.0	72.0	96.0	102.0	146.0	68.0	133.0	57.0	263.0	96.0	139.0	77.0	79.0	90.0	86.0	58.0	64.0	68.0	70.0
alpha_rarefaction_7003_0.txt	7003	0	114.0	248.0	290.0	142.0	131.0	133.0	313.0	145.0	123.0	243.0	121.0	128.0	240.0	172.0	191.0	177.0	156.0	230.0	152.0	89.0	132.0	210.0	132.0	273.0	237.0	103.0	138.0	221.0	269.0	128.0	126.0	201.0	137.0	122.0	193.0	278.0	319.0	161.0	125.0	192.0	125.0	162.0	139.0	244.0	130.0	126.0	220.0	251.0	77.0	87.0	167.0	191.0	130.0	127.0	115.0	147.0	200.0	114.0	213.0	144.0	121.0	139.0	156.0	172.0	101.0	63.0	115.0	147.0	191.0	129.0	68.0	73.0	68.0	78.0	93.0	117.0	168.0	76.0	141.0	68.0	283.0	108.0	141.0	86.0	81.0	100.0	100.0	64.0	81.0	72.0	75.0
alpha_rarefaction_7003_1.txt	7003	1	110.0	243.0	267.0	140.0	124.0	143.0	283.0	140.0	123.0	233.0	134.0	138.0	249.0	180.0	199.0	178.0	143.0	252.0	136.0	99.0	126.0	216.0	130.0	275.0	230.0	90.0	148.0	227.0	267.0	123.0	138.0	187.0	142.0	120.0	179.0	277.0	331.0	161.0	124.0	194.0	116.0	150.0	152.0	264.0	140.0	133.0	222.0	246.0	73.0	81.0	149.0	193.0	132.0	143.0	125.0	149.0	193.0	117.0	210.0	148.0	119.0	131.0	139.0	158.0	108.0	66.0	110.0	145.0	168.0	122.0	69.0	70.0	68.0	72.0	96.0	110.0	160.0	72.0	149.0	70.0	291.0	93.0	137.0	85.0	82.0	109.0	95.0	61.0	67.0	70.0	81.0
alpha_rarefaction_7003_2.txt	7003	2	121.0	246.0	271.0	149.0	127.0	140.0	322.0	142.0	131.0	231.0	129.0	123.0	246.0	169.0	191.0	167.0	140.0	230.0	142.0	94.0	129.0	219.0	123.0	278.0	250.0	105.0	144.0	236.0	253.0	120.0	149.0	196.0	132.0	123.0	194.0	288.0	327.0	159.0	131.0	188.0	125.0	162.0	163.0	258.0	145.0	133.0	224.0	247.0	79.0	86.0	153.0	181.0	132.0	125.0	113.0	136.0	198.0	128.0	215.0	149.0	121.0	128.0	148.0	179.0	110.0	59.0	109.0	146.0	187.0	120.0	72.0	84.0	69.0	72.0	101.0	121.0	167.0	80.0	150.0	69.0	285.0	108.0	129.0	74.0	82.0	93.0	91.0	70.0	62.0	66.0	78.0
alpha_rarefaction_7003_3.txt	7003	3	121.0	241.0	268.0	142.0	122.0	140.0	306.0	152.0	119.0	222.0	141.0	135.0	248.0	163.0	186.0	181.0	147.0	238.0	136.0	95.0	132.0	224.0	119.0	275.0	253.0	95.0	144.0	232.0	260.0	138.0	133.0	183.0	138.0	122.0	184.0	276.0	331.0	148.0	131.0	186.0	128.0	156.0	156.0	249.0	146.0	128.0	219.0	265.0	71.0	87.0	139.0	199.0	123.0	127.0	121.0	138.0	196.0	109.0	221.0	150.0	124.0	117.0	140.0	168.0	113.0	62.0	112.0	139.0	174.0	123.0	70.0	68.0	66.0	80.0	101.0	112.0	150.0	76.0	135.0	72.0	286.0	115.0	127.0	78.0	86.0	94.0	88.0	58.0	71.0	67.0	79.0
alpha_rarefaction_7003_4.txt	7003	4	112.0	236.0	282.0	149.0	119.0	144.0	309.0	147.0	131.0	238.0	128.0	130.0	250.0	184.0	185.0	171.0	152.0	234.0	142.0	87.0	124.0	214.0	131.0	284.0	234.0	100.0	142.0	224.0	273.0	136.0	127.0	203.0	127.0	119.0	192.0	289.0	326.0	167.0	122.0	188.0	135.0	153.0	151.0	265.0	147.0	139.0	220.0	245.0	72.0	88.0	150.0	200.0	125.0	127.0	121.0	133.0	204.0	110.0	230.0	147.0	117.0	111.0	151.0	170.0	104.0	58.0	112.0	149.0	191.0	120.0	65.0	71.0	65.0	80.0	92.0	113.0	155.0	71.0	141.0	75.0	285.0	97.0	143.0	92.0	86.0	92.0	87.0	64.0	73.0	80.0	76.0
alpha_rarefaction_7003_5.txt	7003	5	119.0	238.0	280.0	141.0	113.0	152.0	317.0	152.0	116.0	252.0	124.0	127.0	245.0	178.0	191.0	173.0	150.0	224.0	126.0	93.0	131.0	214.0	143.0	283.0	257.0	88.0	145.0	231.0	270.0	127.0	130.0	187.0	142.0	120.0	184.0	272.0	324.0	160.0	132.0	189.0	128.0	150.0	162.0	252.0	144.0	120.0	211.0	254.0	77.0	82.0	153.0	192.0	147.0	138.0	121.0	141.0	192.0	104.0	229.0	140.0	122.0	130.0	151.0	182.0	104.0	61.0	105.0	134.0	176.0	124.0	70.0	74.0	68.0	69.0	90.0	124.0	169.0	76.0	141.0	78.0	293.0	106.0	149.0	82.0	85.0	97.0	91.0	59.0	75.0	67.0	81.0
alpha_rarefaction_7003_6.txt	7003	6	118.0	245.0	266.0	139.0	122.0	148.0	303.0	151.0	118.0	234.0	128.0	141.0	259.0	181.0	198.0	169.0	154.0	242.0	149.0	90.0	111.0	206.0	135.0	293.0	236.0	96.0	143.0	239.0	260.0	132.0	131.0	193.0	129.0	122.0	196.0	271.0	326.0	162.0	116.0	193.0	118.0	170.0	150.0	240.0	149.0	131.0	208.0	250.0	78.0	100.0	148.0	195.0	141.0	127.0	115.0	132.0	189.0	113.0	217.0	157.0	118.0	127.0	135.0	170.0	101.0	64.0	107.0	141.0	176.0	115.0	63.0	78.0	69.0	75.0	97.0	129.0	161.0	69.0	140.0	76.0	297.0	107.0	144.0	86.0	86.0	97.0	92.0	61.0	70.0	75.0	77.0
alpha_rarefaction_7003_7.txt	7003	7	107.0	233.0	276.0	159.0	119.0	146.0	305.0	147.0	118.0	239.0	124.0	131.0	259.0	166.0	188.0	173.0	149.0	238.0	147.0	92.0	132.0	215.0	125.0	272.0	234.0	97.0	132.0	235.0	264.0	129.0	127.0	192.0	138.0	125.0	181.0	282.0	338.0	153.0	140.0	190.0	144.0	161.0	163.0	256.0	139.0	122.0	211.0	250.0	83.0	84.0	172.0	198.0	136.0	138.0	118.0	146.0	187.0	107.0	217.0	141.0	120.0	128.0	144.0	158.0	119.0	59.0	99.0	135.0	171.0	135.0	68.0	71.0	69.0	75.0	97.0	110.0	169.0	75.0	144.0	71.0	292.0	104.0	140.0	88.0	81.0	104.0	98.0	63.0	68.0	77.0	76.0
alpha_rarefaction_7003_8.txt	7003	8	101.0	229.0	283.0	143.0	120.0	137.0	317.0	145.0	134.0	242.0	129.0	123.0	245.0	189.0	202.0	167.0	151.0	234.0	128.0	82.0	131.0	219.0	135.0	275.0	250.0	83.0	145.0	228.0	273.0	118.0	130.0	191.0	136.0	127.0	187.0	293.0	323.0	165.0	128.0	178.0	125.0	161.0	156.0	250.0	148.0	114.0	217.0	246.0	77.0	89.0	166.0	193.0	139.0	139.0	101.0	147.0	195.0	111.0	216.0	145.0	116.0	130.0	131.0	162.0	106.0	63.0	102.0	125.0	176.0	119.0	68.0	73.0	67.0	75.0	91.0	108.0	153.0	76.0	146.0	73.0	296.0	109.0	139.0	78.0	85.0	88.0	98.0	69.0	71.0	70.0	79.0
alpha_rarefaction_7003_9.txt	7003	9	109.0	232.0	274.0	145.0	125.0	154.0	307.0	147.0	135.0	230.0	122.0	134.0	249.0	180.0	208.0	173.0	149.0	252.0	151.0	88.0	131.0	227.0	131.0	279.0	230.0	89.0	138.0	216.0	283.0	129.0	129.0	197.0	141.0	143.0	198.0	298.0	319.0	159.0	133.0	206.0	127.0	151.0	151.0	242.0	141.0	113.0	213.0	256.0	76.0	87.0	146.0	186.0	124.0	134.0	128.0	148.0	188.0	115.0	225.0	150.0	121.0	129.0	146.0	160.0	106.0	62.0	115.0	124.0	189.0	125.0	62.0	78.0	72.0	73.0	106.0	118.0	154.0	73.0	145.0	70.0	287.0	110.0	134.0	86.0	78.0	91.0	86.0	58.0	71.0	70.0	75.0
alpha_rarefaction_8002_0.txt	8002	0	126.0	253.0	303.0	162.0	133.0	146.0	322.0	156.0	127.0	242.0	143.0	150.0	260.0	190.0	205.0	174.0	161.0	256.0	158.0	92.0	131.0	246.0	141.0	306.0	267.0	105.0	146.0	235.0	283.0	140.0	146.0	209.0	143.0	132.0	196.0	315.0	356.0	171.0	128.0	211.0	135.0	151.0	167.0	257.0	147.0	126.0	229.0	258.0	85.0	90.0	159.0	194.0	144.0	136.0	136.0	145.0	200.0	120.0	238.0	165.0	120.0	137.0	170.0	193.0	119.0	62.0	120.0	146.0	187.0	145.0	69.0	79.0	71.0	84.0	98.0	121.0	185.0	85.0	157.0	79.0	304.0	114.0	162.0	93.0	83.0	101.0	98.0	69.0	73.0	81.0	79.0
alpha_rarefaction_8002_1.txt	8002	1	110.0	265.0	288.0	159.0	128.0	153.0	324.0	152.0	124.0	264.0	130.0	142.0	261.0	201.0	205.0	189.0	143.0	265.0	158.0	92.0	136.0	227.0	141.0	298.0	268.0	99.0	164.0	247.0	260.0	136.0	151.0	204.0	147.0	135.0	207.0	280.0	343.0	166.0	143.0	191.0	141.0	183.0	165.0	256.0	159.0	130.0	228.0	266.0	72.0	84.0	174.0	204.0	153.0	141.0	132.0	149.0	206.0	109.0	238.0	161.0	128.0	145.0	156.0	187.0	116.0	58.0	111.0	150.0	185.0	129.0	74.0	76.0	70.0	79.0	102.0	121.0	175.0	82.0	154.0	75.0	306.0	121.0	147.0	92.0	83.0	104.0	93.0	63.0	81.0	81.0	86.0
alpha_rarefaction_8002_2.txt	8002	2	128.0	250.0	290.0	153.0	133.0	153.0	338.0	158.0	137.0	258.0	127.0	134.0	278.0	194.0	205.0	187.0	163.0	262.0	162.0	97.0	125.0	237.0	140.0	306.0	260.0	113.0	142.0	240.0	292.0	145.0	133.0	191.0	134.0	141.0	209.0	277.0	352.0	175.0	135.0	204.0	129.0	164.0	160.0	269.0	170.0	136.0	227.0	259.0	86.0	95.0	162.0	186.0	140.0	156.0	138.0	152.0	206.0	125.0	220.0	156.0	129.0	136.0	160.0	189.0	112.0	66.0	118.0	139.0	177.0	136.0	68.0	79.0	63.0	85.0	99.0	123.0	172.0	74.0	149.0	75.0	311.0	108.0	149.0	93.0	81.0	105.0	100.0	75.0	77.0	82.0	72.0
alpha_rarefaction_8002_3.txt	8002	3	118.0	265.0	299.0	168.0	131.0	166.0	312.0	150.0	137.0	248.0	150.0	139.0	270.0	189.0	208.0	173.0	166.0	256.0	145.0	95.0	134.0	223.0	137.0	307.0	261.0	106.0	159.0	240.0	267.0	143.0	146.0	199.0	147.0	134.0	205.0	292.0	355.0	167.0	140.0	204.0	138.0	157.0	184.0	262.0	157.0	141.0	212.0	273.0	84.0	89.0	162.0	205.0	141.0	136.0	142.0	151.0	204.0	118.0	226.0	164.0	121.0	141.0	154.0	169.0	121.0	66.0	108.0	156.0	190.0	139.0	74.0	78.0	79.0	77.0	95.0	123.0	170.0	79.0	161.0	76.0	305.0	111.0	143.0	91.0	86.0	105.0	103.0	66.0	78.0	72.0	80.0
alpha_rarefaction_8002_4.txt	8002	4	112.0	261.0	295.0	152.0	132.0	161.0	332.0	152.0	121.0	247.0	133.0	129.0	264.0	190.0	209.0	181.0	153.0	235.0	158.0	94.0	127.0	223.0	133.0	300.0	261.0	112.0	140.0	248.0	287.0	135.0	141.0	200.0	135.0	132.0	199.0	303.0	343.0	162.0	131.0	192.0	144.0	175.0	170.0	263.0	141.0	140.0	238.0	269.0	81.0	94.0	180.0	207.0	142.0	155.0	132.0	148.0	206.0	128.0	228.0	147.0	131.0	138.0	153.0	170.0	108.0	65.0	96.0	140.0	184.0	128.0	71.0	73.0	62.0	80.0	95.0	121.0	171.0	81.0	144.0	75.0	310.0	119.0	153.0	92.0	88.0	109.0	99.0	66.0	71.0	75.0	81.0
alpha_rarefaction_8002_5.txt	8002	5	121.0	259.0	297.0	148.0	126.0	147.0	339.0	153.0	128.0	256.0	132.0	129.0	295.0	185.0	214.0	187.0	161.0	256.0	159.0	97.0	142.0	230.0	138.0	288.0	284.0	101.0	141.0	235.0	273.0	150.0	134.0	208.0	144.0	136.0	194.0	292.0	353.0	174.0	135.0	193.0	137.0	169.0	161.0	263.0	155.0	139.0	227.0	260.0	72.0	91.0	163.0	198.0	129.0	133.0	126.0	137.0	202.0	122.0	230.0	161.0	126.0	139.0	156.0	181.0	106.0	60.0	118.0	152.0	191.0	136.0	78.0	77.0	68.0	76.0	94.0	123.0	158.0	77.0	148.0	77.0	311.0	118.0	153.0	84.0	82.0	112.0	95.0	69.0	69.0	75.0	93.0
alpha_rarefaction_8002_6.txt	8002	6	125.0	254.0	287.0	153.0	133.0	148.0	337.0	156.0	134.0	249.0	146.0	142.0	271.0	203.0	220.0	194.0	139.0	243.0	153.0	95.0	136.0	212.0	133.0	315.0	250.0	103.0	164.0	240.0	272.0	138.0	152.0	204.0	136.0	132.0	208.0	299.0	360.0	174.0	141.0	214.0	133.0	162.0	162.0	265.0	169.0	144.0	223.0	263.0	83.0	90.0	158.0	213.0	144.0	151.0	119.0	148.0	210.0	120.0	225.0	162.0	134.0	135.0	152.0	183.0	124.0	65.0	119.0	147.0	204.0	129.0	61.0	74.0	62.0	81.0	93.0	120.0	175.0	81.0	153.0	86.0	310.0	112.0	158.0	79.0	77.0	93.0	91.0	71.0	74.0	75.0	88.0
alpha_rarefaction_8002_7.txt	8002	7	128.0	267.0	284.0	163.0	130.0	158.0	327.0	157.0	138.0	257.0	143.0	136.0	276.0	181.0	209.0	174.0	174.0	252.0	145.0	96.0	137.0	224.0	142.0	314.0	249.0	95.0	147.0	227.0	293.0	129.0	142.0	202.0	142.0	124.0	203.0	295.0	358.0	167.0	144.0	206.0	143.0	179.0	156.0	254.0	142.0	140.0	217.0	262.0	82.0	94.0	171.0	216.0	145.0	150.0	121.0	162.0	209.0	116.0	227.0	165.0	128.0	148.0	152.0	164.0	120.0	66.0	111.0	144.0	197.0	137.0	65.0	76.0	73.0	82.0	109.0	115.0	178.0	79.0	140.0	74.0	310.0	117.0	160.0	86.0	91.0	104.0	98.0	61.0	80.0	76.0	79.0
alpha_rarefaction_8002_8.txt	8002	8	114.0	266.0	288.0	168.0	136.0	164.0	328.0	160.0	129.0	259.0	132.0	134.0	259.0	188.0	211.0	179.0	153.0	255.0	148.0	90.0	126.0	231.0	136.0	310.0	264.0	110.0	159.0	255.0	278.0	132.0	144.0	203.0	145.0	133.0	198.0	300.0	353.0	168.0	135.0	195.0	144.0	186.0	163.0	261.0	144.0	139.0	219.0	266.0	79.0	94.0	172.0	210.0	131.0	142.0	132.0	142.0	211.0	116.0	222.0	152.0	129.0	141.0	152.0	179.0	132.0	65.0	109.0	146.0	190.0	132.0	67.0	76.0	70.0	83.0	101.0	124.0	168.0	73.0	152.0	78.0	305.0	114.0	146.0	93.0	85.0	98.0	102.0	65.0	73.0	74.0	79.0
alpha_rarefaction_8002_9.txt	8002	9	119.0	256.0	282.0	147.0	126.0	158.0	327.0	156.0	126.0	257.0	134.0	133.0	275.0	187.0	199.0	179.0	149.0	249.0	148.0	98.0	137.0	222.0	143.0	313.0	266.0	109.0	153.0	235.0	283.0	142.0	143.0	200.0	131.0	135.0	208.0	300.0	360.0	164.0	134.0	206.0	135.0	167.0	155.0	262.0	150.0	132.0	218.0	263.0	80.0	90.0	152.0	204.0	145.0	146.0	133.0	153.0	200.0	128.0	235.0	156.0	130.0	130.0	151.0	181.0	123.0	61.0	125.0	153.0	192.0	130.0	72.0	76.0	74.0	77.0	104.0	128.0	181.0	75.0	153.0	84.0	309.0	118.0	141.0	87.0	82.0	105.0	97.0	69.0	79.0	74.0	73.0
alpha_rarefaction_9001_0.txt	9001	0	124.0	283.0	319.0	175.0	135.0	168.0	332.0	163.0	137.0	263.0	139.0	142.0	282.0	195.0	225.0	194.0	157.0	260.0	160.0	115.0	144.0	246.0	137.0	312.0	283.0	108.0	169.0	261.0	289.0	131.0	151.0	233.0	151.0	142.0	223.0	311.0	367.0	184.0	147.0	204.0	138.0	168.0	171.0	291.0	163.0	134.0	238.0	293.0	81.0	98.0	179.0	218.0	158.0	153.0	136.0	166.0	220.0	127.0	249.0	171.0	127.0	147.0	162.0	184.0	125.0	65.0	115.0	155.0	205.0	128.0	80.0	82.0	74.0	78.0	116.0	123.0	183.0	75.0	165.0	74.0	326.0	123.0	168.0	96.0	87.0	119.0	99.0	68.0	81.0	82.0	89.0
alpha_rarefaction_9001_1.txt	9001	1	129.0	282.0	315.0	155.0	136.0	177.0	347.0	167.0	141.0	270.0	148.0	139.0	290.0	210.0	224.0	182.0	171.0	262.0	151.0	106.0	144.0	238.0	152.0	303.0	298.0	106.0	154.0	253.0	291.0	168.0	146.0	222.0	149.0	140.0	215.0	319.0	367.0	174.0	146.0	208.0	152.0	182.0	172.0	284.0	161.0	135.0	246.0	284.0	84.0	106.0	174.0	235.0	142.0	157.0	131.0	157.0	211.0	130.0	238.0	163.0	129.0	140.0	160.0	190.0	125.0	61.0	122.0	151.0	204.0	144.0	67.0	76.0	78.0	87.0	110.0	125.0	171.0	80.0	163.0	84.0	323.0	125.0	155.0	100.0	84.0	112.0	110.0	71.0	81.0	78.0	89.0
alpha_rarefaction_9001_2.txt	9001	2	122.0	270.0	313.0	169.0	134.0	150.0	335.0	153.0	121.0	285.0	140.0	154.0	292.0	195.0	221.0	197.0	170.0	269.0	164.0	109.0	143.0	250.0	144.0	308.0	278.0	107.0	167.0	250.0	284.0	145.0	143.0	215.0	153.0	134.0	207.0	319.0	367.0	176.0	144.0	210.0	150.0	179.0	157.0	265.0	157.0	144.0	237.0	280.0	84.0	97.0	180.0	208.0	142.0	156.0	136.0	166.0	216.0	127.0	242.0	173.0	133.0	142.0	164.0	189.0	133.0	69.0	118.0	154.0	206.0	134.0	79.0	86.0	72.0	88.0	107.0	127.0	180.0	81.0	163.0	83.0	319.0	116.0	153.0	96.0	95.0	116.0	105.0	69.0	78.0	78.0	83.0
alpha_rarefaction_9001_3.txt	9001	3	126.0	272.0	323.0	170.0	135.0	157.0	332.0	160.0	135.0	291.0	154.0	143.0	289.0	205.0	222.0	176.0	157.0	276.0	167.0	101.0	138.0	240.0	151.0	305.0	278.0	104.0	164.0	253.0	292.0	149.0	147.0	209.0	150.0	135.0	211.0	320.0	363.0	174.0	138.0	206.0	150.0	175.0	158.0	280.0	162.0	140.0	253.0	284.0	83.0	100.0	164.0	212.0	142.0	155.0	124.0	158.0	216.0	126.0	244.0	164.0	135.0	142.0	160.0	187.0	124.0	69.0	115.0	156.0	211.0	137.0	71.0	80.0	73.0	84.0	111.0	127.0	182.0	89.0	164.0	74.0	323.0	115.0	163.0	95.0	87.0	110.0	105.0	67.0	84.0	84.0	85.0
alpha_rarefaction_9001_4.txt	9001	4	127.0	263.0	323.0	168.0	143.0	170.0	336.0	165.0	142.0	290.0	133.0	155.0	284.0	193.0	217.0	203.0	173.0	260.0	177.0	93.0	137.0	235.0	147.0	316.0	274.0	116.0	160.0	255.0	286.0	145.0	149.0	201.0	160.0	142.0	211.0	313.0	362.0	172.0	151.0	195.0	162.0	179.0	165.0	284.0	160.0	133.0	253.0	282.0	91.0	90.0	171.0	222.0	150.0	156.0	144.0	154.0	222.0	131.0	242.0	169.0	133.0	151.0	169.0	184.0	129.0	64.0	120.0	154.0	211.0	141.0	69.0	80.0	76.0	82.0	110.0	138.0	181.0	84.0	152.0	74.0	322.0	124.0	155.0	90.0	90.0	116.0	104.0	69.0	75.0	78.0	77.0
alpha_rarefaction_9001_5.txt	9001	5	140.0	267.0	311.0	179.0	141.0	161.0	331.0	159.0	140.0	271.0	139.0	146.0	292.0	203.0	223.0	192.0	165.0	271.0	157.0	104.0	149.0	233.0	153.0	320.0	281.0	108.0	165.0	254.0	282.0	160.0	156.0	214.0	150.0	138.0	208.0	320.0	373.0	181.0	151.0	224.0	150.0	179.0	166.0	292.0	153.0	153.0	236.0	272.0	77.0	98.0	180.0	219.0	146.0	164.0	129.0	168.0	217.0	142.0	239.0	171.0	132.0	148.0	164.0	181.0	136.0	63.0	122.0	154.0	199.0	144.0	73.0	79.0	72.0	73.0	120.0	123.0	181.0	80.0	151.0	83.0	333.0	118.0	161.0	97.0	87.0	113.0	98.0	67.0	84.0	73.0	90.0
alpha_rarefaction_9001_6.txt	9001	6	117.0	270.0	305.0	166.0	142.0	151.0	345.0	164.0	137.0	272.0	135.0	148.0	284.0	208.0	210.0	194.0	166.0	262.0	155.0	105.0	142.0	242.0	143.0	315.0	276.0	109.0	155.0	257.0	292.0	160.0	147.0	209.0	151.0	143.0	215.0	338.0	363.0	170.0	150.0	208.0	149.0	179.0	180.0	278.0	165.0	135.0	239.0	286.0	81.0	94.0	175.0	217.0	155.0	153.0	138.0	163.0	215.0	127.0	256.0	164.0	129.0	144.0	162.0	180.0	129.0	72.0	121.0	163.0	201.0	143.0	74.0	82.0	78.0	80.0	107.0	123.0	190.0	81.0	154.0	77.0	325.0	118.0	149.0	86.0	91.0	117.0	98.0	69.0	85.0	80.0	86.0
alpha_rarefaction_9001_7.txt	9001	7	125.0	284.0	313.0	150.0	140.0	165.0	333.0	163.0	130.0	272.0	156.0	156.0	272.0	196.0	232.0	193.0	172.0	258.0	147.0	105.0	132.0	241.0	143.0	324.0	272.0	111.0	169.0	261.0	300.0	144.0	151.0	214.0	154.0	144.0	208.0	323.0	374.0	180.0	141.0	223.0	132.0	174.0	177.0	279.0	158.0	154.0	243.0	277.0	86.0	99.0	167.0	209.0	133.0	149.0	142.0	155.0	216.0	133.0	245.0	166.0	130.0	147.0	169.0	199.0	117.0	70.0	115.0	151.0	197.0	143.0	68.0	79.0	70.0	87.0	111.0	132.0	181.0	80.0	169.0	78.0	325.0	124.0	150.0	94.0	91.0	116.0	101.0	69.0	69.0	86.0	92.0
alpha_rarefaction_9001_8.txt	9001	8	125.0	264.0	297.0	154.0	139.0	170.0	346.0	163.0	133.0	267.0	149.0	144.0	279.0	203.0	211.0	195.0	183.0	271.0	165.0	104.0	146.0	250.0	147.0	308.0	287.0	109.0	158.0	255.0	284.0	143.0	161.0	210.0	158.0	148.0	207.0	339.0	364.0	184.0	145.0	207.0	151.0	184.0	175.0	279.0	171.0	140.0	252.0	279.0	82.0	90.0	175.0	227.0	142.0	146.0	133.0	169.0	216.0	130.0	249.0	173.0	134.0	148.0	164.0	190.0	122.0	70.0	118.0	162.0	188.0	143.0	72.0	85.0	75.0	91.0	91.0	125.0	190.0	81.0	158.0	84.0	326.0	113.0	153.0	96.0	94.0	106.0	102.0	74.0	74.0	76.0	89.0
alpha_rarefaction_9001_9.txt	9001	9	133.0	258.0	307.0	158.0	141.0	155.0	351.0	164.0	137.0	285.0	147.0	136.0	287.0	202.0	212.0	192.0	160.0	259.0	165.0	107.0	136.0	246.0	144.0	323.0	273.0	112.0	155.0	256.0	287.0	159.0	146.0	206.0	159.0	137.0	212.0	326.0	362.0	177.0	137.0	222.0	150.0	178.0	180.0	256.0	158.0	142.0	240.0	299.0	86.0	99.0	175.0	219.0	157.0	157.0	142.0	172.0	222.0	125.0	239.0	167.0	128.0	145.0	154.0	185.0	116.0	65.0	107.0	155.0	202.0	150.0	75.0	81.0	67.0	80.0	110.0	126.0	184.0	77.0	161.0	78.0	336.0	117.0	162.0	100.0	87.0	113.0	106.0	70.0	81.0	87.0	91.0
alpha_rarefaction_10000_0.txt	10000	0	140.0	283.0	314.0	175.0	138.0	164.0	376.0	170.0	148.0	284.0	158.0	159.0	289.0	213.0	233.0	200.0	170.0	275.0	184.0	110.0	151.0	244.0	154.0	332.0	295.0	118.0	157.0	282.0	312.0	165.0	153.0	217.0	146.0	144.0	222.0	345.0	388.0	183.0	159.0	206.0	154.0	193.0	184.0	293.0	170.0	148.0	248.0	292.0	90.0	98.0	184.0	230.0	153.0	166.0	144.0	174.0	221.0	136.0	251.0	173.0	135.0	149.0	175.0	194.0	127.0	71.0	137.0	162.0	222.0	152.0	72.0	87.0	75.0	95.0	122.0	131.0	193.0	91.0	165.0	84.0	344.0	119.0	159.0	103.0	95.0	110.0	111.0	79.0	84.0	81.0	95.0
alpha_rarefaction_10000_1.txt	10000	1	127.0	290.0	329.0	181.0	142.0	171.0	342.0	169.0	147.0	302.0	163.0	158.0	288.0	203.0	227.0	201.0	180.0	272.0	171.0	104.0	136.0	264.0	158.0	336.0	286.0	115.0	171.0	255.0	312.0	164.0	161.0	230.0	161.0	146.0	218.0	333.0	384.0	186.0	165.0	215.0	162.0	188.0	172.0	269.0	160.0	151.0	263.0	298.0	88.0	101.0	178.0	232.0	160.0	166.0	140.0	160.0	219.0	123.0	253.0	174.0	143.0	148.0	168.0	194.0	133.0	72.0	126.0	175.0	197.0	154.0	84.0	84.0	82.0	105.0	115.0	125.0	197.0	90.0	169.0	85.0	346.0	133.0	159.0	102.0	90.0	123.0	110.0	78.0	82.0	86.0	83.0
alpha_rarefaction_10000_2.txt	10000	2	133.0	290.0	343.0	176.0	148.0	179.0	361.0	169.0	160.0	291.0	149.0	148.0	297.0	213.0	227.0	204.0	171.0	286.0	168.0	101.0	152.0	264.0	168.0	323.0	302.0	108.0	176.0	261.0	305.0	164.0	157.0	218.0	156.0	134.0	222.0	331.0	385.0	184.0	149.0	217.0	164.0	192.0	189.0	285.0	157.0	145.0	252.0	280.0	90.0	103.0	190.0	220.0	160.0	165.0	140.0	180.0	222.0	135.0	258.0	175.0	144.0	155.0	170.0	202.0	128.0	67.0	129.0	167.0	216.0	152.0	82.0	80.0	74.0	99.0	112.0	137.0	192.0	94.0	170.0	85.0	350.0	135.0	163.0	106.0	86.0	110.0	106.0	71.0	96.0	85.0	85.0
alpha_rarefaction_10000_3.txt	10000	3	129.0	292.0	324.0	180.0	146.0	175.0	353.0	169.0	140.0	291.0	141.0	163.0	309.0	203.0	243.0	212.0	186.0	290.0	186.0	107.0	139.0	261.0	154.0	321.0	300.0	117.0	162.0	258.0	308.0	171.0	154.0	235.0	158.0	135.0	225.0	333.0	384.0	185.0	153.0	221.0	152.0	177.0	178.0	278.0	156.0	146.0	252.0	286.0	89.0	96.0	187.0	234.0	157.0	160.0	154.0	167.0	229.0	138.0	259.0	171.0	142.0	153.0	189.0	199.0	130.0	67.0	127.0	164.0	222.0	144.0	82.0	83.0	72.0	94.0	120.0	137.0	188.0	88.0	162.0	82.0	342.0	123.0	169.0	99.0	93.0	120.0	109.0	70.0	80.0	79.0	90.0
alpha_rarefaction_10000_4.txt	10000	4	138.0	294.0	332.0	164.0	146.0	164.0	355.0	170.0	148.0	297.0	146.0	152.0	306.0	196.0	234.0	216.0	179.0	295.0	165.0	110.0	149.0	268.0	166.0	339.0	287.0	114.0	171.0	270.0	299.0	159.0	172.0	226.0	155.0	150.0	227.0	351.0	384.0	189.0	150.0	227.0	150.0	171.0	188.0	289.0	166.0	137.0	257.0	286.0	93.0	105.0	191.0	232.0	152.0	146.0	135.0	168.0	227.0	139.0	254.0	172.0	136.0	151.0	178.0	189.0	134.0	74.0	125.0	151.0	213.0	135.0	69.0	87.0	68.0	87.0	117.0	132.0	191.0	87.0	171.0	90.0	341.0	127.0	164.0	97.0	94.0	116.0	110.0	73.0	91.0	87.0	87.0
alpha_rarefaction_10000_5.txt	10000	5	132.0	273.0	320.0	164.0	147.0	184.0	372.0	170.0	151.0	274.0	159.0	146.0	299.0	214.0	222.0	199.0	167.0	266.0	168.0	108.0	149.0	264.0	154.0	340.0	288.0	109.0	172.0	270.0	304.0	160.0	148.0	217.0	166.0	146.0	225.0	322.0	391.0	184.0	151.0	227.0	154.0	177.0	184.0	290.0	165.0	141.0	236.0	297.0	82.0	95.0	186.0	217.0	161.0	155.0	139.0	160.0	224.0	136.0	258.0	178.0	145.0	153.0	165.0	200.0	129.0	67.0	128.0	158.0	223.0	145.0	78.0	86.0	82.0	95.0	115.0	134.0	188.0	89.0	170.0	90.0	339.0	129.0	156.0	94.0	92.0	116.0	111.0	68.0	90.0	91.0	94.0
alpha_rarefaction_10000_6.txt	10000	6	147.0	276.0	319.0	170.0	145.0	190.0	351.0	167.0	144.0	273.0	153.0	156.0	302.0	210.0	231.0	211.0	190.0	275.0	177.0	107.0	139.0	259.0	145.0	337.0	299.0	120.0	164.0	249.0	312.0	161.0	168.0	231.0	158.0	158.0	226.0	330.0	382.0	183.0	161.0	223.0	154.0	180.0	180.0	285.0	167.0	150.0	259.0	277.0	92.0	97.0	176.0	219.0	174.0	160.0	143.0	163.0	224.0	141.0	254.0	168.0	145.0	151.0	179.0	196.0	135.0	71.0	127.0	170.0	209.0	143.0	80.0	85.0	79.0	84.0	126.0	139.0	192.0	86.0	177.0	83.0	338.0	123.0	159.0	97.0	99.0	117.0	109.0	74.0	85.0	89.0	97.0
alpha_rarefaction_10000_7.txt	10000	7	139.0	292.0	327.0	180.0	149.0	169.0	365.0	168.0	145.0	294.0	157.0	157.0	287.0	208.0	234.0	201.0	177.0	282.0	165.0	111.0	155.0	250.0	151.0	345.0	286.0	119.0	173.0	256.0	307.0	161.0	168.0	205.0	156.0	147.0	228.0	338.0	383.0	187.0	146.0	229.0	149.0	198.0	175.0	283.0	175.0	157.0	242.0	291.0	88.0	104.0	185.0	232.0	148.0	154.0	148.0	167.0	222.0	122.0	251.0	176.0	137.0	137.0	167.0	202.0	123.0	65.0	131.0	177.0	188.0	142.0	78.0	85.0	78.0	89.0	108.0	132.0	195.0	90.0	162.0	89.0	344.0	123.0	165.0	94.0	90.0	123.0	113.0	66.0	92.0	84.0	91.0
alpha_rarefaction_10000_8.txt	10000	8	132.0	287.0	333.0	169.0	139.0	180.0	357.0	168.0	152.0	290.0	152.0	151.0	298.0	207.0	233.0	194.0	176.0	262.0	173.0	114.0	151.0	247.0	152.0	350.0	297.0	115.0	163.0	280.0	310.0	159.0	158.0	226.0	140.0	153.0	224.0	355.0	385.0	185.0	144.0	226.0	150.0	193.0	187.0	292.0	176.0	144.0	257.0	290.0	97.0	98.0	184.0	225.0	152.0	143.0	147.0	166.0	226.0	129.0	248.0	167.0	137.0	139.0	187.0	203.0	126.0	68.0	126.0	171.0	193.0	146.0	75.0	90.0	78.0	86.0	116.0	128.0	190.0	90.0	168.0	81.0	346.0	128.0	161.0	100.0	91.0	108.0	110.0	73.0	91.0	76.0	86.0
alpha_rarefaction_10000_9.txt	10000	9	130.0	306.0	313.0	171.0	160.0	178.0	358.0	167.0	149.0	297.0	146.0	158.0	291.0	207.0	216.0	217.0	172.0	276.0	164.0	108.0	160.0	248.0	154.0	336.0	283.0	121.0	160.0	256.0	303.0	156.0	153.0	218.0	164.0	158.0	224.0	334.0	380.0	182.0	153.0	221.0	158.0	192.0	188.0	296.0	178.0	154.0	251.0	285.0	91.0	106.0	187.0	222.0	149.0	148.0	138.0	169.0	222.0	136.0	252.0	172.0	142.0	152.0	175.0	198.0	129.0	67.0	119.0	173.0	209.0	154.0	75.0	89.0	76.0	95.0	124.0	119.0	196.0	85.0	174.0	86.0	345.0	129.0	161.0	97.0	91.0	119.0	111.0	71.0	86.0	83.0	87.0