# Constructed from biom file
#OTU ID	146	147	148	150	151	152	153	155	156	157	158	160	161	162	163	165	166	167	168	170	171	172	173	175	176	177	178
Unassigned;Other;Other	0.00763202026079	0.00695981362842	0.00702998441177	0.000472549188075	0.000464290591288	0.000235432607416	0.000547074454228	0.000351339481774	0.00696726699093	0.000509300802755	0.00180651591603	0.000249329925824	0.000450972812782	0.00017243927674	0.000272380606501	0.00136041009464	0.00155786078223	0.000742673242816	0.000462611109275	0.000349064507121	0.000266159695817	0.000597307848198	0.000235404896422	0.000661588189706	0.000407694303399	0.000431152745659	0.000387525062762
k__Bacteria;p__Acidobacteria;c__Acidobacteriia	0.00030801875492	0.000174723354688	0.000794693890027	0.0	0.0	0.0	0.0	0.0	0.0	0.0	0.0	0.0	0.0	0.0	0.0	0.0	9.16388695429e-05	9.52145183098e-05	0.0	0.0	0.0	0.0	0.0	0.0	0.0	0.0	0.0
k__Bacteria;p__Acidobacteria;c__[Chloracidobacteria]	0.0	8.73616773442e-05	0.0	0.0	0.0	0.0	0.0	0.0	0.0	0.0	0.0	0.0	0.0	0.0	0.0	0.0	0.0	0.0	0.0	0.0	0.0	0.0	0.0	0.0	0.0	0.0	0.0
k__Bacteria;p__Actinobacteria;c__Acidimicrobiia	0.0	0.0	0.0	0.0	2.73112112522e-05	0.0	0.0	0.0	0.0	0.0	0.0	6.23324814561e-05	0.0	7.39025471745e-05	0.0	1.97160883281e-05	0.0	0.0	0.0	0.0	0.0	0.0	0.0	0.0	0.0	1.95978520754e-05	1.68489157723e-05
k__Bacteria;p__Actinobacteria;c__Actinobacteria	0.0330264553886	0.0143564356436	0.0186753064156	0.000128877051293	8.19336337567e-05	4.70865214832e-05	0.000182358151409	0.000131752305665	0.0397528592086	4.85048383576e-05	0.000124587304554	0.0	0.000257698750161	0.000344878553481	6.80951516252e-05	0.000473186119874	0.000934716469338	0.000514158398873	0.000380001982619	0.00017453225356	3.80228136882e-05	0.0001706593852	4.28008902585e-05	9.45125985294e-05	0.000166784033209	0.000137184964528	6.73956630891e-05
k__Bacteria;p__Actinobacteria;c__Thermoleophilia	0.0	0.0	0.0	0.0	0.0	0.0	0.0	0.0	0.000210332588405	0.0	0.0	0.0	0.0	0.0	0.0	0.0	0.0	0.0	0.0	0.0	0.0	0.0	0.0	0.0	0.0	0.0	0.0
k__Bacteria;p__Armatimonadetes;c__Armatimonadia	0.0	0.0	9.16954488492e-05	0.0	0.0	0.0	0.0	0.0	0.0	0.0	0.0	0.0	0.0	0.0	0.0	0.0	0.0	0.0	0.0	0.0	0.0	0.0	0.0	0.0	0.0	0.0	0.0
k__Bacteria;p__Bacteroidetes;c__Bacteroidia	0.0	0.0	0.0	0.0	0.0	0.0	0.0	0.000307422046552	0.0	0.0	0.0	0.0	0.0	0.0	0.0	0.0	0.000109966643451	0.0	0.0	0.0	0.0	0.00010666211575	0.0	7.56100788235e-05	0.0	3.91957041508e-05	0.0
k__Bacteria;p__Bacteroidetes;c__Cytophagia	0.00198500975393	0.00160163075131	0.00262860286701	0.0	0.0	0.0	0.0	0.000153711023276	7.8874720652e-05	0.0	0.0	0.0	0.0	0.0	0.0	0.0	0.0	0.0	0.0	0.0	0.0	0.0	0.0	0.0	0.0	0.0	0.0
k__Bacteria;p__Bacteroidetes;c__Flavobacteriia	0.0209452753345	0.00838672102504	0.0144573157686	6.44385256465e-05	0.000682780281305	0.00014125956445	0.00130255822435	0.000153711023276	0.0734060733535	9.70096767153e-05	3.11468261384e-05	0.0	0.0	0.0	0.000340475758126	0.000729495268139	0.00218100509512	0.000761716146478	0.000677394838582	0.000471237084613	5.70342205323e-05	0.000426648462999	0.0	0.000680490709412	0.000277973388681	5.87935562262e-05	1.68489157723e-05
k__Bacteria;p__Bacteroidetes;c__Sphingobacteriia	0.136110065368	0.0188118811881	0.0257664211266	0.000536987713721	0.000819336337567	0.000188346085933	0.000521023289741	0.000109793588054	0.165768371237	2.42524191788e-05	9.34404784152e-05	0.000560992333105	0.000150324270927	9.85367295659e-05	0.000249682222626	0.00187302839117	0.00573659323339	0.00059033001352	0.000859134917226	0.000226891929629	0.000171102661597	0.000831964502848	0.000214004451293	0.000264635275882	0.000389162744153	0.000117587112452	8.42445788614e-05
k__Bacteria;p__Bacteroidetes;c__[Saprospirae]	0.00205345836613	0.00110658124636	0.00152825748082	0.000107397542744	0.0	2.35432607416e-05	0.0	0.0	0.000368082029709	4.85048383576e-05	9.34404784152e-05	0.0	0.000300648541855	4.9268364783e-05	0.000431269293626	5.91482649842e-05	0.00284080495583	3.80858073239e-05	0.000214783729306	3.49064507121e-05	0.0	8.53296925998e-05	0.0	5.67075591176e-05	0.0	5.87935562262e-05	1.68489157723e-05
k__Bacteria;p__Chloroflexi;c__Anaerolineae	0.0	0.0	9.16954488492e-05	0.0	0.0	0.0	0.0	0.0	0.0	0.0	0.0	0.0	0.0	0.0	0.0	0.0	0.0	0.0	0.0	0.0	0.0	0.0	0.0	0.0	0.0	0.0	0.0
k__Bacteria;p__Chloroflexi;c__Chloroflexi	3.42243061022e-05	8.73616773442e-05	0.0	0.0	0.0	0.0	0.0	0.0	0.0	0.0	0.0	0.0	0.0	0.0	0.0	0.0	0.0	0.0	0.0	0.0	0.0	0.0	0.0	0.0	0.0	0.0	0.0
k__Bacteria;p__Cyanobacteria;c__Chloroplast	0.160203976864	0.387449039022	0.463092581838	0.000171836068391	0.000218489690018	0.000117716303708	0.000468920960767	0.000153711023276	7.8874720652e-05	0.000218271772609	3.11468261384e-05	6.23324814561e-05	6.44246875403e-05	2.46341823915e-05	0.000862538587253	0.0022476340694	0.00210769399949	0.000495115495211	0.000446089283944	0.00083775481709	0.000342205323194	0.000682637540798	0.0	0.000245732756176	0.000833920166043	0.000333163485282	0.000269582652356
k__Bacteria;p__Firmicutes;c__Bacilli	0.0046545056299	0.00372743156669	0.00510437998594	0.985565770255	0.983067049024	0.995597410241	0.97944563122	0.994707949056	0.578309451821	0.930832100502	0.528686226873	0.971202393567	0.955847614139	0.986771444056	0.990012711095	0.965417981073	0.898849015799	0.973397063584	0.982569474276	0.961096760681	0.935741444867	0.928792371525	0.916474062661	0.987675557152	0.989233164078	0.989338768471	0.992940304291
k__Bacteria;p__Firmicutes;c__Clostridia	0.000205345836613	0.000378567268492	0.000825259039643	0.00131025002148	0.00128362692885	0.000612124779282	0.00289167925806	0.000944224857268	0.00297094781123	0.00157640724662	0.00143275400237	0.0261796422116	0.00221191427222	0.00707001034636	0.00326856727801	0.00132097791798	0.00511344892049	0.00184716165521	0.00198261903975	0.000820301591734	0.001463878327	0.00219723958444	0.000256805341551	0.00119085874147	0.0012230829102	0.00154823031396	0.00166804266145
k__Bacteria;p__Firmicutes;c__Erysipelotrichi	0.0	0.0	0.0	0.0	0.0	0.0	0.0	0.0	0.0	0.0	0.0	0.0	0.0	0.0	0.0	0.0	0.0	0.0	0.0	0.0	0.0	0.0	0.0	0.0	7.41262369816e-05	0.0	0.0
k__Bacteria;p__Fusobacteria;c__Fusobacteriia	0.0	0.0	0.0	0.0	0.0	0.0	0.0	0.0	0.0	0.0	0.0	0.0	0.0	0.000197073459132	0.0	0.0	0.0	0.0	0.0	0.0	0.0	0.0	0.0	0.0	0.0	0.0	0.0
k__Bacteria;p__Gemmatimonadetes;c__Gemm-3	3.42243061022e-05	0.0	0.000183390897698	0.0	0.0	0.0	0.0	0.0	0.0	0.0	0.0	0.0	0.0	0.0	0.0	0.0	0.0	0.0	0.0	0.0	0.0	0.0	0.0	0.0	0.0	0.0	0.0
k__Bacteria;p__Planctomycetes;c__Planctomycetia	0.00030801875492	0.000320326150262	0.000213956047315	0.0	0.0	0.0	0.0	0.0	0.0	0.0	0.0	0.0	0.0	0.0	0.0	5.91482649842e-05	0.0	0.0	1.65218253313e-05	0.000139625802848	0.0	0.0	0.0	0.0	0.0	0.0	0.0
k__Bacteria;p__Proteobacteria;Other	0.000239570142715	0.0	0.000152825748082	0.0	0.0	0.0	0.0	0.0	0.0	0.0	0.0	0.0	0.0	0.0	0.0	0.0	0.0	0.0	0.0	0.0	0.0	0.0	0.0	0.0	0.0	0.0	0.0
k__Bacteria;p__Proteobacteria;c__Alphaproteobacteria	0.169581436736	0.102591729761	0.167955497142	0.00214795085488	0.00363239109655	0.000612124779282	0.00471526077216	0.000790513833992	0.047745497568	0.0631047947033	0.464710645985	0.000373994888737	0.037838766482	0.00293146770459	0.001089522426	0.00902996845426	0.0209853011253	0.00794089082703	0.00363480157288	0.0280473331472	0.0554752851711	0.0571282291956	0.0817497003938	0.00449879969	0.00213112931322	0.00250852506565	0.0012131219356
k__Bacteria;p__Proteobacteria;c__Betaproteobacteria	0.0779971936069	0.0592603377985	0.0850628113825	0.00141764756422	0.00169329509764	0.000400235432607	0.00145886521127	0.000417215634607	0.0347048770869	0.000582058060292	0.000529496044353	0.000373994888737	0.000558347292016	0.000394146918264	0.000612856364627	0.00402208201893	0.0109050254756	0.00298973587493	0.0019000099131	0.0011519128735	0.00148288973384	0.0018772532372	0.000149803115905	0.00122866378088	0.000741262369816	0.00125426253283	0.000994086030564
k__Bacteria;p__Proteobacteria;c__Deltaproteobacteria	0.000410691673226	0.00655212580082	0.00042791209463	6.44385256465e-05	2.73112112522e-05	0.0	0.000130255822435	0.0	5.25831471014e-05	0.0	0.0	0.0	0.0	0.0	0.0	0.0	0.0	0.0	0.0	8.72661267802e-05	0.000114068441065	2.13324231499e-05	0.0	0.0	0.0	3.91957041508e-05	0.0
k__Bacteria;p__Proteobacteria;c__Gammaproteobacteria	0.383825592936	0.387740244613	0.204664241831	0.00801185668872	0.0080021848969	0.00202472042378	0.00833637263586	0.00177865612648	0.0495859077166	0.00295879513982	0.00246059926493	0.000934987221841	0.00231928875145	0.00187219786175	0.00279190121663	0.0133872239748	0.0485869286316	0.010587854436	0.00685655751247	0.00656241273387	0.00484790874525	0.00701836721633	0.0008774182503	0.00332684346823	0.00452170045588	0.00395876611923	0.00232515037657
k__Bacteria;p__Tenericutes;c__Mollicutes	0.0	0.0	0.0	0.0	0.0	0.0	0.0	0.0	0.0	0.0	0.0	0.0	0.0	0.0	0.0	0.0	0.0	0.0	0.0	0.0	0.0	0.0	0.0	0.0	0.0	0.000156782816603	0.0
k__Bacteria;p__Verrucomicrobia;c__Verrucomicrobiae	0.000342243061022	0.000378567268492	0.00119204083504	0.0	0.0	0.0	0.0	0.0	0.0	0.0	0.0	0.0	0.0	0.0	0.0	0.0	0.0	0.0	0.0	0.0	0.0	6.39972694498e-05	0.0	0.0	0.0	0.0	0.0
k__Bacteria;p__Verrucomicrobia;c__[Spartobacteria]	0.000102672918307	2.91205591147e-05	6.11302992328e-05	0.0	0.0	0.0	0.0	0.0	0.0	0.0	0.0	0.0	0.0	0.0	0.0	0.0	0.0	0.0	0.0	0.0	0.0	0.0	0.0	0.0	0.0	0.0	0.0