# Constructed from biom file
#OTU ID	145	146	147	148	150	151	152	153	155	156	157	158	160	161	162	163	165	166	168	171
k__Fungi;p__Ascomycota;c__Dothideomycetes;o__Capnodiales	0.00762195121951	0.000882943734411	0.00377188029362	0.00581695966908	0.0	0.0256944444444	0.0	0.0119768190599	0.0	0.0	0.0	0.0	0.0	0.000505907696325	0.000299679343103	0.00220619057074	0.0	0.0	0.0	0.0
k__Fungi;p__Ascomycota;c__Dothideomycetes;o__Dothideales	0.000169376693767	0.0	0.000248447204969	0.000284384694933	0.0	0.0	0.0	0.0	0.0	0.0	0.0	0.0	0.0	0.0	0.0	0.0	0.0	0.0	0.0	0.0
k__Fungi;p__Ascomycota;c__Dothideomycetes;o__Pleosporales	0.101738934056	0.0667726199148	0.0625409373235	0.0453205791107	0.00446566060979	0.0	0.00588036498817	2.57566001288e-05	0.0	6.99888017917e-05	0.00948369424776	0.0	0.0	1.63196031073e-05	0.00409062303335	0.00220619057074	2.46402523162e-05	0.0131810796586	0.0231434896357	0.0
k__Fungi;p__Ascomycota;c__Dothideomycetes;o__unidentified	0.0214167419452	0.0108602079332	0.00772444946358	0.00633402275078	0.0	0.0	0.0	0.0118222794591	0.0	0.0	0.0	0.0	0.0	0.0	0.0	0.0	2.46402523162e-05	0.0	0.0147917085933	0.0544241991187
k__Fungi;p__Ascomycota;c__Eurotiomycetes;o__Chaetothyriales	0.000583408611864	0.000286956713683	0.00210050818746	0.00661840744571	0.0	0.0	0.0	0.00185447520927	0.0	0.0	0.0	0.0	0.0	0.0	0.0	0.0	0.0	0.0	0.0	0.0
k__Fungi;p__Ascomycota;c__Eurotiomycetes;o__Eurotiales	0.0067374284854	0.00156722512858	0.00388481084133	0.00328335056877	0.0129350169387	0.0177314814815	0.0640306409823	0.0	0.0	0.00888857782755	0.00519406687684	0.0	0.0	0.0049611593446	0.0	0.0	0.0	0.0	0.0	0.0
k__Fungi;p__Ascomycota;c__Eurotiomycetes;o__Incertae_sedis	0.0	0.0	0.0	0.0	5.13294322965e-05	0.0	0.0	5.15132002576e-05	0.0	0.356103023516	0.0717091322549	0.0	0.251279245399	0.259710163849	0.342863136444	0.56540251947	0.0	6.86514565551e-05	0.0	5.95450756222e-05
k__Fungi;p__Ascomycota;c__Incertae_sedis;o__Incertae_sedis	0.0	0.000110367966801	0.0	0.000180972078594	0.0	0.0	0.0	0.0	0.0	0.0	0.0	0.0	0.0	0.0	0.0	0.0	0.0	0.0	0.0	0.0
k__Fungi;p__Ascomycota;c__Leotiomycetes;o__Helotiales	0.000319933754893	8.82943734411e-05	0.0	0.0	0.0	0.0	0.000112650670271	0.00633612363168	0.97515871489	6.99888017917e-05	0.0	0.0	0.0	0.0	0.0	0.0	2.46402523162e-05	0.0	0.0	0.0
k__Fungi;p__Ascomycota;c__Pezizomycetes;o__Pezizales	0.0	0.0	0.0	7.75594622544e-05	0.0	0.0	0.0	0.0	0.0	0.0	0.0	0.0	0.0	0.0	0.0	0.0	0.0	0.0	0.0	0.0
k__Fungi;p__Ascomycota;c__Saccharomycetes;o__Saccharomycetales	0.140375639868	0.108756594486	0.276002258611	0.165667011375	0.540755569243	0.611990740741	0.479125830799	0.698956857695	0.00012023855329	0.466055431131	0.747945630265	0.992045268165	0.420293764064	0.709184672629	0.600617339447	0.390164802436	0.569115907747	0.658733609465	0.524577379754	0.594914850542
k__Fungi;p__Ascomycota;c__Sordariomycetes;o__Diaporthales	0.0	0.000220735933603	0.0	0.0	0.0	0.0	0.0	0.0	0.0	0.0	0.0	0.0	0.0	0.0	0.0	0.0	0.0	0.0	0.0	0.0
k__Fungi;p__Ascomycota;c__Sordariomycetes;o__Hypocreales	0.238482384824	0.451956824051	0.273879164314	0.173759048604	0.085874140232	0.0130555555556	0.000112650670271	0.0260141661301	0.0	0.0	0.0	6.15056585206e-05	0.00103264387658	0.0	0.0	0.00236062391069	0.000295683027794	0.00697956474977	0.00877943248138	0.0
k__Fungi;p__Ascomycota;c__Sordariomycetes;o__Incertae_sedis	0.000564588979223	0.000706354987528	6.77583286279e-05	0.00105997931748	0.0	0.0	0.0	0.0	0.0	0.0	0.0	0.0	0.0	0.0	0.0	0.0	0.0	0.0	0.0	0.0
k__Fungi;p__Ascomycota;c__Sordariomycetes;o__Microascales	0.0	0.0	0.0	0.0	0.0	0.0	0.0	0.0	0.0	0.0	0.0	0.0	0.0	0.0	1.49839671551e-05	0.0	2.46402523162e-05	0.0	0.0	5.95450756222e-05
k__Fungi;p__Ascomycota;c__Sordariomycetes;o__Sordariales	0.0	0.000397324680485	0.0	0.000310237849018	0.0	0.0	0.0	0.0	0.0	0.0	0.0	0.0	0.0	0.0	0.0	0.0	0.0	0.0	0.0	0.0
k__Fungi;p__Ascomycota;c__Sordariomycetes;o__Trichosphaeriales	0.000602228244505	0.00196454980906	0.000971202710333	0.0	0.00477363720357	0.0285185185185	0.0	0.0	0.0	0.0	0.0	0.0	0.0	0.0	0.0	0.0	0.0	0.0	0.0	0.0
k__Fungi;p__Ascomycota;c__Sordariomycetes;o__Xylariales	0.000169376693767	0.0	0.0	0.0	0.0	0.0	0.0	0.0	0.0	0.0	0.0	0.0	0.0	0.0	0.0	0.0	0.0	0.0	0.0	0.0
k__Fungi;p__Ascomycota;c__Sordariomycetes;o__unidentified	0.0	0.0	0.0	0.00116339193382	0.0	0.0	0.0	0.00262717321314	0.0	0.0	0.0	0.0	0.0	0.0	0.0	0.0	0.00300611078257	0.0	0.0	0.0
k__Fungi;p__Ascomycota;c__unidentified;o__unidentified	0.0616907557964	0.0777873430016	0.0780124223602	0.136866597725	0.0531259624269	0.0331481481481	0.0677255829672	0.0694397939472	0.0	0.0256508958567	0.00832084345444	2.05018861735e-05	0.0	0.00804556433188	0.00215769127034	0.0	0.20010348906	0.0341655415456	0.0307405916683	0.00780040490651
k__Fungi;p__Basidiomycota;c__Agaricomycetes;o__Agaricales	0.000282294489612	0.00086087014105	0.000587238848108	0.00201654601861	5.13294322965e-05	0.0	0.0	0.00533161622666	0.0	0.0	5.1682257481e-05	0.0	0.0	0.000375350871467	0.0	0.0	0.0	0.0019908922401	0.00797444153753	0.061629153269
k__Fungi;p__Basidiomycota;c__Agaricomycetes;o__Cantharellales	0.0206263173743	0.00192040262234	0.0030717108978	0.0107032057911	0.0	0.0	0.0	0.0	0.0	0.0	0.0	0.000389535837297	0.0	0.0	0.0	0.0	0.0	0.0	0.0	0.0
k__Fungi;p__Basidiomycota;c__Agaricomycetes;o__Corticiales	3.76392652815e-05	0.0	0.000225861095426	0.000180972078594	0.0	0.0	0.0	0.0	0.0	0.0	0.0	0.0	0.0	0.0	0.0	0.0	0.0	0.0	0.0	0.0
k__Fungi;p__Basidiomycota;c__Agaricomycetes;o__Geastrales	0.0	0.0	0.0	0.0	0.0	0.0	0.0	0.0	0.0	0.0	0.0	0.0	0.0	0.000718062536719	0.0	0.0	0.0	0.0	0.0	0.0
k__Fungi;p__Basidiomycota;c__Agaricomycetes;o__Hymenochaetales	0.0	8.82943734411e-05	0.0	0.0	0.0	0.0	0.0	0.0	0.0	0.0	0.0	0.0	0.0	0.0	0.0	0.0	0.0	0.0	0.0	0.0
k__Fungi;p__Basidiomycota;c__Agaricomycetes;o__Phallales	9.40981632039e-05	0.0	0.0	0.0	0.0	0.0	0.0	0.0	0.0	0.000979843225084	0.0	0.0	0.0	0.0	5.99358686206e-05	0.0	0.0	0.00013730291311	0.0	0.0
k__Fungi;p__Basidiomycota;c__Agaricomycetes;o__Polyporales	0.000282294489612	0.0	0.0	0.0	0.0	0.0	0.0	0.0	0.0	0.0	0.0	0.0	0.0	0.0	0.0	0.0	0.0	0.0	0.0	0.0
k__Fungi;p__Basidiomycota;c__Agaricomycetes;o__Russulales	0.0	0.0	0.0	0.0	0.0	0.0	0.0	0.0	0.0	0.0	0.0105431805261	0.0	0.0	0.0	0.0	0.0	0.0	0.0	0.0	0.0
k__Fungi;p__Basidiomycota;c__Agaricostilbomycetes;o__Agaricostilbales	0.000225835591689	0.0	0.00042913608131	0.00116339193382	0.0	0.000925925925926	0.0	0.0	0.0	0.0	0.0	0.0	0.0	0.0	0.0	0.0	0.0	0.0	0.0	0.0
k__Fungi;p__Basidiomycota;c__Cystobasidiomycetes;o__Cystobasidiales	0.00122327612165	0.00768161048937	0.00494635798984	0.0108841778697	0.0285904937891	0.0189814814815	0.0246479666554	0.0233354797167	0.0	0.0	0.0	0.0	0.0	0.000342711665252	0.0	0.0	0.00317859254879	0.0134785693036	0.00613805594687	0.0
k__Fungi;p__Basidiomycota;c__Microbotryomycetes;o__Sporidiobolales	0.00111035832581	0.00154515153522	0.00173913043478	0.000775594622544	0.0	0.0	6.75904021629e-05	0.0	0.0	0.0	0.0	0.0	0.0	0.0	2.99679343103e-05	0.0	0.0129854129706	0.0	0.0	0.0
k__Fungi;p__Basidiomycota;c__Microbotryomycetes;o__unidentified	0.000150557061126	0.0	0.0	0.0	0.0	0.0	0.0	0.0	0.0	0.0	0.0	0.0	0.0	0.0	0.0	0.0	0.0	0.0	0.0	0.0
k__Fungi;p__Basidiomycota;c__Pucciniomycetes;o__Pucciniales	0.000639867509786	0.00326689181732	0.0	0.0	0.0	4.62962962963e-05	0.0	0.0	0.0	0.0	0.0	0.0	0.0	0.0	0.00188797986155	0.0	0.0	0.0	0.0	0.0
k__Fungi;p__Basidiomycota;c__Tremellomycetes;o__Filobasidiales	0.00558943089431	0.00818930313666	0.0122190852626	0.00129265770424	0.0	0.0124074074074	0.0	0.0	0.0	0.0	0.00682205798749	0.0	0.0	0.00257849729095	0.0	0.0	0.0	0.00661342364814	0.0143640571544	0.0
k__Fungi;p__Basidiomycota;c__Tremellomycetes;o__Tremellales	0.0139077085215	0.0189170695097	0.016397515528	0.00762668045502	0.0351093316908	0.0155092592593	0.0110622958207	0.0283580167418	2.40477106579e-05	3.49944008959e-05	0.00542663703551	2.05018861735e-05	0.00739804568293	0.0	0.0	0.00202969532508	0.0498225901833	0.0581935513398	0.0179613604347	0.0
k__Fungi;p__Basidiomycota;c__Tremellomycetes;o__unidentified	0.000357573020175	0.0033331125974	0.000813099943535	0.0	0.0	0.0	0.0	0.0	0.0	0.0	0.0	0.0	0.0	0.0	0.0	0.0	0.0	0.00453099613263	0.00528275306903	0.0
k__Fungi;p__Basidiomycota;c__Ustilaginomycetes;o__Ustilaginales	0.000188196326408	0.000794649360969	0.000993788819876	0.000336091003102	0.000513294322965	0.000694444444444	0.00238819420976	0.000309079201545	0.0	0.000279955207167	0.000465140317329	0.0	7.70629758639e-06	3.26392062145e-05	0.000164823638707	0.0	0.00189729942835	0.000160186731962	0.00266653250151	0.0224484935096
k__Fungi;p__Basidiomycota;c__Wallemiomycetes;o__Wallemiales	0.0	0.0	0.0	5.17063081696e-05	0.00179653013038	0.00208333333333	0.0	0.0	0.0	0.0	0.0	0.0	0.0	0.0	0.0	0.0	0.0	0.0	0.0	0.0
k__Fungi;p__Basidiomycota;c__unidentified;o__unidentified	0.035889039446	0.0391144074344	0.0294071146245	0.0223371251293	0.0	0.0280555555556	0.0343359242987	0.011204121056	0.0	0.0222564389698	0.0109049563285	0.0	7.70629758639e-06	0.000881258567792	1.49839671551e-05	0.00229443819357	0.0205499704317	0.0280097942745	0.0165777822499	0.0505537692033
k__Fungi;p__Glomeromycota;c__Glomeromycetes;o__Archaeosporales	0.0	0.0	0.0	0.0	0.0	0.0	0.0	0.0	0.0	0.00895856662934	0.0	0.0	0.0	0.0	0.0	0.0	0.0	0.0	0.0	0.0
k__Fungi;p__Glomeromycota;c__Glomeromycetes;o__Glomerales	0.0033687142427	0.0	0.0	0.0	0.0	0.0	0.0	0.0	0.0	0.0	0.0	0.0	0.0	0.0	0.0	0.0	0.0	0.0	0.0	0.0
k__Fungi;p__Glomeromycota;c__Glomeromycetes;o__Paraglomerales	0.000131737428485	0.0	0.0	0.0	0.0	0.0	0.0	0.0	0.0	0.0	0.0	0.0	0.0	0.0	0.0	0.0	0.0	0.0	0.0	0.0
k__Fungi;p__unidentified;c__unidentified;o__unidentified	0.335422312556	0.191929894267	0.219966120836	0.395889348501	0.231957704548	0.191157407407	0.310510307536	0.102356728912	0.0246969988457	0.110652295633	0.123132978448	0.00746268656716	0.319980888382	0.0126476924081	0.0477988552249	0.0333355395239	0.138946382811	0.173756836541	0.327002414973	0.2081100393