Group1	Group2	Group1 mean	Group1 std	Group2 mean	Group2 std	t stat	p-value
LB-AS/90+140	LB-AS/90+140h	73.3	0.0	90.95	12.4357347994	-1.09938266075	1.0
C/90	C-AS/90	147.62	12.0370095954	128.68	19.9097363117	1.62815629121	1.0
LB-AS/90+50h	LB-AS/90+140	66.66	11.8376686894	73.3	0.0	0.457990288427	1.0
LB/90+50h	C/90+50h	68.22	5.55027927225	137.06	9.34443149689	-12.6678171152	1.0
LB+LP/90+140h	LB-AS/90+140	83.08	10.3590347041	73.3	0.0	-0.77085720722	1.0
C/30	LB-AS/90	176.625	13.8035095175	67.36	10.490872223	11.8955406891	1.0
LB/30+120h	LB-AS/90+140h	37.9	2.1	90.95	12.4357347994	-7.28566066081	1.0
LB+LP/90	C/30+120h	75.52	4.86555238385	101.9	13.6486263045	-3.54066119815	1.0
C/90	LB-AS/90+140h	147.62	12.0370095954	90.95	12.4357347994	6.09890439289	1.0
C/30	LB+LP/30+120h	176.625	13.8035095175	39.925	1.60058583025	17.038815908	1.0
LB+LP/30+120h	LB/90	39.925	1.60058583025	66.12	5.114841151	-8.69893635831	1.0
LB/30	C/30+120h	42.125	4.85096639856	101.9	13.6486263045	-7.147596129	1.0
LB+LP/90+50h	LB/90	65.84	8.7860343728	66.12	5.114841151	-0.0550833291397	1.0
LB+LP/90+140h	LB/30+120h	83.08	10.3590347041	37.9	2.1	7.56938213567	0.693
LB/90+50h	LB-AS/90	68.22	5.55027927225	67.36	10.490872223	0.144920037799	1.0
LB-AS/90+50h	LB/90	66.66	11.8376686894	66.12	5.114841151	0.0837506289488	1.0
LB/30	LB+LP/90+140h	42.125	4.85096639856	83.08	10.3590347041	-6.43201003479	0.462
C/90	C-AS/90+140h	147.62	12.0370095954	78.48	22.7908227144	5.36504765096	1.0
LB/90+140h	C-AS/90+140h	80.86	8.10718200116	78.48	22.7908227144	0.19677688902	1.0
LB/30+120h	LB+LP/30	37.9	2.1	41.3	4.05647630339	-1.28922984272	1.0
LB+LP/90+140h	C/30+120h	83.08	10.3590347041	101.9	13.6486263045	-2.07334332609	1.0
LB-AS/90+50h	C/30+120h	66.66	11.8376686894	101.9	13.6486263045	-3.6553229586	1.0
C/30	C/30+120h	176.625	13.8035095175	101.9	13.6486263045	6.66743050892	1.0
C/90+50h	LB/90	137.06	9.34443149689	66.12	5.114841151	13.3186901732	1.0
LB/30+120h	C/90+140h	37.9	2.1	100.06	20.7340878748	-5.26634228299	1.0
LB-AS/90+140	LB/90+50h	73.3	0.0	68.22	5.55027927225	0.747314221079	1.0
LB-AS/90+50h	C-AS/90	66.66	11.8376686894	128.68	19.9097363117	-5.35507505041	1.0
C-AS/90+50h	LB+LP/90+50h	77.16	16.6272787912	65.84	8.7860343728	1.20387933588	1.0
LB/30+120h	LB/90+50h	37.9	2.1	68.22	5.55027927225	-9.12698394013	1.0
LB-AS/90+50h	LB+LP/90+50h	66.66	11.8376686894	65.84	8.7860343728	0.111247229401	1.0
C/90+50h	C-AS/90	137.06	9.34443149689	128.68	19.9097363117	0.762041788869	1.0
C/30+120h	LB+LP/90+50h	101.9	13.6486263045	65.84	8.7860343728	4.22878573304	1.0
LB-AS/90+140	C/30+120h	73.3	0.0	101.9	13.6486263045	-1.6231277966	1.0
LB-AS/90+50h	C/90	66.66	11.8376686894	147.62	12.0370095954	-9.59097650909	1.0
LB/30	LB/30+120h	42.125	4.85096639856	37.9	2.1	1.38439355222	1.0
LB-AS/90+50h	LB/90+50h	66.66	11.8376686894	68.22	5.55027927225	-0.238637024626	1.0
LB-AS/90+50h	C-AS/90+50h	66.66	11.8376686894	77.16	16.6272787912	-1.02887195621	1.0
LB+LP/90	LB/30+120h	75.52	4.86555238385	37.9	2.1	12.7227011858	0.924
C/90	LB+LP/90	147.62	12.0370095954	75.52	4.86555238385	11.1066702141	1.0
LB/30	LB-AS/90	42.125	4.85096639856	67.36	10.490872223	-3.92068305228	1.0
LB/30	LB-AS/90+140h	42.125	4.85096639856	90.95	12.4357347994	-6.33540180077	1.0
LB/30	LB-AS/90+140	42.125	4.85096639856	73.3	0.0	4.97798772029	1.0
LB-AS/90+140	LB+LP/90+50h	73.3	0.0	65.84	8.7860343728	0.693266636035	1.0
LB/30	C-AS/90+140h	42.125	4.85096639856	78.48	22.7908227144	-2.76395558956	1.0
LB/30	LB/90+140h	42.125	4.85096639856	80.86	8.10718200116	-7.43018514507	0.924
LB/30+120h	C-AS/90+140h	37.9	2.1	78.48	22.7908227144	-3.12996791801	1.0
C/90	LB+LP/90+140h	147.62	12.0370095954	83.08	10.3590347041	8.12806381015	1.0
LB-AS/90+140	C-AS/90	73.3	0.0	128.68	19.9097363117	-2.27112905686	1.0
LB/30	C/90+50h	42.125	4.85096639856	137.06	9.34443149689	-16.2531145169	1.0
LB-AS/90+140	C-AS/90+50h	73.3	0.0	77.16	16.6272787912	-0.189548563055	1.0
LB/90+140h	LB+LP/30	80.86	8.10718200116	41.3	4.05647630339	7.85600886471	1.0
C/30	LB-AS/90+140h	176.625	13.8035095175	90.95	12.4357347994	7.98710099525	1.0
C/90	C/30	147.62	12.0370095954	176.625	13.8035095175	-2.96701147526	1.0
C-AS/90	LB/90	128.68	19.9097363117	66.12	5.114841151	6.08671482843	1.0
LB/90+140h	LB/90+50h	80.86	8.10718200116	68.22	5.55027927225	2.57300966468	1.0
LB/90+140h	LB+LP/90+50h	80.86	8.10718200116	65.84	8.7860343728	2.51276693759	1.0
C/90	C-AS/90+50h	147.62	12.0370095954	77.16	16.6272787912	6.8651185817	1.0
LB+LP/90+140h	LB+LP/30+120h	83.08	10.3590347041	39.925	1.60058583025	7.27882734864	0.462
LB+LP/90+140h	LB/90	83.08	10.3590347041	66.12	5.114841151	2.93604062881	1.0
C-AS/90+140h	C-AS/90	78.48	22.7908227144	128.68	19.9097363117	-3.31763680787	1.0
LB-AS/90+50h	LB+LP/90+140h	66.66	11.8376686894	83.08	10.3590347041	-2.08770049867	1.0
LB/90+140h	C/30+120h	80.86	8.10718200116	101.9	13.6486263045	-2.53240091117	1.0
C/90	LB/90+50h	147.62	12.0370095954	68.22	5.55027927225	11.980378794	1.0
LB+LP/90+140h	C/30	83.08	10.3590347041	176.625	13.8035095175	-10.2378715086	1.0
LB-AS/90+140h	LB-AS/90	90.95	12.4357347994	67.36	10.490872223	2.72135606221	1.0
LB-AS/90+50h	LB/30	66.66	11.8376686894	42.125	4.85096639856	3.43246009629	1.0
LB+LP/90+140h	C-AS/90	83.08	10.3590347041	128.68	19.9097363117	-4.06355141349	1.0
C-AS/90+140h	LB/90	78.48	22.7908227144	66.12	5.114841151	1.05832236036	1.0
C-AS/90+50h	LB+LP/30+120h	77.16	16.6272787912	39.925	1.60058583025	3.93535687764	1.0
LB+LP/30	C-AS/90+140h	41.3	4.05647630339	78.48	22.7908227144	-2.84166210947	1.0
LB/30+120h	C/30+120h	37.9	2.1	101.9	13.6486263045	-8.02732688222	1.0
C/30+120h	LB-AS/90	101.9	13.6486263045	67.36	10.490872223	3.78492942497	1.0
C/90	C/30+120h	147.62	12.0370095954	101.9	13.6486263045	4.70382532856	1.0
C/90	LB/30+120h	147.62	12.0370095954	37.9	2.1	15.885498856	1.0
LB-AS/90+140h	C/90+50h	90.95	12.4357347994	137.06	9.34443149689	-5.59853243051	1.0
C-AS/90	LB-AS/90	128.68	19.9097363117	67.36	10.490872223	5.44955802985	1.0
C/30	C-AS/90+50h	176.625	13.8035095175	77.16	16.6272787912	8.47133976498	1.0
LB+LP/90+140h	LB/90+50h	83.08	10.3590347041	68.22	5.55027927225	2.52887909746	1.0
LB-AS/90+140	LB+LP/90	73.3	0.0	75.52	4.86555238385	-0.372541957554	1.0
LB/30+120h	LB-AS/90	37.9	2.1	67.36	10.490872223	-4.87559177608	1.0
LB/30+120h	LB+LP/90+50h	37.9	2.1	65.84	8.7860343728	-5.48513258785	1.0
LB/30	LB+LP/30	42.125	4.85096639856	41.3	4.05647630339	0.225972631647	1.0
C/30+120h	C/90+50h	101.9	13.6486263045	137.06	9.34443149689	-4.03396505348	1.0
LB+LP/90	C-AS/90+140h	75.52	4.86555238385	78.48	22.7908227144	-0.254029249132	1.0
LB-AS/90+50h	LB+LP/30	66.66	11.8376686894	41.3	4.05647630339	3.61279954208	1.0
C/90	LB/90+140h	147.62	12.0370095954	80.86	8.10718200116	9.20027149773	1.0
C/90	LB+LP/90+50h	147.62	12.0370095954	65.84	8.7860343728	10.9753522175	1.0
C/30	LB+LP/90+50h	176.625	13.8035095175	65.84	8.7860343728	12.8952622434	1.0
LB/30	C-AS/90+50h	42.125	4.85096639856	77.16	16.6272787912	-3.59611950538	1.0
LB/90+50h	C-AS/90+140h	68.22	5.55027927225	78.48	22.7908227144	-0.874795073633	1.0
LB+LP/30	C/90+50h	41.3	4.05647630339	137.06	9.34443149689	-16.8498833475	1.0
LB+LP/90+140h	C/90+140h	83.08	10.3590347041	100.06	20.7340878748	-1.46519297921	1.0
LB+LP/90	LB-AS/90	75.52	4.86555238385	67.36	10.490872223	1.4112452221	1.0
LB/30+120h	C/90+50h	37.9	2.1	137.06	9.34443149689	-18.350183775	1.0
LB+LP/90	LB+LP/90+50h	75.52	4.86555238385	65.84	8.7860343728	1.92765206591	1.0
LB-AS/90+140	LB/90+140h	73.3	0.0	80.86	8.10718200116	-0.761388377728	1.0
LB+LP/90	LB/90+50h	75.52	4.86555238385	68.22	5.55027927225	1.97805104649	1.0
LB/90+140h	LB+LP/90	80.86	8.10718200116	75.52	4.86555238385	1.12954228421	1.0
LB/30	LB+LP/90+50h	42.125	4.85096639856	65.84	8.7860343728	-4.26874552032	1.0
LB/90+50h	LB+LP/90+50h	68.22	5.55027927225	65.84	8.7860343728	0.458031213557	1.0
LB+LP/30	C/90+140h	41.3	4.05647630339	100.06	20.7340878748	-4.92385369255	1.0
LB-AS/90+140	LB+LP/30	73.3	0.0	41.3	4.05647630339	6.11049875849	1.0
LB+LP/30	LB-AS/90+140h	41.3	4.05647630339	90.95	12.4357347994	-6.57433307041	1.0
C/30+120h	LB+LP/30+120h	101.9	13.6486263045	39.925	1.60058583025	7.81128100483	1.0
LB+LP/90	C/90+50h	75.52	4.86555238385	137.06	9.34443149689	-11.682657616	0.693
LB/90+140h	C/90+50h	80.86	8.10718200116	137.06	9.34443149689	-9.0856713256	1.0
C/30+120h	LB/90	101.9	13.6486263045	66.12	5.114841151	4.76808442645	1.0
LB-AS/90+140h	C-AS/90+140h	90.95	12.4357347994	78.48	22.7908227144	0.867304478239	1.0
LB/90+50h	C/30+120h	68.22	5.55027927225	101.9	13.6486263045	-4.42990512058	1.0
LB-AS/90+140	C/90+140h	73.3	0.0	100.06	20.7340878748	-1.05379357113	1.0
LB-AS/90+50h	LB/90+140h	66.66	11.8376686894	80.86	8.10718200116	-1.97940986925	1.0
LB/30	LB+LP/90	42.125	4.85096639856	75.52	4.86555238385	-9.0354407465	1.0
LB-AS/90+140h	C-AS/90	90.95	12.4357347994	128.68	19.9097363117	-2.91806274647	1.0
C-AS/90+50h	C-AS/90	77.16	16.6272787912	128.68	19.9097363117	-3.97230149292	1.0
C-AS/90+140h	LB+LP/30+120h	78.48	22.7908227144	39.925	1.60058583025	2.97799076084	1.0
C/90+140h	C-AS/90	100.06	20.7340878748	128.68	19.9097363117	-1.99127274138	1.0
LB+LP/90	C-AS/90+50h	75.52	4.86555238385	77.16	16.6272787912	-0.189326717213	1.0
LB/90+140h	LB-AS/90	80.86	8.10718200116	67.36	10.490872223	2.03644696633	1.0
C/30+120h	C-AS/90	101.9	13.6486263045	128.68	19.9097363117	-2.0225560909	1.0
C-AS/90+50h	C/90+140h	77.16	16.6272787912	100.06	20.7340878748	-1.72325570049	1.0
LB+LP/90+140h	C-AS/90+140h	83.08	10.3590347041	78.48	22.7908227144	0.367491391081	1.0
LB/90+50h	LB+LP/30	68.22	5.55027927225	41.3	4.05647630339	7.16071780596	1.0
C-AS/90+50h	LB/90	77.16	16.6272787912	66.12	5.114841151	1.26924223517	1.0
LB+LP/30	C-AS/90	41.3	4.05647630339	128.68	19.9097363117	-7.61570627778	1.0
LB-AS/90+140	LB+LP/30+120h	73.3	0.0	39.925	1.60058583025	16.1516885551	1.0
C/90+140h	LB/90	100.06	20.7340878748	66.12	5.114841151	3.17854919625	1.0
LB+LP/90+140h	LB-AS/90+140h	83.08	10.3590347041	90.95	12.4357347994	-0.913272877385	1.0
LB/90+140h	C/30	80.86	8.10718200116	176.625	13.8035095175	-11.4361829009	1.0
C-AS/90+140h	C/90+140h	78.48	22.7908227144	100.06	20.7340878748	-1.40079378358	1.0
LB-AS/90+140	LB/30+120h	73.3	0.0	37.9	2.1	13.0574867101	1.0
LB+LP/90	LB+LP/30+120h	75.52	4.86555238385	39.925	1.60058583025	12.3789869524	1.0
C/30	LB+LP/30	176.625	13.8035095175	41.3	4.05647630339	16.2915353032	1.0
LB+LP/30	LB+LP/90+50h	41.3	4.05647630339	65.84	8.7860343728	-4.55352843865	1.0
C/30+120h	C-AS/90+50h	101.9	13.6486263045	77.16	16.6272787912	2.11548783324	1.0
LB-AS/90+140	LB-AS/90	73.3	0.0	67.36	10.490872223	0.462305667975	1.0
LB+LP/30	LB/90	41.3	4.05647630339	66.12	5.114841151	-6.98106785606	1.0
LB+LP/30+120h	C/90+50h	39.925	1.60058583025	137.06	9.34443149689	-18.123527413	1.0
LB+LP/90+140h	LB-AS/90	83.08	10.3590347041	67.36	10.490872223	2.13247885062	1.0
LB+LP/90+50h	C/90+50h	65.84	8.7860343728	137.06	9.34443149689	-11.1053466113	1.0
LB+LP/30	LB+LP/30+120h	41.3	4.05647630339	39.925	1.60058583025	0.546127127555	1.0
C/90	LB/30	147.62	12.0370095954	42.125	4.85096639856	14.5427074798	1.0
LB+LP/90+50h	LB+LP/30+120h	65.84	8.7860343728	39.925	1.60058583025	5.13482980626	1.0
LB-AS/90+50h	C-AS/90+140h	66.66	11.8376686894	78.48	22.7908227144	-0.920498216548	1.0
C/90	LB-AS/90	147.62	12.0370095954	67.36	10.490872223	10.0531774026	0.924
C-AS/90+50h	C-AS/90+140h	77.16	16.6272787912	78.48	22.7908227144	-0.0935789027331	1.0
LB-AS/90+50h	LB/30+120h	66.66	11.8376686894	37.9	2.1	4.23234566326	1.0
C-AS/90+50h	C/90+50h	77.16	16.6272787912	137.06	9.34443149689	-6.28108316226	1.0
LB-AS/90+140	C/90+50h	73.3	0.0	137.06	9.34443149689	-5.57121340312	1.0
LB/90+50h	LB-AS/90+140h	68.22	5.55027927225	90.95	12.4357347994	-3.22522329478	1.0
LB+LP/30+120h	LB-AS/90	39.925	1.60058583025	67.36	10.490872223	-4.57029903325	1.0
C-AS/90+140h	C/90+50h	78.48	22.7908227144	137.06	9.34443149689	-4.75639648392	0.924
LB+LP/90	LB+LP/30	75.52	4.86555238385	41.3	4.05647630339	9.94470952307	1.0
LB+LP/90	LB-AS/90+140h	75.52	4.86555238385	90.95	12.4357347994	-2.24175073254	1.0
LB-AS/90+140h	LB+LP/30+120h	90.95	12.4357347994	39.925	1.60058583025	7.04862523174	1.0
C/90	C/90+50h	147.62	12.0370095954	137.06	9.34443149689	1.38597477116	1.0
LB+LP/90+140h	LB+LP/90	83.08	10.3590347041	75.52	4.86555238385	1.32112524976	1.0
C/90	LB+LP/30	147.62	12.0370095954	41.3	4.05647630339	14.9166236585	1.0
C-AS/90+50h	LB-AS/90	77.16	16.6272787912	67.36	10.490872223	0.996936253338	1.0
LB/90+50h	LB+LP/30+120h	68.22	5.55027927225	39.925	1.60058583025	8.706950241	1.0
LB/30	LB/90+50h	42.125	4.85096639856	68.22	5.55027927225	-6.53338290364	1.0
C/30+120h	C-AS/90+140h	101.9	13.6486263045	78.48	22.7908227144	1.59775548752	1.0
C/90	C/90+140h	147.62	12.0370095954	100.06	20.7340878748	3.96749587718	1.0
LB+LP/90	C/30	75.52	4.86555238385	176.625	13.8035095175	-13.438379269	0.231
C/30	C/90+140h	176.625	13.8035095175	100.06	20.7340878748	5.59632280244	1.0
LB-AS/90+140h	C/90+140h	90.95	12.4357347994	100.06	20.7340878748	-0.682920414944	1.0
LB+LP/90+140h	LB+LP/90+50h	83.08	10.3590347041	65.84	8.7860343728	2.53842516272	1.0
LB-AS/90+140	LB/90	73.3	0.0	66.12	5.114841151	1.14616373764	1.0
LB+LP/90	C/90+140h	75.52	4.86555238385	100.06	20.7340878748	-2.30451490137	1.0
C/30+120h	LB-AS/90+140h	101.9	13.6486263045	90.95	12.4357347994	1.02716578598	1.0
LB/30+120h	LB/90	37.9	2.1	66.12	5.114841151	-9.13508509243	1.0
LB/30	C/90+140h	42.125	4.85096639856	100.06	20.7340878748	-4.8239992962	1.0
LB/90+50h	C/90+140h	68.22	5.55027927225	100.06	20.7340878748	-2.96681303117	1.0
C/90+50h	LB-AS/90	137.06	9.34443149689	67.36	10.490872223	9.92235410595	0.924
LB+LP/90+140h	C-AS/90+50h	83.08	10.3590347041	77.16	16.6272787912	0.604383774202	1.0
C/90	LB/90	147.62	12.0370095954	66.12	5.114841151	12.4630558657	1.0
C/90+140h	LB+LP/30+120h	100.06	20.7340878748	39.925	1.60058583025	5.1034913373	1.0
C/90	LB+LP/30+120h	147.62	12.0370095954	39.925	1.60058583025	15.6705635075	0.462
LB-AS/90+50h	LB+LP/90	66.66	11.8376686894	75.52	4.86555238385	-1.38452711705	1.0
LB+LP/90+140h	LB+LP/30	83.08	10.3590347041	41.3	4.05647630339	6.7139832358	1.0
LB/30	C/30	42.125	4.85096639856	176.625	13.8035095175	-15.9223173311	1.0
LB+LP/90	LB/90	75.52	4.86555238385	66.12	5.114841151	2.66311393137	1.0
LB/30+120h	C-AS/90	37.9	2.1	128.68	19.9097363117	-8.00678813321	1.0
LB/90+140h	LB/30+120h	80.86	8.10718200116	37.9	2.1	9.10538572295	1.0
LB/30	LB/90	42.125	4.85096639856	66.12	5.114841151	-6.31007492648	1.0
LB-AS/90+50h	C/90+140h	66.66	11.8376686894	100.06	20.7340878748	-2.79786360861	1.0
LB+LP/30	C-AS/90+50h	41.3	4.05647630339	77.16	16.6272787912	-3.71660129728	1.0
LB+LP/30	C/30+120h	41.3	4.05647630339	101.9	13.6486263045	-7.37163002795	1.0
C/30	C-AS/90	176.625	13.8035095175	128.68	19.9097363117	3.60980140799	1.0
LB/30	LB+LP/30+120h	42.125	4.85096639856	39.925	1.60058583025	0.745959174366	1.0
C/30+120h	C/90+140h	101.9	13.6486263045	100.06	20.7340878748	0.134884611791	1.0
C/30	C-AS/90+140h	176.625	13.8035095175	78.48	22.7908227144	6.6786613724	1.0
LB-AS/90+140	C-AS/90+140h	73.3	0.0	78.48	22.7908227144	-0.185576990449	1.0
LB-AS/90+140h	LB/90	90.95	12.4357347994	66.12	5.114841151	3.57736470484	1.0
LB/90+140h	C-AS/90	80.86	8.10718200116	128.68	19.9097363117	-4.44897848512	1.0
LB/30	C-AS/90	42.125	4.85096639856	128.68	19.9097363117	-7.49219665855	1.0
LB/90+50h	C-AS/90	68.22	5.55027927225	128.68	19.9097363117	-5.85033708402	1.0
LB/30+120h	C-AS/90+50h	37.9	2.1	77.16	16.6272787912	-4.1384087489	1.0
C/30	LB/90	176.625	13.8035095175	66.12	5.114841151	14.5851125137	1.0
LB/90+50h	C-AS/90+50h	68.22	5.55027927225	77.16	16.6272787912	-1.0200137375	1.0
LB-AS/90+50h	LB+LP/30+120h	66.66	11.8376686894	39.925	1.60058583025	3.9547482921	1.0
LB/90+140h	LB+LP/30+120h	80.86	8.10718200116	39.925	1.60058583025	8.77030928476	1.0
C-AS/90+50h	LB-AS/90+140h	77.16	16.6272787912	90.95	12.4357347994	-1.21588345714	1.0
C-AS/90+140h	LB+LP/90+50h	78.48	22.7908227144	65.84	8.7860343728	1.03497443311	1.0
LB+LP/90	C-AS/90	75.52	4.86555238385	128.68	19.9097363117	-5.1874451087	0.924
LB/90+140h	LB/90	80.86	8.10718200116	66.12	5.114841151	3.07537500067	1.0
LB+LP/90+140h	LB/90+140h	83.08	10.3590347041	80.86	8.10718200116	0.337531831952	1.0
LB+LP/90+50h	LB-AS/90	65.84	8.7860343728	67.36	10.490872223	-0.222156703975	1.0
C/90	LB-AS/90+140	147.62	12.0370095954	73.3	0.0	-5.04128749035	1.0
LB+LP/30	LB-AS/90	41.3	4.05647630339	67.36	10.490872223	-4.14082942403	1.0
C/90+140h	C/90+50h	100.06	20.7340878748	137.06	9.34443149689	-3.25382153304	1.0
LB/90+50h	LB/90	68.22	5.55027927225	66.12	5.114841151	0.556463718357	1.0
LB/90+140h	C-AS/90+50h	80.86	8.10718200116	77.16	16.6272787912	0.400033430049	1.0
LB-AS/90+140	C/30	73.3	0.0	176.625	13.8035095175	-5.79817768429	1.0
LB-AS/90+140h	LB+LP/90+50h	90.95	12.4357347994	65.84	8.7860343728	3.12464802082	1.0
LB-AS/90+50h	LB-AS/90	66.66	11.8376686894	67.36	10.490872223	-0.0885103592806	1.0
LB-AS/90+50h	LB-AS/90+140h	66.66	11.8376686894	90.95	12.4357347994	-2.63759458967	1.0
LB/30+120h	C/30	37.9	2.1	176.625	13.8035095175	-17.2090628988	1.0
LB/30+120h	LB+LP/30+120h	37.9	2.1	39.925	1.60058583025	-1.32834491911	1.0
C/90+140h	LB+LP/90+50h	100.06	20.7340878748	65.84	8.7860343728	3.0392369871	1.0
C/90+140h	LB-AS/90	100.06	20.7340878748	67.36	10.490872223	2.81447005494	1.0
LB-AS/90	LB/90	67.36	10.490872223	66.12	5.114841151	0.212486450983	1.0
LB/90+140h	C/90+140h	80.86	8.10718200116	100.06	20.7340878748	-1.72485645042	1.0
C/30	C/90+50h	176.625	13.8035095175	137.06	9.34443149689	4.50704116925	0.693
LB-AS/90+50h	C/90+50h	66.66	11.8376686894	137.06	9.34443149689	-9.33599971694	1.0
LB+LP/90+140h	C/90+50h	83.08	10.3590347041	137.06	9.34443149689	-7.73856110059	1.0
C/30	LB/90+50h	176.625	13.8035095175	68.22	5.55027927225	14.1254645634	0.924
LB+LP/30+120h	C-AS/90	39.925	1.60058583025	128.68	19.9097363117	-7.84269370686	1.0
LB-AS/90+50h	C/30	66.66	11.8376686894	176.625	13.8035095175	-11.339785511	1.0
C-AS/90+140h	LB-AS/90	78.48	22.7908227144	67.36	10.490872223	0.886428712295	1.0
LB+LP/90+50h	C-AS/90	65.84	8.7860343728	128.68	19.9097363117	-5.77515963344	1.0
LB/90+140h	LB-AS/90+140h	80.86	8.10718200116	90.95	12.4357347994	-1.29302833266	1.0
