Eigvals	27
1.40248478661	0.514682569407	0.434197957852	0.385566444633	0.277533115675	0.255977634567	0.236649910943	0.205418637259	0.199608694004	0.175646009804	0.167588832263	0.156566155822	0.152149116628	0.142491180186	0.133568235437	0.122495048225	0.120696849834	0.114642970608	0.104045134011	0.102275230662	0.0956638333249	0.091438533785	0.0832162122199	0.0765148656877	0.0655317255756	0.0616326788701	0.0

Proportion explained	27
0.238587515841	0.0875566258212	0.0738647671161	0.0655916849114	0.0472133011813	0.0435463318569	0.0402583435592	0.0349453504515	0.0339569761449	0.0298804989163	0.0285098302341	0.0266346776371	0.0258832609952	0.0242402748567	0.02272232383	0.0208385784557	0.0205326730432	0.0195028009053	0.0176999210943	0.0173988291699	0.0162741133213	0.0155553149925	0.0141565523853	0.0130165345846	0.0111481078177	0.0104848108775	0.0

Species	0	0

Site	27	27
151	0.100686324502	-0.122844904926	0.1421221283	-0.03071179086	0.114368536699	-0.0567580232895	0.0118476175027	0.0731716352455	-0.0187254790902	-0.0307899834874	-0.0884988406079	0.0203412234549	0.00288286573884	0.0970281213548	0.069516269558	-0.0654880359133	-0.0112524629103	-0.0655079400977	-0.075065977742	-0.0156805046076	-0.00355751355712	0.0314487694283	0.142610951205	-0.045103820587	-0.116941528901	0.0267023468242	0.0
150	0.0845331887134	-0.111467585461	0.18362978542	0.00622514695138	-0.0161135237932	-0.115313248157	0.0451968479819	0.0481136801202	0.102930847317	-0.0442854830294	0.0646282920968	-0.082941859505	-0.018473612329	-0.0679563188118	-0.0562270039982	-0.191955369534	0.0634498082768	-0.024275148073	0.0604191695098	-0.106603053065	0.000915373011019	-0.0224790418053	-0.0720288233254	0.03873759246	-0.00630318466511	0.0334543909303	0.0
153	0.0761560056684	-0.0807959208189	0.127056720879	0.0414907651062	-0.0792294408902	0.056860584832	-0.0374249494748	-0.0301445684535	0.16235598361	0.120025623696	0.00563810376002	-0.00164888589539	-0.102057174665	0.0707286608222	-0.120470978733	0.0321340890473	-0.0239104531322	0.0280748333789	-0.17964945274	0.0448422037859	0.0100824733942	0.011414857065	-0.0159791623562	0.0743209163573	0.00934332032894	0.0145456963819	0.0
152	0.112575351392	0.0440169916768	0.191393301153	0.0343967061425	0.184667351522	-0.113492717728	0.195793864049	0.0146876534889	0.000339259322073	-0.0361010251221	0.0824189976358	0.134491238959	0.121892743849	-0.0326140700126	-0.0583084751329	0.0339912354314	-0.00975513823932	0.00450248144038	-0.0407275965354	0.0672758191691	0.0501270947613	-0.0271248133934	-0.00889896342072	-0.0249760326606	0.055879823208	-0.0660468420502	0.0
155	0.140710731954	0.0305137825498	0.0334552164633	-0.135773912577	0.0914275729118	-0.179334756834	-0.099525077615	-0.03708405698	-0.0675279461978	-0.134301015748	0.0636794769003	-0.163947111121	-0.0473566130515	-0.0189071992686	-0.0227263351682	0.122220700177	-0.046639448122	0.0197787255792	0.0257148655921	0.0594831092968	-0.0328654176752	0.00340428581275	0.0135629988646	0.0986814091368	-0.0379680940815	-0.0126300254531	0.0
157	0.150242282872	0.0829400153769	-0.123035607666	-0.0346823491065	-0.0654843710356	-0.0450738945284	0.00393768812348	0.106749830455	0.244942788044	-0.126712708563	-0.127188886925	-0.0056790592837	0.0147380572645	0.00701829743667	-0.0734722998801	0.0711379931417	0.00595466922291	0.0615607506357	0.0522058209345	0.0215366686223	-0.0390303546729	0.0154509723981	-0.00275595396928	-0.110062481704	0.00146303295077	0.0142886514152	0.0
156	-0.220949507976	-0.0589664875264	-0.169305125428	0.491539926141	0.190917050387	-0.0115349554023	-0.112416038862	0.0319383611348	0.036320637446	-0.0105327721338	0.0417654820138	-0.0336659467024	-0.0016623396675	-0.025903305372	0.0193881568902	0.0123079456586	0.000389980752936	0.0144763052303	-0.00261579906319	-0.00623477486585	0.0037129498819	0.00488260375174	0.000119183111475	0.00148176853877	-0.00882832975439	0.00768216518821	0.0
158	0.112864525139	0.10036557354	-0.0631253333228	0.0245585615979	-0.15512049368	-0.0348968084171	-0.0964360836834	-0.00593635440638	0.0259062091379	-0.00906673299414	-0.0562175597992	0.147969189057	0.189980513473	-0.0789511057527	0.0317279765996	0.036567890474	0.0162293538855	-0.0164208076729	-0.0144880873819	-0.0597826078973	0.0294697301966	0.0252827492673	-0.0108452286274	0.122892394248	-0.0697351663178	0.00274215745949	0.0
178	0.130240062238	0.215574223952	-0.154742211672	-0.0759746881445	0.188700983074	0.157964155408	0.0758683677	-0.193664744785	0.0615030891267	-0.089721314624	-0.0551933037371	0.00882227877504	-0.0719000351116	0.0495452386447	-0.012225829949	-0.0151587314435	0.0249414641377	-0.0469747098505	0.000473815332811	-0.108572991946	0.0591915345488	-0.0193843499269	0.0208646602361	0.0441643752084	0.0224247822577	-0.00902331607128	0.0
177	0.127318583434	-0.00834506052641	-0.08782747007	-0.107926754873	0.062009765781	0.0950473950025	-0.123456429704	0.110516701498	-0.0933350179408	0.0183923042916	0.0423226116305	0.123408180753	-0.0807260209424	-0.050110097217	-0.0787169902399	-0.0963384428827	0.0503876415963	0.173064146052	0.0430753712855	0.0293150423569	0.00504186052913	-0.00917241703951	0.0766769848966	0.0229643000211	0.00355806996392	-0.0203080585114	0.0
176	0.129698211416	-0.0538042582904	-0.151620704487	-0.0783224818502	0.0151341121112	0.11755286651	0.0327657088094	0.00479127188331	-0.00836528875448	-0.0571657811696	0.0470897236072	-0.0422406041896	0.105542456254	-0.0704709197152	0.0527847772581	-0.0736819975775	-0.0393796178016	-0.0489314558067	-0.0610869276243	0.114365312362	-0.0509554163242	0.00885731786725	0.0150716126131	0.0151718881444	0.0769995761078	0.131015894316	0.0
175	0.113033641474	-0.0931754189778	-0.06932914103	-0.016997374337	-0.0666238686725	0.123041605465	-0.0308153116552	0.0784930712325	0.00923007805986	-0.0362343247589	0.0450589221079	0.0479230297797	-0.117581736373	-0.113688912973	0.00824412138631	0.0105855697331	-0.00726657375797	-0.196405244444	-0.00133701508874	0.0483658448904	-0.0356365208145	-0.021758730224	-0.0296936428903	-0.0237833549192	-0.0326682863883	-0.107012569022	0.0
173	0.123179165092	0.304447928501	-0.214594003161	0.00878396480781	-0.00807738892875	-0.181698407938	0.113622646606	-0.00910890763824	-0.0560100544255	0.22955903648	-0.0525528144329	-0.0629220664883	-0.0359357583838	-0.0552736707115	-0.0296694821021	-0.054453566513	0.00289364592172	-0.025358182519	-0.012527399035	0.0406734922786	-0.0180680953858	-0.0233947601355	0.00205571309445	-0.0218179174175	-0.0398538843317	0.00283938885586	0.0
172	0.0335780230324	-0.120224294829	-0.0755014645776	0.0402240078895	-0.148068827663	-0.0112917905119	-0.0181288247442	-0.149456897178	0.0664620159535	0.00583904013935	0.0248043618509	-0.0787007789761	0.103397689226	0.115421093016	0.0562503878023	-0.105697186076	-0.0179294783773	0.0399306497856	0.0437971776065	0.0632529669372	-0.011270328703	-0.0444444247831	0.0643571719759	0.00461934645655	0.0237100938132	-0.118342219675	0.0
171	0.127770585302	0.0700272586231	-0.0837638725574	-0.0321768547891	-0.076627842406	-0.0310644153201	-0.0484861225487	0.217161095091	-0.0916352765656	0.00933994399419	0.0465466838388	-0.091921787481	0.0323870663347	0.0888993902652	0.0215367917402	0.0362412013254	0.00376560823855	-0.0334568233436	-0.0682757394257	-0.125586369194	0.0620516096241	0.0293160068419	0.0195328007421	-0.0107429889172	0.110853868791	-0.0354089600785	0.0
170	0.0670499083992	-0.11622813347	-0.134890943646	-0.055335610619	-0.0701999452454	-0.018077323899	-0.00316500030379	-0.038991695121	-0.027885903285	0.00765510166342	0.179537772708	0.0578443344811	-0.00639559246223	0.102014469722	-0.00153660566634	0.0626635553765	-0.00634335390626	0.00484518974646	0.0201411494689	-0.0163458990932	0.0893249907374	-0.126120783135	-0.0499514493794	-0.0693256050939	-0.0746250724519	0.0751691720438	0.0
146	-0.614576612711	0.0743992702838	0.021907123467	-0.0884610678161	0.00177789248749	-0.00282011918555	0.0134432882636	0.0130681462189	0.00126648830352	-0.0136730124687	0.00962044621752	0.0406862131946	0.0074470880046	-0.0253207790669	0.0117634588792	-0.00207706197513	-0.125252022508	0.0408760558002	-0.0577503277307	-0.0992923745367	-0.1506468352	-0.108107446028	0.00582517044874	-0.00512067497498	0.00559646022552	-0.0122799359918	0.0
147	-0.592718001239	0.0547232073047	0.0260670016472	-0.0928858501859	-0.00670465523889	-0.00304204479781	-0.00358376718751	-0.00429264410596	0.00944716440025	-0.000453560404373	0.0202839564798	-0.0207721624201	0.0160517814681	0.0285123099488	0.0234085249778	0.0428111272889	0.269564656266	-0.0292494026072	-0.0210099121296	0.0572309230553	-0.0151297957457	0.00788990514001	0.00862701290119	0.0019465838551	0.00289358687531	0.00445229382968	0.0
148	-0.606791096848	0.0773486798674	0.0200793702302	-0.0856574315896	-0.0311782571994	-0.00201423994006	-0.0217880044956	0.0114035694881	0.0293135684097	0.00313374385043	0.00747268185542	0.00368606944098	-0.0225091347606	-0.00563221671229	-0.0287870530758	-0.0499071892272	-0.138401530004	-0.032125563822	0.0688197961606	0.0517254906758	0.153628607136	0.113031782893	-0.000987930703478	-0.00568661494073	-0.00451008746629	0.00878000708082	0.0
168	0.047204689126	-0.162595234389	-0.0586109771304	-0.0487289167616	-0.00612504968023	0.0591421774115	0.0651703880386	-0.135312531766	-0.0679937510527	0.0224244557129	0.076807895724	-0.0479042381645	0.0473644897361	-0.07637821205	-0.0377864506533	0.0280673963402	0.0119145965421	0.0725023150856	-0.0529654784547	-0.0814636649303	-0.047441684109	0.168404924323	-0.0348407804631	-0.085125730728	-0.0452847176072	-0.0285472055793	0.0
165	0.00983646933043	-0.231865746425	-0.00829187359655	-0.0364736561872	-0.0285938228813	-0.10216384748	0.0797449803938	-0.031086913128	0.0345911295475	0.0252700570613	-0.0976672425875	0.028004686541	-0.125465852366	-0.113821473266	0.210324502456	0.0512870262239	0.00567856944538	0.0815306767839	-0.0143776199675	-0.0126921657815	0.070648085576	-0.0191916587936	-0.00339391377787	0.00987303898917	0.0519973380131	0.00388907289892	0.0
166	-0.118191014292	-0.229526204968	-0.018969310105	0.0745423370938	-0.0551952230946	0.036440441725	0.0647157983014	-0.0128628553924	-0.209791735679	-0.06029227131	-0.227083150026	-0.0357010184079	0.0271771623425	0.0176710512942	-0.145117430321	0.00633414572267	0.00383780277857	-0.0104004543641	0.00577261483385	0.0158689324425	0.0287470631863	-0.0591914605964	-0.0453215426412	0.0110995355043	0.00794796673449	0.00612010953999	0.0
167	0.0424126706127	-0.157923738346	-0.0332099719445	-0.0577181391832	0.122877524814	0.0603141138736	0.104315404037	0.0961722010091	0.0292516451165	0.143559148431	-0.0129184782077	0.0437885197531	0.018379196491	0.138492884494	0.0374214166516	0.0548508471059	-0.0213483769632	-0.0179795417882	0.138982565906	-0.000557862964591	-0.0898559067764	0.0577181269138	-0.0598423138353	0.0777214087427	0.00376245398533	0.00498835588904	0.0
160	0.142039253562	0.149282430846	0.210717037595	-0.0686963784843	0.124556415381	0.132313560776	-0.189628633216	0.00514223665445	-0.0147069291971	0.0653657817805	-0.0811071430233	-0.0747141250007	0.0690391007977	-0.00237697167912	0.0925491770447	-0.0230663029314	-0.00870135081905	0.0407363058733	-0.0160079728742	0.0311708589706	0.0281155778755	-0.042349514559	-0.127740780276	-0.0615775246383	-0.0218108326546	-0.0198703051124	0.0
161	0.11812215839	0.11061968027	0.0791692793838	0.0840171392648	-0.0740188686556	-0.151821772616	-0.128080650703	-0.124911795392	-0.0974075603322	-0.0601297288286	-0.0120071305219	0.153284922526	-0.0960494536186	0.0965183526461	0.023411873645	-0.0440602458789	0.00212294022509	-0.0405028100243	0.0147384090215	0.0131531555632	-0.0789491844738	0.0688369387067	-0.0517457558369	-0.0402580933564	0.068365618458	0.0320169611984	0.0
162	0.0782917376263	0.257374308816	0.190927801699	0.201154330991	-0.17827527453	0.167272154416	0.194450820444	0.0528786667516	-0.0702812873147	-0.074690632093	0.0477055788405	-0.0432033532409	-0.0593518020552	0.0160569040046	0.0661224570925	0.0235669065489	-0.00461050247047	0.0683392278043	0.0343674622214	0.022097113705	-0.0123749529596	0.0104547064	0.0168509636764	0.0215687198789	-0.0409185905033	0.0169498586731	0.0
163	0.0856826637915	-0.0238703626532	0.220293244158	0.0395903713784	-0.030800351574	0.0544493106258	-0.0879385260577	-0.0914341559243	0.00980532604039	0.133586109634	0.00505356260203	-0.0242868898385	0.0291849148068	-0.0905015210406	-0.0594049570623	0.0971165003576	-0.000340428276863	-0.0626295787826	0.109377087919	-0.0475446652298	-0.00527494406113	-0.033674546389	0.127871017736	-0.0416624376035	0.0546517834102	0.0438329150191	0.0

Biplot	0	0

Site constraints	0	0
