Eigvals	27
1.24426898612	0.151657847029	0.0564407453257	0.0136623065301	0.0130114459585	0.0045955743251	0.00281315387252	0.00104607390353	0.00054206391047	0.000407845322183	0.0003157038397	0.000274695297776	0.0001689220591	6.41278877281e-05	5.11421174186e-05	1.75151288542e-05	0.0	0.0	0.0	0.0	0.0	0.0	0.0	0.0	0.0	0.0	0.0

Proportion explained	27
0.835450960056	0.101829021951	0.0378965283188	0.00917340802872	0.00873639473383	0.00308564870197	0.00188886175723	0.000702375014361	0.00036396295292	0.000273843332731	0.000211975930377	0.000184441188208	0.000113420890518	4.30579769861e-05	3.43388218893e-05	1.17603439288e-05	0.0	0.0	0.0	0.0	0.0	0.0	0.0	0.0	0.0	0.0	0.0

Species	0	0

Site	27	27
151	0.130440043514	0.0372279187317	-0.0462080178546	0.000143549760855	-0.000518933304525	0.00738562854227	-0.000288215353475	0.00436856439098	-0.00355700156408	-0.00320181722945	-0.00642465247081	-0.000298446037786	-0.000637214256647	0.000878203557644	0.000457112354732	0.00143057230716	0.0	0.0	0.0	0.0	0.0	0.0	0.0	0.0	0.0	0.0	0.0
150	0.133626035178	0.0383420444051	-0.0453161750286	0.000288932515963	-0.000884070355481	0.00182797151696	0.00210861479938	0.0031053780291	-0.00395083915568	-0.00320524085355	0.00192017712967	0.00517242868531	0.00108965642784	0.00429272258981	0.000377183429265	0.000393444606226	0.0	0.0	0.0	0.0	0.0	0.0	0.0	0.0	0.0	0.0	0.0
153	0.124129951222	0.0347607292239	-0.0435367442298	-0.000143539587628	6.01845267313e-05	0.0155767248062	-0.00445501266292	0.00403667990657	0.00764652526096	-0.00528710820928	0.00462853209477	-0.00171418079091	0.00248801089992	-0.00221766379517	0.000353225794049	-0.00139877897189	0.0	0.0	0.0	0.0	0.0	0.0	0.0	0.0	0.0	0.0	0.0
152	0.142715070108	0.0416841746348	-0.0479592193014	0.000990075756313	0.000635168820974	-0.0114930903352	0.00961346389331	-0.00563733422084	-0.00519470297013	-0.00160122151251	-0.00129425278539	-0.00129318769582	-0.0011126673804	0.0014582052208	0.00050704617765	-0.00235326426941	0.0	0.0	0.0	0.0	0.0	0.0	0.0	0.0	0.0	0.0	0.0
155	0.118110085021	0.029843675465	-0.0291129993778	0.000506909699184	0.00231123542965	-0.00373318233954	0.00579864114346	-0.0104676421134	0.00577986632335	0.000890843196204	0.00421695333771	-0.00755280029284	0.00338333035218	0.000124504714004	0.00104660040347	0.00190967836184	0.0	0.0	0.0	0.0	0.0	0.0	0.0	0.0	0.0	0.0	0.0
157	0.0755455916751	0.00183845657857	0.0259324704775	-0.000155428287975	0.0058483945085	-0.00780523696707	-0.0211121112052	-0.01248324196	-0.00313478868214	0.00460211922833	0.00106048201767	0.00237685173982	0.00128424627557	-0.000588791570084	-0.000657958155936	-9.55071900351e-05	0.0	0.0	0.0	0.0	0.0	0.0	0.0	0.0	0.0	0.0	0.0
156	-0.0352809805011	-0.268807442697	0.0115665803072	-0.0124961762388	-0.0585837752841	0.00528108509767	-0.000212922505201	-0.0010916328579	-0.000391810658353	-0.000532535576148	-0.000481656345571	-0.000299963179375	-0.00021701842181	-0.000132730598756	7.91822413685e-05	5.8980547963e-05	0.0	0.0	0.0	0.0	0.0	0.0	0.0	0.0	0.0	0.0	0.0
158	0.126602402637	-0.0110486800277	0.148671541652	0.00856992681252	0.0601490461804	0.00734702216965	0.0074053509941	0.00125157260269	0.000606841379854	6.43877553442e-06	0.00019803031282	-0.000151218276505	0.00030436106861	7.2817273929e-05	-9.47780623297e-05	-4.72391443877e-05	0.0	0.0	0.0	0.0	0.0	0.0	0.0	0.0	0.0	0.0	0.0
178	0.0171477895076	-0.0121754092987	0.0191164869926	-0.0012095652259	-0.0125865669655	-0.0186581835311	0.0160072433481	-0.00735311635345	0.000739996378907	-0.00076667626033	-0.00525371088217	-0.0028720295276	-0.000164532417463	-0.00110946662514	0.00168203632824	0.000185462336439	0.0	0.0	0.0	0.0	0.0	0.0	0.0	0.0	0.0	0.0	0.0
177	0.0206247295215	-0.0117595404548	0.0208467738433	-0.00133450255084	-0.0125869210228	-0.00883007162325	0.0135514031429	-0.00183489219825	0.00839199956271	-0.00565291458874	0.0042512905673	0.00657049426946	-0.00137685380361	0.000705232673285	-0.0031297372787	0.000444721036532	0.0	0.0	0.0	0.0	0.0	0.0	0.0	0.0	0.0	0.0	0.0
176	0.0330939870421	-0.0051119107164	0.0175971606695	0.000175631228565	0.00157053843762	0.000239823355456	0.0115665803211	0.00181450846612	-0.00417643515452	0.00338441145873	0.00401390966734	-0.00254152074626	-0.00607341766563	-0.000666233056617	-7.37872379235e-05	-0.000162730205772	0.0	0.0	0.0	0.0	0.0	0.0	0.0	0.0	0.0	0.0	0.0
175	0.0306385719975	-0.00729505097357	0.0187922724466	-0.000518674243895	-0.00325568289827	-0.00144254838769	0.0112128696168	0.00184591693059	-0.0049248538549	0.00422773639522	0.00208534187181	-0.00149156215509	0.00482380195608	0.00313368775121	0.000211449176551	-0.00017602771416	0.0	0.0	0.0	0.0	0.0	0.0	0.0	0.0	0.0	0.0	0.0
173	0.0304497361122	-0.0177832402936	0.0494023924314	-0.000876461869812	-0.00810229104801	-0.0345646657306	-0.00601908717221	-0.00111734293668	0.00254977945978	0.000548477003361	-0.000599746338021	0.000828551620615	-0.000489953838937	6.21355268196e-06	0.000402860937816	-0.000896434471914	0.0	0.0	0.0	0.0	0.0	0.0	0.0	0.0	0.0	0.0	0.0
172	0.0579166381778	-0.00301736631549	0.0275439243608	-0.000140761919627	0.00482026207409	0.00397458739783	-0.0208495818444	0.00127270821684	8.78486973527e-05	-0.00442168793736	-0.0020823687375	-0.000143731615939	-0.00357947436522	0.000750968581054	0.00242548311697	9.58642749917e-05	0.0	0.0	0.0	0.0	0.0	0.0	0.0	0.0	0.0	0.0	0.0
171	0.0352939284411	-0.013095397734	0.0366452342723	-0.00225534210511	-0.00761284509121	-0.00994156865708	-0.00946708947169	0.0108971476166	-0.000593534654866	0.00498864489322	0.00112697073526	0.00264787836353	0.00106296752814	-0.000324476019642	-5.02105768727e-06	0.00113708049419	0.0	0.0	0.0	0.0	0.0	0.0	0.0	0.0	0.0	0.0	0.0
170	0.0386043123648	-0.00802328990685	0.0242544644825	-0.000688223482552	-0.00216696123766	0.00323246235319	-0.00331895181074	0.00601031330218	-0.00354867611821	-0.00676685358847	-0.000668872540538	-0.00769759238003	0.00105605809948	0.000156325844746	-0.00338903010438	-0.000272829669093	0.0	0.0	0.0	0.0	0.0	0.0	0.0	0.0	0.0	0.0	0.0
146	-0.487208272431	-0.194806299304	-0.0924296660167	0.0214731808768	0.0629274571031	-0.00557859406016	-0.000950066451268	0.000889282688203	0.000348080791247	0.000322962467735	0.0003518117379	0.000185311459864	0.000208534348258	0.000118161784847	-8.3411766674e-05	-2.58773215127e-05	0.0	0.0	0.0	0.0	0.0	0.0	0.0	0.0	0.0	0.0	0.0
147	-0.617916359685	0.127981829316	0.0252481577125	0.0752993341033	-0.033538224676	0.00143040843892	-0.00106680558712	-0.00022137448581	-0.000107962270384	-0.000191754285087	-0.000220599597259	-0.000131009596949	-5.15666341906e-05	-7.70796898515e-05	4.46896812103e-06	4.13275926362e-05	0.0	0.0	0.0	0.0	0.0	0.0	0.0	0.0	0.0	0.0	0.0
148	-0.651283608016	0.103740582813	0.00909814976263	-0.0853488941541	0.00189987986509	0.000709605694241	0.000139044931921	-0.000353526995495	-4.97625191927e-05	-0.000164456099979	-8.62177509598e-05	-7.65700958261e-05	-2.94059583512e-05	1.73563216265e-05	1.91955572736e-05	-2.98715065954e-06	0.0	0.0	0.0	0.0	0.0	0.0	0.0	0.0	0.0	0.0	0.0
168	0.0288080151846	-0.00648603185447	0.0167014858728	-0.000145930321139	-0.000977093315372	0.00639407945005	0.00743070007067	0.00569612859643	0.00119600071935	-0.00442877380489	0.00201514644533	0.00420129522088	0.00240019840278	-0.00169416108473	0.00382334144109	-0.000207374700337	0.0	0.0	0.0	0.0	0.0	0.0	0.0	0.0	0.0	0.0	0.0
165	0.0634594524895	0.00902141688003	-0.00573969786923	0.000575406497008	0.00261130558338	0.0246948681862	-0.0111590153906	-0.0187197402605	-0.00224775984645	-0.00129942302634	0.00150182849533	0.00279851665516	-0.000794716814312	-1.04747173659e-05	-0.000516506160822	6.51334674934e-05	0.0	0.0	0.0	0.0	0.0	0.0	0.0	0.0	0.0	0.0	0.0
166	-0.00820404743949	-0.0173709450919	0.0153220145956	-0.00151018341892	-0.0167524686997	0.0311521180546	-0.00117101295302	0.00545308551352	-0.000693322602574	0.00813065089412	0.00167719345104	-0.00164057445287	5.45507117958e-05	0.000278923136457	5.80127915704e-05	-0.000735731304086	0.0	0.0	0.0	0.0	0.0	0.0	0.0	0.0	0.0	0.0	0.0
167	0.0367260669476	-0.00344016229293	0.0151768878198	0.000319003556747	0.00603206097151	0.0149206652755	0.00472022176878	-0.000819547628469	0.00112509981623	-0.00212682677649	-0.00988941454518	0.00104679982287	2.56485067521e-05	-0.000856720376125	-0.00108429607653	0.000263874786657	0.0	0.0	0.0	0.0	0.0	0.0	0.0	0.0	0.0	0.0	0.0
160	0.139735912684	0.0408200619358	-0.0483013182089	0.00026488104313	0.00324002177593	0.00514847660841	0.00460887600064	0.00140422428336	0.012787566398	0.00894333728959	-0.00493293843545	0.000956890761603	-0.00193406039874	0.0011247407816	-0.000456589114526	-0.000459393996616	0.0	0.0	0.0	0.0	0.0	0.0	0.0	0.0	0.0	0.0	0.0
161	0.136498267209	0.0322256924327	-0.0278369181707	-0.00170269963384	0.000747728597971	-0.0171335593799	-0.0246579748678	0.0071000290115	0.00299328033296	-0.000229848207461	0.00013396594842	-0.00262906197713	0.000152674993886	0.000444606850062	-0.000501064138745	-6.92168320712e-05	0.0	0.0	0.0	0.0	0.0	0.0	0.0	0.0	0.0	0.0	0.0
162	0.141338888301	0.0411731528495	-0.0477344144357	-0.000358058360069	0.00098293755214	-0.0072243285696	0.00471219408405	0.0020669199041	-0.00714339858543	0.00307070066847	-0.00183800288597	0.00401650702939	0.00441724918884	-0.00402248067	-0.00145922689401	-2.32488030736e-05	0.0	0.0	0.0	0.0	0.0	0.0	0.0	0.0	0.0	0.0	0.0
163	0.138387792737	0.041561031694	-0.047740827206	0.000277609549891	0.00372961247163	-0.00291049736599	0.00585264316037	0.00288693255208	-0.00453803648379	0.000760815685573	0.00459079950245	-0.000268076807557	-0.0062904068048	-0.00186239243029	4.20733011004e-06	0.000900501932864	0.0	0.0	0.0	0.0	0.0	0.0	0.0	0.0	0.0	0.0	0.0

Biplot	0	0

Site constraints	0	0
