	1	2	3	4	5	6	7	8	9	14	24	34	44	54	64	74	84	94	104	114	124	134	144	154	164	174	184	194	204	214	224	234	244	254	264	274	284	294	304	314	324	334	344	354	364	374	384	394	404	414	424	434	444	454	464	474	484	491
4924-424-MS515F-926R.extendedFrags	0.0627710568363	0.0	0.0	0.0	0.0	0.0	0.0	0.0	0.0	0.0	0.0	0.0	0.0	0.0	0.0	0.0	0.0	0.0	0.0	0.0	0.0	0.0	0.0	0.0	0.0	0.0	0.0	0.0	0.0	0.0	0.0	0.0	0.0	0.0	0.0	0.0	0.0	0.0	0.0	0.0	0.0	0.0	0.00114148735803	0.0	0.000570743679014	0.000570743679014	0.00171223103704	0.0234004908396	0.0102750282563	0.00878150364432	0.0	0.0	0.0	0.0	0.0	0.0	0.0	0.0
	1	2	3	4	5	6	7	8	9	14	24	34	44	54	64	74	84	94	104	114	124	134	144	154	164	174	184	194	204	214	224	234	244	254	264	274	284	294	304	314	324	334	344	354	364	374	384	394	404	414	424	434	444	454	464	474	484	490
4924-425-MS515F-926R.extendedFrags	0.019105846389	0.0	0.0	0.0	0.0	0.0	0.0	0.0	0.0	0.0	0.0	0.0	0.0	0.0	0.0	0.0	0.0	0.0	0.0	0.0	0.0	0.0	0.0	0.0	0.0	0.0	0.0	0.0	0.0	0.0	0.0	0.0	0.0	0.0	0.0	0.0	0.0	0.0	0.0	0.0	0.0	0.0	0.0	0.0	0.0	0.0	0.00095529231945	0.0133740924723	0.00477783086479	0.00212332257517	0.0	0.0	0.0	0.0	0.0	0.0	0.0	0.0
	1	2	3	4	5	6	7	8	9	14	24	34	44	54	64	74	84	94	104	114	124	134	144	154	164	174	184	194	204	214	224	234	244	254	264	274	284	294	304	314	324	334	344	354	364	374	384	394	404	414	424	434	444	454	464	474	484	491
4924-426-MS515F-926R.extendedFrags	0.0893555232883	0.0	0.0	0.0	0.0	0.0	0.0	0.0	0.0	0.0	0.0	0.0	0.0	0.0	0.0	0.0	0.0	0.0	0.0	0.0	0.0	0.0	0.0	0.0	0.0	0.0	0.0	0.0	0.0	0.0	0.0	0.0	0.0	0.0	0.00111700642279	0.00335101926836	0.0	0.000558534405719	0.00167560321716	0.0	0.0	0.00167560321716	0.00446827524576	0.0	0.00111706881144	0.000558550004189	0.00055856560353	0.0189920791858	0.00838016916768	0.00746556508106	0.0	0.0	0.0	0.0	0.0	0.0	0.0	0.0
	1	2	3	4	5	6	7	8	9	14	24	34	44	54	64	74	84	94	104	114	124	134	144	154	164	174	184	194	204	214	224	234	244	254	264	274	284	294	304	314	324	334	344	354	364	374	384	394	404	414	424	434	444	454	464	474	484	490
4924-427-MS515F-926R.extendedFrags	0.0625902744343	0.0	0.0	0.0	0.0	0.0	0.0	0.0	0.0	0.0	0.0	0.0	0.0	0.0	0.0	0.0	0.0	0.0	0.0	0.0	0.0	0.0	0.0	0.0	0.0	0.0	0.0	0.0	0.0	0.0	0.0	0.0	0.0	0.0	0.0	0.0	0.0	0.0	0.0	0.0	0.0	0.0	0.00192585459798	0.0	0.000481463649494	0.000481463649494	0.00288878189697	0.0187770823303	0.00914913083257	0.00320157090412	0.0	0.0	0.0	0.0	0.0	0.0	0.0	0.0
	1	2	3	4	5	6	7	8	9	14	24	34	44	54	64	74	84	94	104	114	124	134	144	154	164	174	184	194	204	214	224	234	244	254	264	274	284	294	304	314	324	334	344	354	364	374	384	394	404	414	424	434	444	454	464	474	484	490
4924-429-MS515F-926R.extendedFrags	0.0699720111955	0.0	0.0	0.0	0.0	0.0	0.0	0.0	0.0	0.0	0.0	0.0	0.0	0.0	0.0	0.0	0.0	0.0	0.0	0.0	0.0	0.0	0.0	0.0	0.0	0.0	0.0	0.0	0.0	0.0	0.0	0.0	0.0	0.000499800079968	0.0	0.0014994002399	0.000499800079968	0.000999600159936	0.000499800079968	0.000499800079968	0.0	0.000999600159936	0.00299880047981	0.0	0.00199920031987	0.000999600159936	0.00299880047981	0.031987205118	0.0144978978048	0.00734419294664	0.0	0.0	0.0	0.0	0.0	0.0	0.0	0.0
	1	2	3	4	5	6	7	8	9	14	24	34	44	54	64	74	84	94	104	114	124	134	144	154	164	174	184	194	204	214	224	234	244	254	264	274	284	294	304	314	324	334	344	354	364	374	384	394	404	414	424	434	444	454	464	474	484	490
4924-430-MS515F-926R.extendedFrags	0.0566747385234	0.0	0.0	0.0	0.0	0.0	0.0	0.0	0.0	0.0	0.0	0.0	0.0	0.0	0.0	0.0	0.0	0.0	0.0	0.0	0.0	0.0	0.0	0.0	0.0	0.0	0.0	0.0	0.0	0.0	0.0	0.0	0.0	0.0	0.000515304544986	0.000515304544986	0.0	0.000515304544986	0.000515304544986	0.0	0.0	0.00103060908997	0.00515304544986	0.0	0.000515304544986	0.00103060908997	0.00309182726992	0.0252499227043	0.0103095440604	0.00313361744798	0.0	0.0	0.0	0.0	0.0	0.0	0.0	0.0
	1	2	3	4	5	6	7	8	9	14	24	34	44	54	64	74	84	94	104	114	124	134	144	154	164	174	184	194	204	214	224	234	244	254	264	274	284	294	304	314	324	334	344	354	364	374	384	394	404	414	424	434	444	454	464	474	484	490
4924-431-MS515F-926R.extendedFrags	0.0386216366991	0.0	0.0	0.0	0.0	0.0	0.0	0.0	0.0	0.0	0.0	0.0	0.0	0.0	0.0	0.0	0.0	0.0	0.0	0.0	0.0	0.0	0.0	0.0	0.0	0.0	0.0	0.0	0.0	0.0	0.0	0.0	0.0	0.0	0.0	0.000429147712643	0.000429147712643	0.000858295425285	0.000429147712643	0.000429147712643	0.0	0.000858295425285	0.00643721568964	0.0	0.0	0.00128744313793	0.00643721568964	0.0433439189769	0.0184577082394	0.0111762368369	0.0	0.0	0.0	0.0	0.0	0.0	0.0	0.0
	1	2	3	4	5	6	7	8	9	14	24	34	44	54	64	74	84	94	104	114	124	134	144	154	164	174	184	194	204	214	224	234	244	254	264	274	284	294	304	314	324	334	344	354	364	374	384	394	404	414	424	434	444	454	464	474	484	490
4924-432-MS515F-926R.extendedFrags	0.0589234341964	0.0	0.0	0.0	0.0	0.0	0.0	0.0	0.0	0.0	0.0	0.0	0.0	0.0	0.0	0.0	0.0	0.0	0.0	0.0	0.0	0.0	0.0	0.0	0.0	0.0	0.0	0.0	0.0	0.0	0.0	0.0	0.0	0.0	0.0	0.00138649622006	0.0	0.00103989739679	0.000346632465597	0.0	0.0	0.000693264931193	0.00346632465597	0.0	0.000693264931193	0.000693264931193	0.00242642725918	0.0332767166973	0.0131758244425	0.00973283371454	0.0	0.0	0.0	0.0	0.0	0.0	0.0	0.0
	1	2	3	4	5	6	7	8	9	14	24	34	44	54	64	74	84	94	104	114	124	134	144	154	164	174	184	194	204	214	224	234	244	254	264	274	284	294	304	314	324	334	344	354	364	374	384	394	404	414	424	434	444	454	464	474	484
4924-434-MS515F-926R.extendedFrags	0.0712809180982	0.0	0.0	0.0	0.0	0.0	0.0	0.0	0.0	0.0	0.0	0.0	0.0	0.0	0.0	0.0	0.0	0.0	0.0	0.0	0.0	0.0	0.0	0.0	0.0	0.0	0.0	0.0	0.0	0.0	0.0	0.0	0.0	0.0	0.0	0.0	0.0	0.000356429997149	0.0	0.0	0.0	0.0	0.00178214998574	0.0	0.000712859994297	0.000356429997149	0.00320786997434	0.026375819789	0.0081992050336	0.0108877114031	0.0	0.0	0.0	0.0	0.0	0.0	0.0
	1	2	3	4	5	6	7	8	9	14	24	34	44	54	64	74	84	94	104	114	124	134	144	154	164	174	184	194	204	214	224	234	244	254	264	274	284	294	304	314	324	334	344	354	364	374	384	394	404	414	424	434	444	454	464	474	484
4924-435-MS515F-926R.extendedFrags	0.091775862948	0.0	0.0	0.0	0.0	0.0	0.0	0.0	0.0	0.0	0.0	0.0	0.0	0.0	0.0	0.0	0.0	0.0	0.0	0.0	0.0	0.0	0.0	0.0	0.0	0.0	0.0	0.0	0.0	0.0	0.0	0.0	0.0	0.0	0.0	0.0	0.0	0.0	0.0	0.0	0.0	0.0	0.00101973181053	0.0	0.000509865905267	0.000509865905267	0.00203946362107	0.0198847703054	0.00815893607474	0.00650254249412	0.0	0.0	0.0	0.0	0.0	0.0	0.0
	1	2	3	4	5	6	7	8	9	14	24	34	44	54	64	74	84	94	104	114	124	134	144	154	164	174	184	194	204	214	224	234	244	254	264	274	284	294	304	314	324	334	344	354	364	374	384	394	404	414	424	434	444	454	464	474	484	490
4924-436-MS515F-926R.extendedFrags	0.0931098696462	0.0	0.0	0.0	0.0	0.0	0.0	0.0	0.0	0.0	0.0	0.0	0.0	0.0	0.0	0.0	0.0	0.0	0.0	0.0	0.0	0.0	0.0	0.0	0.0	0.0	0.0	0.0	0.0	0.0	0.0	0.0	0.0	0.0	0.0	0.0	0.0	0.0	0.0	0.0	0.0	0.0	0.000775915580385	0.0	0.0	0.000387957790192	0.00232774674115	0.0205617628802	0.0081487575085	0.00690798563139	0.0	0.0	0.0	0.0	0.0	0.0	0.0	0.0
	1	2	3	4	5	6	7	8	9	14	24	34	44	54	64	74	84	94	104	114	124	134	144	154	164	174	184	194	204	214	224	234	244	254	264	274	284	294	304	314	324	334	344	354	364	374	384	394	404	414	424	434	444	454	464	474	484	490
4924-437-MS515F-926R.extendedFrags	0.0760624980192	0.0	0.0	0.0	0.0	0.0	0.0	0.0	0.0	0.0	0.0	0.0	0.0	0.0	0.0	0.0	0.0	0.0	0.0	0.0	0.0	0.0	0.0	0.0	0.0	0.0	0.0	0.0	0.0	0.0	0.0	0.0	0.0	0.0	0.0	0.0	0.0	0.000316937119675	0.0	0.0	0.0	0.000316937119675	0.00221855983773	0.0	0.0	0.000316937119675	0.000633874239351	0.0120436105477	0.00538902414283	0.00402310873658	0.0	0.0	0.0	0.0	0.0	0.0	0.0	0.0
	1	2	3	4	5	6	7	8	9	14	24	34	44	54	64	74	84	94	104	114	124	134	144	154	164	174	184	194	204	214	224	234	244	254	264	274	284	294	304	314	324	334	344	354	364	374	384	394	404	414	424	434	444	454	464	474	484	490
4924-439-MS515F-926R.extendedFrags	0.0565793727772	0.0	0.0	0.0	0.0	0.0	0.0	0.0	0.0	0.0	0.0	0.0	0.0	0.0	0.0	0.0	0.0	0.0	0.0	0.0	0.0	0.0	0.0	0.0	0.0	0.0	0.0	0.0	0.0	0.0	0.0	0.0	0.0	0.0	0.0	0.0	0.0	0.0	0.0	0.0	0.0	0.0	0.00161746866154	0.0	0.0	0.000404367165386	0.00202183582693	0.0287100687424	0.0117285448516	0.0123722819643	0.0	0.0	0.0	0.0	0.0	0.0	0.0	0.0
	1	2	3	4	5	6	7	8	9	14	24	34	44	54	64	74	84	94	104	114	124	134	144	154	164	174	184	194	204	214	224	234	244	254	264	274	284	294	304	314	324	334	344	354	364	374	384	394	404	414	424	434	444	454	464	474	484	490
4924-440-MS515F-926R.extendedFrags	0.0831600831601	0.0	0.0	0.0	0.0	0.0	0.0	0.0	0.0	0.0	0.0	0.0	0.0	0.0	0.0	0.0	0.0	0.0	0.0	0.0	0.0	0.0	0.0	0.0	0.0	0.0	0.0	0.0	0.0	0.0	0.0	0.0	0.0	0.0	0.0	0.0	0.0	0.0	0.0	0.0	0.0	0.0	0.00226825948889	0.0	0.000756086496295	0.000378043248148	0.00151217299259	0.0170119461666	0.00945229615178	0.00768233542997	0.0	0.0	0.0	0.0	0.0	0.0	0.0	0.0
	1	2	3	4	5	6	7	8	9	14	24	34	44	54	64	74	84	94	104	114	124	134	144	154	164	174	184	194	204	214	224	234	244	254	264	274	284	294	304	314	324	334	344	354	364	374	384	394	404	414	424	434	444	454	464	474	484	490
4924-441-MS515F-926R.extendedFrags	0.0582343349639	0.0	0.0	0.0	0.0	0.0	0.0	0.0	0.0	0.0	0.0	0.0	0.0	0.0	0.0	0.0	0.0	0.0	0.0	0.0	0.0	0.0	0.0	0.0	0.0	0.0	0.0	0.0	0.0	0.0	0.0	0.0	0.0	0.0	0.000776457799519	0.000388228899759	0.0	0.000388228899759	0.000388228899759	0.0	0.0	0.0	0.00116468669928	0.0	0.000388228899759	0.0	0.00116468669928	0.0201879027875	0.00776599503753	0.00690696320562	0.0	0.0	0.0	0.0	0.0	0.0	0.0	0.0
	1	2	3	4	5	6	7	8	9	14	24	34	44	54	64	74	84	94	104	114	124	134	144	154	164	174	184	194	204	214	224	234	244	254	264	274	284	294	304	314	324	334	344	354	364	374	384	394	404	414	421
4924-442-MS515F-926R.extendedFrags	0.0627478540234	0.0	0.0	0.0	0.0	0.0	0.0	0.0	0.0	0.0	0.0	0.0	0.0	0.0	0.0	0.0	0.0	0.0	0.0	0.0	0.0	0.0	0.0	0.0	0.0	0.0	0.0	0.0	0.0	0.0	0.0	0.0	0.0	0.000250991416094	0.0	0.000752993147762	0.000501995431842	0.000501995431842	0.000250997715921	0.000250997715921	0.0	0.000501995431842	0.00225897944329	0.000250997715921	0.000752993147762	0.000250997715921	0.00100399086368	0.0223387967169	0.0115471991766	0.0114856716246	0.0
	1	2	3	4	5	6	7	8	9	14	24	34	44	54	64	74	84	94	104	114	124	134	144	154	164	174	184	194	204	214	224	234	244	254	264	274	284	294	304	314	324	334	344	354	364	374	384	394	404	414	424	434	444	454	464	474	484	491
4924-831-MS515F-926R.extendedFrags	0.0712468193384	0.0	0.0	0.0	0.0	0.0	0.0	0.0	0.0	0.0	0.0	0.0	0.0	0.0	0.0	0.0	0.0	0.0	0.0	0.0	0.0	0.0	0.0	0.0	0.0	0.0	0.0	0.0	0.0	0.0	0.0	0.0	0.0	0.0	0.0	0.00203562340967	0.0	0.00101781170483	0.0	0.0	0.0	0.00203562340967	0.00712468193384	0.0	0.00101781170483	0.00203562340967	0.00407124681934	0.0427480916031	0.0203574773014	0.0208490787313	0.0	0.0	0.0	0.0	0.0	0.0	0.0	0.0
	1	2	3	4	5	6	7	8	9	14	24	34	44	54	64	74	84	94	104	114	124	134	144	154	164	174	184	194	204	214	224	234	244	254	264	274	284	294	304	314	324	334	344	354	364	374	384	394	404	414	424	434	444	454	464	474	484
4924-832-MS515F-926R.extendedFrags	0.0377168720141	0.0	0.0	0.0	0.0	0.0	0.0	0.0	0.0	0.0	0.0	0.0	0.0	0.0	0.0	0.0	0.0	0.0	0.0	0.0	0.0	0.0	0.0	0.0	0.0	0.0	0.0	0.0	0.0	0.0	0.0	0.0	0.0	0.0	0.0	0.0	0.0	0.0	0.0	0.0	0.0	0.0	0.00502954859801	0.0	0.0	0.00125749783082	0.00251509054326	0.0264084507042	0.011318903827	0.0095822154082	0.0	0.0	0.0	0.0	0.0	0.0	0.0
	1	2	3	4	5	6	7	8	9	14	24	34	44	54	64	74	84	94	104	114	124	134	144	154	164	174	184	194	204	214	224	234	244	254	264	274	284	294	304	314	324	334	344	354	364	374	384	394	404	414	424	434	444	454	464	474	484	490
4924-833-MS515F-926R.extendedFrags	0.0541027953111	0.0	0.0	0.0	0.0	0.0	0.0	0.0	0.0	0.0	0.0	0.0	0.0	0.0	0.0	0.0	0.0	0.0	0.0	0.0	0.0	0.0	0.0	0.0	0.0	0.0	0.0	0.0	0.0	0.0	0.0	0.0	0.0	0.0	0.0	0.0	0.0	0.0	0.0	0.0	0.0	0.000601142170123	0.00360700480333	0.0	0.00120235661897	0.000601178309487	0.00360706985692	0.0342671636407	0.0150331631579	0.0168113461303	0.0	0.0	0.0	0.0	0.0	0.0	0.0	0.0
	1	2	3	4	5	6	7	8	9	14	24	34	44	54	64	74	84	94	104	114	124	134	144	154	164	174	184	194	204	214	224	234	244	254	264	274	284	294	304	314	324	334	344	354	364	374	384	394	404	414	424	434	444	454	464	474	484	490
4924-834-MS515F-926R.extendedFrags	0.0373273609556	0.0	0.0	0.0	0.0	0.0	0.0	0.0	0.0	0.0	0.0	0.0	0.0	0.0	0.0	0.0	0.0	0.0	0.0	0.0	0.0	0.0	0.0	0.0	0.0	0.0	0.0	0.0	0.0	0.0	0.0	0.0	0.0	0.0	0.0	0.0	0.0	0.0	0.0	0.0	0.0	0.0	0.0	0.0	0.0	0.0	0.0	0.00563486100676	0.00375699740767	0.0	0.0	0.0	0.0	0.0	0.0	0.0	0.0	0.0
	1	2	3	4	5	6	7	8	9	14	24	34	44	54	64	74	84	94	104	114	124	134	144	154	164	174	184	194	204	214	224	234	244	254	264	274	284	294	304	314	324	334	344	354	364	374	384	394	404	414	424	434	444	454	464	474	484	490
4924-836-MS515F-926R.extendedFrags	0.0808298531591	0.0	0.0	0.0	0.0	0.0	0.0	0.0	0.0	0.0	0.0	0.0	0.0	0.0	0.0	0.0	0.0	0.0	0.0	0.0	0.0	0.0	0.0	0.0	0.0	0.0	0.0	0.0	0.0	0.0	0.0	0.0	0.0	0.0	0.0	0.000673582109659	0.0	0.0	0.00033679105483	0.0	0.0	0.000673582109659	0.00235753738381	0.0	0.00101037316449	0.0	0.000673582109659	0.0242489559477	0.0104416480289	0.0094122479015	0.0	0.0	0.0	0.0	0.0	0.0	0.0	0.0
	1	2	3	4	5	6	7	8	9	14	24	34	44	54	64	74	84	94	104	114	124	134	144	154	164	174	184	194	204	214	224	234	244	254	264	274	284	294	304	314	324	334	344	354	364	374	384	394	404	414	424	434	444	454	464	474	484
4924-837-MS515F-926R.extendedFrags	0.0633131786381	0.0	0.0	0.0	0.0	0.0	0.0	0.0	0.0	0.0	0.0	0.0	0.0	0.0	0.0	0.0	0.0	0.0	0.0	0.0	0.0	0.0	0.0	0.0	0.0	0.0	0.0	0.0	0.0	0.0	0.0	0.0	0.0	0.0	0.0	0.000316575914904	0.0	0.000316575914904	0.0	0.0	0.0	0.000316575914904	0.00221603140433	0.0	0.000316575914904	0.000316575914904	0.00189945548943	0.026592376852	0.0101330276537	0.0104790539832	0.0	0.0	0.0	0.0	0.0	0.0	0.0
	1	2	3	4	5	6	7	8	9	14	24	34	44	54	64	74	84	94	104	114	124	134	144	154	164	174	184	194	204	214	224	234	244	254	264	274	284	294	304	314	324	334	344	354	364	374	384	394	404	414	424	434	444	454	464	474	484
4924-838-MS515F-926R.extendedFrags	0.0695256454824	0.0	0.0	0.0	0.0	0.0	0.0	0.0	0.0	0.0	0.0	0.0	0.0	0.0	0.0	0.0	0.0	0.0	0.0	0.0	0.0	0.0	0.0	0.0	0.0	0.0	0.0	0.0	0.0	0.0	0.0	0.0	0.0	0.0	0.0	0.000316025661284	0.0	0.0	0.0	0.0	0.0	0.000316025661284	0.0037923079354	0.0	0.00126410264513	0.000316025661284	0.00316025661284	0.0404512846443	0.0167524836347	0.0169060346493	0.0	0.0	0.0	0.0	0.0	0.0	0.0
	1	2	3	4	5	6	7	8	9	14	24	34	44	54	64	74	84	94	104	114	124	134	144	154	164	174	184	194	204	214	224	234	244	254	264	274	284	294	304	314	324	334	344	354	364	374	384	394	404	414	424	434	444	454	464	474	484	490
4924-839-MS515F-926R.extendedFrags	0.0756191316403	0.0	0.0	0.0	0.0	0.0	0.0	0.0	0.0	0.0	0.0	0.0	0.0	0.0	0.0	0.0	0.0	0.0	0.0	0.0	0.0	0.0	0.0	0.0	0.0	0.0	0.0	0.0	0.0	0.0	0.0	0.0	0.0	0.0	0.000315079715168	0.0	0.0	0.0	0.0	0.0	0.0	0.000315079715168	0.00126031886067	0.0	0.000630159430336	0.000630159430336	0.00220555800618	0.0346587686685	0.0129213217567	0.0120188455498	0.0	0.0	0.0	0.0	0.0	0.0	0.0	0.0
	1	2	3	4	5	6	7	8	9	14	24	34	44	54	64	74	84	94	104	114	124	134	144	154	164	174	184	194	204	214	224	234	244	254	264	274	284	294	304	314	324	334	344	354	364	374	384	394	404	414	424	434	444	454	464	474	484
4924-841-MS515F-926R.extendedFrags	0.0573958674975	0.0	0.0	0.0	0.0	0.0	0.0	0.0	0.0	0.0	0.0	0.0	0.0	0.0	0.0	0.0	0.0	0.0	0.0	0.0	0.0	0.0	0.0	0.0	0.0	0.0	0.0	0.0	0.0	0.0	0.0	0.0	0.0	0.0	0.0	0.0	0.0	0.0	0.0	0.0	0.0	0.0	0.000819940964251	0.0	0.0	0.0	0.00245982289275	0.0188586421778	0.00820041822133	0.0104377596393	0.0	0.0	0.0	0.0	0.0	0.0	0.0
	1	2	3	4	5	6	7	8	9	14	24	34	44	54	64	74	84	94	104	114	124	134	144	154	164	174	184	194	204	214	224	234	244	254	264	274	284	294	304	314	324	334	344	354	364	374	384	394	404	414	424	434	444	454	464	474	484	491
4924-842-MS515F-926R.extendedFrags	0.0627844922304	0.0	0.0	0.0	0.0	0.0	0.0	0.0	0.0	0.0	0.0	0.0	0.0	0.0	0.0	0.0	0.0	0.0	0.0	0.0	0.0	0.0	0.0	0.0	0.0	0.0	0.0	0.0	0.0	0.0	0.0	0.0	0.0	0.0	0.000941767383456	0.00188353476691	0.0	0.000313922461152	0.00156961230576	0.0	0.0	0.000627844922304	0.00470883691728	0.0	0.00219745722806	0.000941767383456	0.00345314707267	0.0345314707267	0.0153861129341	0.0119663028911	0.0	0.0	0.0	0.0	0.0	0.0	0.0	0.0
	1	2	3	4	5	6	7	8	9	14	24	34	44	54	64	74	84	94	104	114	124	134	144	154	164	174	184	194	204	214	224	234	244	254	264	274	284	294	304	314	324	334	344	354	364	374	384	394	404	414	424	434	444	454	464	474	484	490
4924-843-MS515F-926R.extendedFrags	0.0754029344309	0.0	0.0	0.0	0.0	0.0	0.0	0.0	0.0	0.0	0.0	0.0	0.0	0.0	0.0	0.0	0.0	0.0	0.0	0.0	0.0	0.0	0.0	0.0	0.0	0.0	0.0	0.0	0.0	0.0	0.0	0.0	0.0	0.0	0.0	0.000628357786924	0.0	0.000942536680386	0.000314178893462	0.000314178893462	0.0	0.00157089446731	0.00439850450847	0.0	0.0	0.000942536680386	0.00219925225423	0.0399007194697	0.0160256410256	0.01517656738	0.0	0.0	0.0	0.0	0.0	0.0	0.0	0.0
	1	2	3	4	5	6	7	8	9	14	24	34	44	54	64	74	84	94	104	114	124	134	144	154	164	174	184	194	204	214	224	234	244	254	264	274	284	294	304	314	324	334	344	354	364	374	384	394	404	414	424	434	444	454	464	474	484	490
4924-844-MS515F-926R.extendedFrags	0.0753670374725	0.0	0.0	0.0	0.0	0.0	0.0	0.0	0.0	0.0	0.0	0.0	0.0	0.0	0.0	0.0	0.0	0.0	0.0	0.0	0.0	0.0	0.0	0.0	0.0	0.0	0.0	0.0	0.0	0.0	0.0	0.0	0.0	0.0	0.0	0.0	0.0	0.0	0.0	0.0	0.0	0.0	0.00422055409846	0.0	0.00090440444967	0.00060293629978	0.00211027704923	0.0214042386422	0.00844283896491	0.00845211110684	0.0	0.0	0.0	0.0	0.0	0.0	0.0	0.0
	1	2	3	4	5	6	7	8	9	14	24	34	44	54	64	74	84	94	104	114	124	134	144	154	164	174	184	194	204	214	224	234	244	254	264	274	284	294	304	314	324	334	344	354	364	374	384	394	404	414	424	434	444	454	464	474	484	490
5101-1016-MS515F-926R.extendedFrags	0.0	0.0	0.0	0.0	0.0	0.0	0.0	0.0	0.0	0.00152839762793	0.00366815430702	0.00183407715351	0.0	0.000305679525585	0.0	0.0	0.0	0.0	0.0	0.0	0.0	0.0	0.0	0.0	0.0	0.0	0.0	0.0	0.0	0.0	0.0	0.0	0.0	0.0	0.0	0.0	0.0	0.0	0.0	0.0	0.0	0.0	0.0168123739072	0.0	0.0	0.0	0.0	0.0	0.0	0.0	0.0	0.0	0.0	0.0	0.0	0.0	0.0	0.0
	1	2	3	4	5	6	7	8	9	14	24	34	44	54	64	74	84	94	104	114	124	134	144	154	164	174	184	194	204	214	224	234	244	254	264	274	284	294	304	314	324	334	344	354	364	374	384	394	404	414	424	434	444	454	464	474	484	490
5101-1017-MS515F-926R.extendedFrags	0.0	0.0	0.0	0.0	0.0	0.0	0.0	0.0	0.00213196887325	0.00213196887325	0.00319795330988	0.00277155953523	0.00255836264791	0.00277155953523	0.0	0.0	0.0	0.0	0.0	0.0	0.0	0.0	0.0	0.000213201432714	0.0	0.0	0.0	0.0	0.0	0.0	0.0	0.0	0.0	0.0	0.0	0.0	0.0	0.0	0.0	0.0	0.0	0.0	0.0221729490022	0.0	0.0	0.0	0.0	0.0	0.0	0.0	0.0	0.0	0.0	0.0	0.0	0.0	0.0	0.0
	1	2	3	4	5	6	7	8	9	14	24	34	44	54	64	74	84	94	104	114	124	134	144	154	164	174	184	194	204	214	224	234	244	254	264	274	284	294	304	314	324	334	344	354	364	374	384	394	404	414	424	434	444	454	464	474	484
5101-1018-MS515F-926R.extendedFrags	0.0	0.0	0.0	0.0	0.0	0.0	0.0	0.0	0.0	0.00247913395587	0.00268572845219	0.00185936583229	0.000413197529079	0.000619796293618	0.0	0.0	0.0	0.0	0.0	0.0	0.0	0.0	0.0	0.0	0.0	0.0	0.0	0.0	0.0	0.0	0.0	0.0	0.0	0.0	0.0	0.0	0.0	0.0	0.0	0.0	0.0	0.0	0.0204532776894	0.0	0.0	0.0	0.0	0.0	0.0	0.0	0.0	0.0	0.0	0.0	0.0	0.0	0.0
	1	2	3	4	5	6	7	8	9	14	24	34	44	54	64	74	84	94	104	114	124	134	144	154	164	174	184	194	204	214	224	234	244	254	264	274	284	294	304	314	324	334	344	354	364	374	384	394	404	414	424	434	444	454	464	474	484
5101-1019-MS515F-926R.extendedFrags	0.0	0.0	0.0	0.0	0.0	0.0	0.0	0.0	0.00417902962932	0.00167161185173	0.00334322370346	0.00167161185173	0.00188056333319	0.00313427222199	0.0	0.0	0.0	0.0	0.0	0.0	0.0	0.0	0.0	0.0	0.0	0.0	0.0	0.0	0.0	0.0	0.0	0.0	0.0	0.0	0.0	0.0	0.0	0.0	0.0	0.0	0.0	0.0	0.0188056333319	0.000208951481466	0.0	0.0	0.0	0.0	0.0	0.0	0.0	0.0	0.0	0.0	0.0	0.0	0.0
	1	2	3	4	5	6	7	8	9	14	24	34	44	54	64	74	84	94	104	114	124	134	144	154	164	174	184	194	204	214	224	234	244	254	264	274	284	294	304	314	324	334	344	354	364	374	384	394	404	414	424	434	444	454	464	474	484	490
5101-1020-MS515F-926R.extendedFrags	0.0	0.0	0.0	0.0	0.0	0.0	0.0	0.0	0.0	0.00221244376705	0.00221244376705	0.000491654170457	0.0	0.000983308340913	0.0	0.0	0.0	0.0	0.0	0.0	0.0	0.0	0.0	0.0	0.0	0.0	0.0	0.0	0.0	0.0	0.0	0.0	0.0	0.0	0.0	0.0	0.0	0.0	0.0	0.0	0.0	0.0	0.0206508965931	0.0	0.0	0.0	0.0	0.0	0.0	0.0	0.0	0.0	0.0	0.0	0.0	0.0	0.0	0.0
	1	2	3	4	5	6	7	8	9	14	24	34	44	54	64	74	84	94	104	114	124	134	144	154	164	174	184	194	204	214	224	234	244	254	264	274	284	294	304	314	324	334	344	354	364	374	384	394	404	414	424	434	444	454	464	474	484	491
5101-1021-MS515F-926R.extendedFrags	0.0	0.0	0.0	0.0	0.0	0.0	0.0	0.0	0.0	0.00272632780684	0.00391909622233	0.00221514134306	0.00119276841549	0.0018743503672	0.0	0.0	0.0	0.0	0.0	0.0	0.0	0.0	0.0	0.0	0.0	0.0	0.0	0.0	0.0	0.0	0.0	0.0	0.0	0.0	0.0	0.0	0.0	0.0	0.0	0.0	0.0	0.0	0.0192546901358	0.0	0.0	0.0	0.0	0.0	0.0	0.000440656754827	0.0	0.0	0.0	0.0	0.0	0.0	0.0	0.0
	1	2	3	4	5	6	7	8	9	14	24	34	44	54	64	74	84	94	104	114	124	134	144	154	164	174	184	194	204	214	224	234	244	254	264	274	284	294	304	314	324	334	344	354	364	374	384	394	404	414	424	434	444	450
5101-1022-MS515F-926R.extendedFrags	0.0	0.0	0.0	0.0	0.0	0.0	0.0	0.0	0.0	0.0012298610257	0.00228402761916	0.00105417214983	0.000702790076604	0.000702790076604	0.0	0.0	0.0	0.0	0.0	0.0	0.0	0.0	0.0	0.000175697519151	0.0	0.0	0.0	0.0	0.0	0.0	0.0	0.0	0.0	0.0	0.0	0.0	0.0	0.0	0.0	0.0	0.0	0.0	0.0216126935039	0.000175712955316	0.0	0.0	0.0	0.0	0.0	0.0	0.0	0.0	0.0	0.0
	1	2	3	4	5	6	7	8	9	14	24	34	44	54	64	74	84	94	104	114	124	134	144	154	164	174	184	194	204	214	224	234	244	254	264	274	284	294	304	314	324	334	344	354	364	374	384	394	404	414	424	434	444	454	464	474	484	491
5101-1023-MS515F-926R.extendedFrags	0.0	0.0	0.0	0.0	0.0	0.0	0.0	0.0	0.0	0.00173336511169	0.00195003575066	0.000650011916885	0.000650011916885	0.00108335319481	0.0	0.0	0.0	0.0	0.0	0.0	0.0	0.0	0.0	0.0	0.0	0.0	0.0	0.0	0.0	0.0	0.0	0.0	0.0	0.0	0.0	0.0	0.0	0.0	0.0	0.0	0.0	0.0	0.0231842607038	0.0	0.0	0.0	0.0	0.0	0.0	0.0	0.0	0.0	0.0	0.0	0.0	0.0	0.0	0.0
	1	2	3	4	5	6	7	8	9	14	24	34	44	54	64	74	84	94	104	114	124	134	144	154	164	174	184	194	204	214	224	234	244	254	264	274	284	294	304	314	324	334	344	354	364	374	384	394	404	414	424	434	444	454	464	474	484	490
5101-1024-MS515F-926R.extendedFrags	0.0	0.0	0.0	0.0	0.0	0.0	0.0	0.0	0.0	0.00121102028459	0.00161469371279	0.000807366411135	0.000807412042551	0.00121111806383	0.0	0.0	0.0	0.0	0.0	0.0	0.0	0.0	0.0	0.0	0.0	0.0	0.0	0.0	0.0	0.0	0.0	0.0	0.0	0.0	0.0	0.0	0.0	0.0	0.0	0.0	0.0	0.0	0.019582113657	0.0	0.0	0.0	0.0	0.0	0.0	0.0	0.0	0.0	0.0	0.0	0.0	0.0	0.0	0.0
	1	2	3	4	5	6	7	8	9	14	24	34	44	54	64	74	84	94	104	114	124	134	144	154	164	174	184	194	204	214	224	234	244	254	264	274	284	294	304	314	324	334	344	354	364	374	384	394	404	414	424	434	444	452
5101-1025-MS515F-926R.extendedFrags	0.0	0.0	0.0	0.0	0.0	0.0	0.0	0.0	0.0	0.00207282526083	0.00161219742509	0.00161219742509	0.0	0.0	0.0	0.0	0.0	0.0	0.0	0.0	0.0	0.0	0.0	0.0	0.0	0.0	0.0	0.0	0.0	0.0	0.0	0.0	0.0	0.0	0.0	0.0	0.0	0.0	0.0	0.0	0.0	0.0	0.0207287300198	0.0	0.0	0.0	0.0	0.0	0.0	0.0	0.0	0.0	0.0	0.0
	1	2	3	4	5	6	7	8	9	14	24	34	44	54	64	74	84	94	104	114	124	134	144	154	164	174	184	194	204	214	224	234	244	254	264	274	284	294	304	314	324	334	344	354	364	374	384	394	404	414	424	434	444	454	464	474	484	490
5101-1026-MS515F-926R.extendedFrags	0.0	0.0	0.0	0.0	0.0	0.0	0.0	0.0	0.0	0.00120999455502	0.00362998366507	0.00221858284995	0.000806972240155	0.00100871530019	0.0	0.0	0.0	0.0	0.0	0.0	0.0	0.0	0.0	0.0	0.0	0.0	0.0	0.0	0.0	0.0	0.0	0.0	0.0	0.0	0.0	0.0	0.0	0.0	0.0	0.0	0.0	0.0	0.0203760490639	0.0	0.0	0.0	0.0	0.0	0.0	0.0	0.0	0.0	0.0	0.0	0.0	0.0	0.0	0.0
	1	2	3	4	5	6	7	8	9	14	24	34	44	54	64	74	84	94	104	114	124	134	144	154	164	174	184	194	204	214	224	234	244	254	264	274	284	294	304	314	324	334	344	354	364	374	384	394	404	414	424	434	444	454	464	474	484	490
5101-1027-MS515F-926R.extendedFrags	0.0	0.0	0.0	0.0	0.0	0.0	0.0	0.0	0.0	0.00197885918768	0.00395771837536	0.00181395425537	0.00296828878152	0.00230866905229	0.0	0.0	0.0	0.0	0.0	0.0	0.0	0.0	0.0	0.0	0.0	0.0	0.0	0.0	0.0	0.0	0.0	0.0	0.0	0.0	0.0	0.0	0.0	0.0	0.0	0.0	0.0	0.0	0.018304447486	0.0	0.0	0.0	0.0	0.0	0.0	0.0	0.0	0.0	0.0	0.0	0.0	0.0	0.0	0.0
	1	2	3	4	5	6	7	8	9	14	24	34	44	54	64	74	84	94	104	114	124	134	144	154	164	174	184	194	204	214	224	234	244	254	264	274	284	294	304	314	324	334	344	354	364	374	384	394	404	414
5101-1028-MS515F-926R.extendedFrags	0.0	0.0	0.0	0.0	0.0	0.0	0.0	0.0	0.0	0.00231385071035	0.00254523578139	0.00161969549725	0.000231394708466	0.000462834397852	0.0	0.0	0.0	0.0	0.0	0.0	0.0	0.0	0.0	0.000462834397852	0.0	0.0	0.0	0.0	0.0	0.0	0.0	0.0	0.0	0.0	0.0	0.0	0.0	0.0	0.0	0.0	0.0	0.0	0.0249936358798	0.0	0.0	0.0	0.0	0.0	0.0	0.0
	1	2	3	4	5	6	7	8	9	14	24	34	44	54	64	74	84	94	104	114	124	134	144	154	164	174	184	194	204	214	224	234	244	254	264	274	284	294	304	314	324	334	344	354	364	374	384	394	404	414	424	434	444	454	464	474	484	490
5101-1029-MS515F-926R.extendedFrags	0.0	0.0	0.0	0.0	0.0	0.0	0.0	0.0	0.0	0.00188416173644	0.00226099408373	0.000942080868222	0.000188416173644	0.000942080868222	0.0	0.0	0.0	0.0	0.0	0.0	0.0	0.0	0.0	0.0	0.0	0.0	0.0	0.0	0.0	0.0	0.0	0.0	0.0	0.0	0.0	0.0	0.0	0.0	0.0	0.0	0.0	0.0	0.0199721144063	0.0	0.0	0.0	0.0	0.0	0.0	0.0	0.0	0.0	0.0	0.0	0.0	0.0	0.0	0.0
	1	2	3	4	5	6	7	8	9	14	24	34	44	54	64	74	84	94	104	114	124	134	144	154	164	174	184	194	204	214	224	234	244	254	264	274	284	294	304	314	324	334	344	354	364	374	384	394	404	414	424	434	444	454	464	474	484	490
5101-1030-MS515F-926R.extendedFrags	0.0	0.0	0.0	0.0	0.0	0.0	0.0	0.0	0.0	0.00307787011388	0.00239389897746	0.000854968306325	0.000170995708008	0.000341991416015	0.0	0.0	0.0	0.0	0.0	0.0	0.0	0.0	0.0	0.0	0.0	0.0	0.0	0.0	0.0	0.0	0.0	0.0	0.0	0.0	0.0	0.0	0.0	0.0	0.0	0.0	0.0	0.0	0.0201774935449	0.0	0.0	0.0	0.0	0.0	0.0	0.0	0.0	0.0	0.0	0.0	0.0	0.0	0.0	0.0
	1	2	3	4	5	6	7	8	9	14	24	34	44	54	64	74	84	94	104	114	124	134	144	154	164	174	184	194	204	214	224	234	244	254	264	274	284	294	304	314	324	334	344	354	364	374	384	394	404	414	424	434	444	454	464	474	484	490
5101-1031-MS515F-926R.extendedFrags	0.0	0.0	0.0	0.0	0.0	0.0	0.0	0.0	0.0	0.00298191872916	0.00216866816666	0.001626501125	0.0	0.0	0.0	0.0	0.0	0.0	0.0	0.0	0.0	0.0	0.0	0.0	0.0	0.0	0.0	0.0	0.0	0.0	0.0	0.0	0.0	0.0	0.0	0.0	0.0	0.0	0.0	0.0	0.0	0.0	0.0130127145065	0.0	0.0	0.0	0.0	0.0	0.0	0.0	0.0	0.0	0.0	0.0	0.0	0.0	0.0	0.0
	1	2	3	4	5	6	7	8	9	14	24	34	44	54	64	74	84	94	104	114	124	134	144	154	164	174	184	194	204	214	224	234	244	254	264	274	284	294	304	314	324	334	344	354	364	374	384	394	404	414	424	434	444	454	464	474	484	491
5101-1032-MS515F-926R.extendedFrags	0.0	0.0	0.0	0.0	0.0	0.0	0.0	0.0	0.0	0.00153902979562	0.00123122383649	0.00123122383649	0.00123122383649	0.00153902979562	0.0	0.0	0.0	0.0	0.0	0.0	0.0	0.0	0.0	0.0	0.0	0.0	0.0	0.0	0.0	0.0	0.0	0.0	0.0	0.0	0.0	0.0	0.0	0.0	0.0	0.0	0.0	0.0	0.0181616696423	0.0	0.0	0.0	0.0	0.0	0.0	0.0	0.0	0.0	0.0	0.0	0.0	0.0	0.0	0.0
	1	2	3	4	5	6	7	8	9	14	24	34	44	54	64	74	84	94	104	114	124	134	144	154	164	174	184	194	204	214	224	234	244	254	264	274	284	294	304	314	324	334	344	354	364	374	384	394	404	414	424	434	444	454	464	474	484
5101-1033-MS515F-926R.extendedFrags	0.0	0.0	0.0	0.0	0.0	0.0	0.0	0.0	0.0	0.0017626580884	0.0026439871326	0.0013219935663	0.0013219935663	0.0017626580884	0.0	0.0	0.0	0.0	0.0	0.0	0.0	0.0	0.0	0.0	0.0	0.0	0.0	0.0	0.0	0.0	0.0	0.0	0.0	0.0	0.0	0.0	0.0	0.0	0.0	0.0	0.0	0.0	0.0114572775746	0.0	0.0	0.0	0.0	0.0	0.0	0.0	0.0	0.0	0.0	0.0	0.0	0.0	0.0
	1	2	3	4	5	6	7	8	9	14	24	34	44	54	64	74	84	94	104	114	124	134	144	154	164	174	184	194	204	214	224	234	244	254	264	274	284	294	304	314	324	334	344	354	364	374	384	394	404	414	424	434	444	454	464	474	484	490
5101-1034-MS515F-926R.extendedFrags	0.0	0.0	0.0	0.0	0.0	0.0	0.0	0.0	0.00346416323137	0.000692832646274	0.000692832646274	0.0	0.0	0.000346416323137	0.0	0.0	0.0	0.0	0.0	0.0	0.0	0.0	0.0	0.0	0.0	0.0	0.0	0.0	0.0	0.0	0.0	0.0	0.0	0.0	0.0	0.0	0.0	0.0	0.0	0.0	0.0	0.0	0.00554266117019	0.0	0.0	0.0	0.0	0.0	0.0	0.0	0.0	0.0	0.0	0.0	0.0	0.0	0.0	0.0
	1	2	3	4	5	6	7	8	9	14	24	34	44	54	64	74	84	94	104	114	124	134	144	154	164	174	184	194	204	214	224	234	244	254	264	274	284	294	304	314	324	334	344	354	364	374	384	394	404	414	424	434	444	454	464	474	484	490
5101-1035-MS515F-926R.extendedFrags	0.0	0.0	0.0	0.0	0.0	0.0	0.0	0.0	0.0	0.00112549240293	0.00168823860439	0.000562746201463	0.000562746201463	0.000562746201463	0.0	0.0	0.0	0.0	0.0	0.0	0.0	0.0	0.0	0.0	0.0	0.0	0.0	0.0	0.0	0.0	0.0	0.0	0.0	0.0	0.0	0.0	0.0	0.0	0.0	0.0	0.0	0.0	0.004502476362	0.0	0.0	0.0	0.0	0.0	0.0	0.0	0.0	0.0	0.0	0.0	0.0	0.0	0.0	0.0
	1	2	3	4	5	6	7	8	9	14	24	34	44	54	64	74	84	94	104	114	124	134	144	154	164	174	184	194	204	214	224	234	244	254	264	274	284	294	304	314	324	334	344	354	364	374	384	394	404	414	424	431
5101-1036-MS515F-926R.extendedFrags	0.0	0.0	0.0	0.0	0.0	0.0	0.0	0.0	0.0	0.00203631427117	0.00271508569489	0.00169692855931	0.000339394926725	0.0	0.0	0.0	0.0	0.0	0.0	0.0	0.0	0.0	0.0	0.0	0.0	0.0	0.0	0.0	0.0	0.0	0.0	0.0	0.0	0.0	0.0	0.0	0.0	0.0	0.0	0.0	0.0	0.0	0.00441216399674	0.0	0.0	0.0	0.0	0.0	0.0	0.0	0.0	0.0
	1	2	3	4	5	6	7	8	9	14	24	34	44	54	64	74	84	94	104	114	124	134	144	154	164	174	184	194	204	214	224	234	244	254	264	274	284	294	304	314	324	334	344	354	364	374	384	394	404	414	424	434	444	454	464	474	484	490
5101-1037-MS515F-926R.extendedFrags	0.0	0.0	0.0	0.0	0.0	0.0	0.0	0.0	0.0	0.00116309499578	0.00319851123841	0.00203541624262	0.00174464756665	0.00232625763303	0.0	0.0	0.0	0.0	0.0	0.0	0.0	0.0	0.0	0.0	0.0	0.0	0.0	0.0	0.0	0.0	0.0	0.0	0.0	0.0	0.0	0.0	0.0	0.0	0.0	0.0	0.0	0.0	0.00552502253628	0.0	0.0	0.0	0.0	0.0	0.0	0.0	0.0	0.0	0.0	0.0	0.0	0.0	0.0	0.0
	1	2	3	4	5	6	7	8	9	14	24	34	44	54	64	74	84	94	104	114	124	134	144	154	164	174	184	194	204	214	224	234	244	254	264	274	284	294	304	314	324	334	344	354	364	374	384	394	404	414	424	434	444	454	464	474	484	491
5101-1038-MS515F-926R.extendedFrags	0.0	0.0	0.0	0.0	0.0	0.0	0.0	0.0	0.0	0.00179061716605	0.00218853209184	0.00179061716605	0.000596872388683	0.000994787314472	0.0	0.0	0.0	0.0	0.0	0.0	0.0	0.0	0.0	0.0	0.0	0.0	0.0	0.0	0.0	0.0	0.0	0.0	0.0	0.0	0.0	0.0	0.0	0.0	0.0	0.0	0.0	0.0	0.00576976642394	0.0	0.0	0.0	0.0	0.0	0.0	0.000529304969644	0.0	0.0	0.0	0.0	0.0	0.0	0.0	0.0
	1	2	3	4	5	6	7	8	9	14	24	34	44	54	64	74	84	94	104	114	124	134	144	154	164	174	184	194	204	214	224	234	244	254	264	274	284	294	304	314	324	334	344	354	364	374	384	394	404	414	424	434	444	454	464	474	484	490
5101-1039-MS515F-926R.extendedFrags	0.0	0.0	0.0	0.0	0.0	0.0	0.0	0.0	0.0	0.00199994285878	0.0048570040856	0.00371417959487	0.00228564898146	0.00228564898146	0.0	0.0	0.0	0.0	0.0	0.0	0.0	0.0	0.0	0.0	0.0	0.0	0.0	0.0	0.0	0.0	0.0	0.0	0.0	0.0	0.0	0.0	0.0	0.0	0.0	0.0	0.0	0.0	0.00371449797131	0.0	0.0	0.0	0.0	0.0	0.0	0.0	0.0	0.0	0.0	0.0	0.0	0.0	0.0	0.0
	1	2	3	4	5	6	7	8	9	14	24	34	44	54	64	74	84	94	104	114	124	134	144	154	164	174	184	194	204	214	224	234	244	254	264	274	284	294	304	314	324	334	344	354	364	374	384	394	404	414	424	434	444	454	464	474	484
5101-1040-MS515F-926R.extendedFrags	0.0	0.0	0.0	0.0	0.0	0.0	0.0	0.0	0.0	0.0022633744856	0.0022633744856	0.00164609053498	0.000617283950617	0.000617283950617	0.0	0.0	0.0	0.0	0.0	0.0	0.0	0.0	0.0	0.0	0.0	0.0	0.0	0.0	0.0	0.0	0.0	0.0	0.0	0.0	0.0	0.0	0.0	0.0	0.0	0.0	0.0	0.0	0.00699602872487	0.0	0.0	0.0	0.0	0.0	0.0	0.0	0.0	0.0	0.0	0.0	0.0	0.0	0.0
	1	2	3	4	5	6	7	8	9	14	24	34	44	54	64	74	84	94	104	114	124	134	144	154	164	174	184	194	204	214	224	234	244	254	264	274	284	294	304	314	324	334	344	354	364	374	384	394	404	414	424	434	444	454	464	474	484	490
5101-1138-MS515F-926R.extendedFrags	0.0	0.0	0.0	0.0	0.0	0.0	0.0	0.0	0.00641025641026	0.0	0.000641025641026	0.0	0.0	0.0	0.0	0.0	0.0	0.0	0.0	0.0	0.0	0.0	0.0	0.0	0.0	0.0	0.0	0.0	0.0	0.0	0.0	0.0	0.0	0.0	0.0	0.0	0.0	0.0	0.0	0.0	0.0	0.0	0.00512820512821	0.0	0.0	0.0	0.0	0.0	0.0	0.0	0.0	0.0	0.0	0.0	0.0	0.0	0.0	0.0
	1	2	3	4	5	6	7	8	9	14	24	34	44	54	64	74	84	94	104	114	124	134	144	154	164	174	184	194	204	214	224	234	244	254	264	274	284	294	304	314	324	334	344	354	364	374	384	394	404	414	424	434	444	454	464	474	484	490
5101-1139-MS515F-926R.extendedFrags	0.0	0.0	0.0	0.0	0.0	0.0	0.0	0.0	0.0	0.00266737796746	0.0	0.0013340626209	0.0	0.00133493525564	0.0	0.0	0.0	0.0	0.0	0.0	0.0	0.0	0.0	0.0	0.0	0.0	0.0	0.0	0.0	0.0	0.0	0.0	0.0	0.0	0.0	0.0	0.0	0.0	0.0	0.0	0.0	0.0	0.016023501135	0.0	0.0	0.0	0.0	0.0	0.0	0.0	0.0	0.0	0.0	0.0	0.0	0.0	0.0	0.0
	1	2	3	4	5	6	7	8	9	14	24	34	44	54	64	74	84	94	104	114	124	134	144	154	164	174	184	194	204	214	224	234	244	254	264	274	284	294	304	314	324	334	344	354	364	374	384	394	404	412
5101-1140-MS515F-926R.extendedFrags	0.0	0.0	0.0	0.0	0.0	0.0	0.0	0.0	0.0	0.0	0.0	0.0	0.0	0.0	0.0	0.0	0.0	0.0	0.0	0.0	0.0	0.0	0.0	0.0	0.0	0.0	0.0	0.0	0.0	0.0	0.0	0.0	0.0	0.0	0.0	0.0	0.0	0.0	0.0	0.0	0.0	0.0	0.0219039595619	0.0	0.0	0.0	0.0	0.0	0.0	0.0
	1	2	3	4	5	6	7	8	9	14	24	34	44	54	64	74	84	94	104	114	124	134	144	154	164	174	184	194	204	214	224	234	244	254	264	274	284	294	304	314	324	334	344	354	364	374	384	394	404	414	424	434	444	454	464	474	484	491
5101-1141-MS515F-926R.extendedFrags	0.0	0.0	0.0	0.0	0.0	0.0	0.0	0.0	0.0	0.00241721053904	0.00402868423173	0.00161147369269	0.00161147369269	0.00402868423173	0.0	0.0	0.0	0.0	0.0	0.0	0.0	0.0	0.0	0.0	0.0	0.0	0.0	0.0	0.0	0.0	0.0	0.0	0.0	0.0	0.0	0.0	0.0	0.0	0.0	0.0	0.0	0.0	0.0169204737733	0.0	0.0	0.0	0.0	0.0	0.0	0.0	0.0	0.0	0.0	0.0	0.0	0.0	0.0	0.0
	1	2	3	4	5	6	7	8	9	14	24	34	44	54	64	74	84	94	104	114	124	134	144	154	164	174	184	194	204	214	224	234	244	254	264	274	284	294	304	314	324	334	344	354	364	374	384	394	404	414	424	434	444	454	464	474	484	490
5101-1142-MS515F-926R.extendedFrags	0.0	0.0	0.0	0.0	0.0	0.0	0.0	0.0	0.0	0.0	0.0	0.00141203049986	0.0	0.0	0.0	0.0	0.0	0.0	0.0	0.0	0.0	0.0	0.0	0.0	0.0	0.0	0.0	0.0	0.0	0.0	0.0	0.0	0.0	0.0	0.0	0.0	0.0	0.0	0.0	0.0	0.0	0.0	0.0162402999513	0.0	0.0	0.0	0.0	0.0	0.0	0.0	0.0	0.0	0.0	0.0	0.0	0.0	0.0	0.0
	1	2	3	4	5	6	7	8	9	14	24	34	44	54	64	74	84	94	104	114	124	134	144	154	164	174	184	194	204	214	224	234	244	254	264	274	284	294	304	314	324	334	344	354	364	374	384	394	404	414	424	434	444	454	464	474	483
5101-1143-MS515F-926R.extendedFrags	0.0	0.0	0.0	0.0	0.0	0.0	0.0	0.0	0.0	0.00123784261715	0.00123784261715	0.00141467727675	0.000176834659593	0.00053050397878	0.0	0.0	0.0	0.0	0.0	0.0	0.0	0.0	0.0	0.0	0.0	0.0	0.0	0.0	0.0	0.0	0.0	0.0	0.0	0.0	0.0	0.0	0.0	0.0	0.0	0.0	0.0	0.0	0.0182139699381	0.0	0.0	0.0	0.0	0.0	0.0	0.0	0.0	0.0	0.0	0.0	0.0	0.0	0.0
	1	2	3	4	5	6	7	8	9	14	24	34	44	54	64	74	84	94	104	114	124	134	144	154	164	174	184	194	204	214	224	234	244	254	264	274	284	294	304	314	324	334	344	354	364	374	384	394	404	414	424	434	444	454	464	474	484	490
5101-1144-MS515F-926R.extendedFrags	0.0	0.0	0.0	0.0	0.0	0.0	0.0	0.0	0.0	0.00158690975773	0.0024685262898	0.00176323306415	0.00141058645132	0.00141058645132	0.0	0.0	0.0	0.0	0.0	0.0	0.0	0.0	0.0	0.000176323306415	0.0	0.0	0.0	0.0	0.0	0.0	0.0	0.0	0.0	0.0	0.0	0.0	0.0	0.0	0.0	0.0	0.0	0.0	0.0193955637056	0.0	0.0	0.0	0.0	0.0	0.0	0.0	0.0	0.0	0.0	0.0	0.0	0.0	0.0	0.0
	1	2	3	4	5	6	7	8	9	14	24	34	44	54	64	74	84	94	104	114	124	134	144	154	164	174	184	194	204	214	224	234	244	254	264	274	284	294	304	314	324	334	344	354	364	374	384	394	404	414	424	434	444	454	464	474	484	490
5101-1145-MS515F-926R.extendedFrags	0.0	0.0	0.0	0.0	0.0	0.0	0.0	0.0	0.0	0.00119220299243	0.00198700498738	0.000596101496215	0.0	0.000397400997477	0.0	0.0	0.0	0.0	0.0	0.0	0.0	0.0	0.0	0.0	0.0	0.0	0.0	0.0	0.0	0.0	0.0	0.0	0.0	0.0	0.0	0.0	0.0	0.0	0.0	0.0	0.0	0.0	0.0178834002305	0.0	0.0	0.0	0.0	0.0	0.0	0.0	0.0	0.0	0.0	0.0	0.0	0.0	0.0	0.0
	1	2	3	4	5	6	7	8	9	14	24	34	44	54	64	74	84	94	104	114	124	134	144	154	164	174	184	194	204	214	224	234	244	254	264	274	284	294	304	314	324	334	344	354	364	374	384	394	404	414	424	434	444	454	464	474	484	490
5101-1146-MS515F-926R.extendedFrags	0.0	0.0	0.0	0.0	0.0	0.0	0.0	0.0	0.0	0.00235843999914	0.00257284363543	0.00128642181771	0.0	0.000214403636286	0.0	0.0	0.0	0.0	0.0	0.0	0.0	0.0	0.0	0.0	0.0	0.0	0.0	0.0	0.0	0.0	0.0	0.0	0.0	0.0	0.0	0.0	0.0	0.0	0.0	0.0	0.0	0.0	0.0167234836303	0.0	0.0	0.0	0.0	0.0	0.0	0.0	0.0	0.0	0.0	0.0	0.0	0.0	0.0	0.0
	1	2	3	4	5	6	7	8	9	14	24	34	44	54	64	74	84	94	104	114	124	134	144	154	164	174	184	194	204	214	224	234	244	254	264	274	284	294	304	314	324	334	344	354	364	374	384	394	404	414	424	434	444	454	464	474	484	490
5101-1147-MS515F-926R.extendedFrags	0.0	0.0	0.0	0.0	0.0	0.0	0.0	0.0	0.0029540352121	0.00118161408484	0.00088621056363	0.00177242112726	0.00088621056363	0.00147701760605	0.0	0.0	0.0	0.0	0.0	0.0	0.0	0.0	0.0	0.0	0.0	0.0	0.0	0.0	0.0	0.0	0.0	0.0	0.0	0.0	0.0	0.0	0.0	0.0	0.0	0.0	0.0	0.0	0.00620347394541	0.0	0.0	0.0	0.0	0.0	0.0	0.0	0.0	0.0	0.0	0.0	0.0	0.0	0.0	0.0
	1	2	3	4	5	6	7	8	9	14	24	34	44	54	64	74	84	94	104	114	124	134	144	154	164	174	184	194	204	214	224	234	244	254	264	274	284	294	304	314	324	334	344	354	364	374	384	394	404	414	424	434	444	453
5101-1148-MS515F-926R.extendedFrags	0.0	0.0	0.0	0.0	0.0	0.0	0.0	0.0	0.0	0.00136515043958	0.00245727079124	0.00136515043958	0.00109212035166	0.00163818052749	0.0	0.0	0.0	0.0	0.0	0.0	0.0	0.0	0.0	0.0	0.0	0.0	0.0	0.0	0.0	0.0	0.0	0.0	0.0	0.0	0.0	0.0	0.0	0.0	0.0	0.0	0.0	0.0	0.00464151149457	0.0	0.0	0.0	0.0	0.0	0.0	0.0	0.0	0.0	0.0	0.0
	1	2	3	4	5	6	7	8	9	14	24	34	44	54	64	74	84	94	104	114	124	134	144	154	164	174	184	194	204	214	224	234	244	254	264	274	284	294	304	314	324	334	344	354	364	374	384	394	404	414	421
5101-1149-MS515F-926R.extendedFrags	0.0	0.0	0.0	0.0	0.0	0.0	0.0	0.0	0.0	0.00147530704828	0.00258178733449	0.00295067939393	0.00147541588285	0.00147541588285	0.0	0.0	0.0	0.0	0.0	0.0	0.0	0.0	0.0	0.0	0.0	0.0	0.0	0.0	0.0	0.0	0.0	0.0	0.0	0.0	0.0	0.0	0.0	0.0	0.0	0.0	0.0	0.0	0.00700830299476	0.0	0.0	0.0	0.0	0.0	0.0	0.0	0.0
	1	2	3	4	5	6	7	8	9	14	24	34	44	54	64	74	84	94	104	114	124	134	144	154	164	174	184	194	204	214	224	234	244	254	264	274	284	294	304	314	324	334	344	354	364	374	384	394	404	414	424	434	444	454	464	474	482
5101-1150-MS515F-926R.extendedFrags	0.0	0.0	0.0	0.0	0.0	0.0	0.0	0.0	0.00336044088984	0.00168022044492	0.00504066133477	0.00201626453391	0.00201626453391	0.00268835271188	0.0	0.0	0.0	0.0	0.0	0.0	0.0	0.0	0.0	0.0	0.0	0.0	0.0	0.0	0.0	0.0	0.0	0.0	0.0	0.0	0.0	0.0	0.0	0.0	0.0	0.0	0.0	0.0	0.00772901404664	0.0	0.0	0.0	0.0	0.0	0.0	0.00086139321739	0.0	0.0	0.0	0.0	0.0	0.0	0.0
	1	2	3	4	5	6	7	8	9	14	24	34	44	54	64	74	84	94	104	114	124	134	144	154	164	174	184	194	204	214	224	234	244	254	264	274	284	294	304	314	324	334	344	354	364	374	384	394	404	414	424
5101-1151-MS515F-926R.extendedFrags	0.0	0.0	0.0	0.0	0.0	0.0	0.0	0.0	0.0	0.0013915947676	0.00222655162817	0.0013915947676	0.00166991372112	0.00222655162817	0.0	0.0	0.0	0.0	0.0	0.0	0.0	0.0	0.0	0.0	0.0	0.0	0.0	0.0	0.0	0.0	0.0	0.0	0.0	0.0	0.0	0.0	0.0	0.0	0.0	0.0	0.0	0.0	0.00584469802394	0.0	0.0	0.0	0.0	0.0	0.0	0.0	0.0
	1	2	3	4	5	6	7	8	9	14	24	34	44	54	64	74	84	94	104	114	124	134	144	154	164	174	184	194	204	214	224	234	244	254	264	274	284	294	304	314	324	334	344	354	364	374	384	394	404	414	424	434	444	454	464	474	484	490
5101-1152-MS515F-926R.extendedFrags	0.0	0.0	0.0	0.0	0.0	0.0	0.0	0.0	0.0	0.00212404418012	0.00242747906299	0.000910304648622	0.0	0.000910304648622	0.0	0.0	0.0	0.0	0.0	0.0	0.0	0.0	0.0	0.0	0.0	0.0	0.0	0.0	0.0	0.0	0.0	0.0	0.0	0.0	0.0	0.0	0.0	0.0	0.0	0.0	0.0	0.0	0.00697900230611	0.0	0.0	0.0	0.0	0.0	0.0	0.0	0.0	0.0	0.0	0.0	0.0	0.0	0.0	0.0
	1	2	3	4	5	6	7	8	9	14	24	34	44	54	64	74	84	94	104	114	124	134	144	154	164	174	184	194	204	214	224	234	244	254	264	274	284	294	304	314	324	334	344	354	364	374	384	394	404	414	424	434	444	454	464	474	484	490
5101-1153-MS515F-926R.extendedFrags	0.0	0.0	0.0	0.0	0.0	0.0	0.0	0.0	0.0	0.000774473358116	0.000774473358116	0.00154894671623	0.00154894671623	0.00154894671623	0.0	0.0	0.0	0.0	0.0	0.0	0.0	0.0	0.0	0.0	0.0	0.0	0.0	0.0	0.0	0.0	0.0	0.0	0.0	0.0	0.0	0.0	0.0	0.0	0.0	0.0	0.0	0.0	0.0046468401487	0.0	0.0	0.0	0.0	0.0	0.0	0.0	0.0	0.0	0.0	0.0	0.0	0.0	0.0	0.0
	1	2	3	4	5	6	7	8	9	14	24	34	44	54	64	74	84	94	104	114	124	134	144	154	164	174	184	194	204	214	224	234	244	254	264	274	284	294	304	314	324	334	344	354	364	374	384	394	404	414	424	434	444	454	464	474	484
5101-1154-MS515F-926R.extendedFrags	0.0	0.0	0.0	0.0	0.0	0.0	0.0	0.0	0.0	0.00276319425256	0.00414479137883	0.00345478037961	0.00207397165572	0.00069132388524	0.0	0.0	0.0	0.0	0.0	0.0	0.0	0.0	0.0	0.0	0.0	0.0	0.0	0.0	0.0	0.0	0.0	0.0	0.0	0.0	0.0	0.0	0.0	0.0	0.0	0.0	0.0	0.0	0.00483926719668	0.0	0.0	0.0	0.0	0.0	0.0	0.0	0.0	0.0	0.0	0.0	0.0	0.0	0.0
	1	2	3	4	5	6	7	8	9	14	24	34	44	54	64	74	84	94	104	114	124	134	144	154	164	174	184	194	204	214	224	234	244	254	264	274	284	294	304	314	324	334	344	354	364	374	384	394	404	414	424	434	444	454	464	474	484	491
5101-1155-MS515F-926R.extendedFrags	0.0	0.0	0.0	0.0	0.0	0.0	0.0	0.0	0.0	0.00204960032794	0.0	0.0	0.0	0.0	0.0	0.0	0.0	0.0	0.0	0.0	0.0	0.0	0.0	0.0	0.0	0.0	0.0	0.0	0.0	0.0	0.0	0.0	0.0	0.0	0.0	0.0	0.0	0.0	0.0	0.0	0.0	0.0	0.0206058108387	0.0	0.0	0.0	0.0	0.0	0.0	0.0	0.0	0.0	0.0	0.0	0.0	0.0	0.0	0.0
	1	2	3	4	5	6	7	8	9	14	24	34	44	54	64	74	84	94	104	114	124	134	144	154	164	174	184	194	204	214	224	234	244	254	264	274	284	294	304	314	324	334	344	354	364	374	384	394	404	414	424	434	444	454	464	474	484	490
5101-1156-MS515F-926R.extendedFrags	0.0	0.0	0.0	0.0	0.0	0.0	0.0	0.0	0.0	0.00383200490497	0.00306560392397	0.00153280196199	0.000766400980993	0.0	0.0	0.0	0.0	0.0	0.0	0.0	0.0	0.0	0.0	0.0	0.0	0.0	0.0	0.0	0.0	0.0	0.0	0.0	0.0	0.0	0.0	0.0	0.0	0.0	0.0	0.0	0.0	0.0	0.0252925892713	0.0	0.0	0.0	0.0	0.0	0.0	0.0	0.0	0.0	0.0	0.0	0.0	0.0	0.0	0.0
	1	2	3	4	5	6	7	8	9	14	24	34	44	54	64	74	84	94	104	114	124	134	144	154	164	174	184	194	204	214	224	234	244	254	264	274	284	294	304	314	324	334	344	354	364	374	384	394	404	414	424	434	444	454	464	474	484	490
5101-1157-MS515F-926R.extendedFrags	0.0	0.0	0.0	0.0	0.0	0.0	0.0	0.0	0.0	0.00195198126098	0.00390396252196	0.0019520955746	0.00390472471691	0.00585708707536	0.0	0.0	0.0	0.0	0.0	0.0	0.0	0.0	0.0	0.0	0.0	0.0	0.0	0.0	0.0	0.0	0.0	0.0	0.0	0.0	0.0	0.0	0.0	0.0	0.0	0.0	0.0	0.0	0.0136665365092	0.0	0.0	0.0	0.0	0.0	0.0	0.0	0.0	0.0	0.0	0.0	0.0	0.0	0.0	0.0
	1	2	3	4	5	6	7	8	9	14	24	34	44	54	64	74	84	94	104	114	124	134	144	154	164	174	184	194	204	214	224	234	244	254	264	274	284	294	304	314	324	334	344	354	364	374	384	394	404	414	424	434	444	454	464	474	484	490
5101-1158-MS515F-926R.extendedFrags	0.0	0.0	0.0	0.0	0.0	0.0	0.0	0.0	0.0029522909778	0.00383797827114	0.00324752007558	0.00206660368446	0.00059045819556	0.0014761454889	0.0	0.0	0.0	0.0	0.0	0.0	0.0	0.0	0.0	0.0	0.0	0.0	0.0	0.0	0.0	0.0	0.0	0.0	0.0	0.0	0.0	0.0	0.0	0.0	0.0	0.0	0.0	0.0	0.0212564950402	0.00029522909778	0.0	0.0	0.0	0.0	0.0	0.0	0.0	0.0	0.0	0.0	0.0	0.0	0.0	0.0
	1	2	3	4	5	6	7	8	9	14	24	34	44	54	64	74	84	94	104	114	124	134	144	154	164	174	184	194	204	214	224	234	244	254	264	274	284	294	304	314	324	334	344	354	364	374	384	394	404	414	424	434	444	454	464	474	484	490
5101-1159-MS515F-926R.extendedFrags	0.0	0.0	0.0	0.0	0.0	0.0	0.0	0.0	0.0	0.000810766985568	0.00108102264742	0.000810766985568	0.000540511323712	0.000810766985568	0.0	0.0	0.0	0.0	0.0	0.0	0.0	0.0	0.0	0.0	0.0	0.0	0.0	0.0	0.0	0.0	0.0	0.0	0.0	0.0	0.0	0.0	0.0	0.0	0.0	0.0	0.0	0.0	0.0186486486486	0.0	0.0	0.0	0.0	0.0	0.0	0.0	0.0	0.0	0.0	0.0	0.0	0.0	0.0	0.0
	1	2	3	4	5	6	7	8	9	14	24	34	44	54	64	74	84	94	104	114	124	134	144	154	164	174	184	194	204	214	224	234	244	254	264	274	284	294	304	314	324	334	344	354	364	374	384	394	404	414	424	434	444	454	464	474	484	491
5101-1160-MS515F-926R.extendedFrags	0.0	0.0	0.0	0.0	0.0	0.0	0.0	0.0	0.0	0.00165476809607	0.00260034986525	0.00189116353837	0.000709186326888	0.000945581769183	0.0	0.0	0.0	0.0	0.0	0.0	0.0	0.0	0.0	0.0	0.0	0.0	0.0	0.0	0.0	0.0	0.0	0.0	0.0	0.0	0.0	0.0	0.0	0.0	0.0	0.0	0.0	0.0	0.0177296581722	0.0	0.0	0.0	0.0	0.0	0.0	0.0	0.0	0.0	0.0	0.0	0.0	0.0	0.0	0.0
	1	2	3	4	5	6	7	8	9	14	24	34	44	54	64	74	84	94	104	114	124	134	144	154	164	174	184	194	204	214	224	234	244	254	264	274	284	294	304	314	324	334	344	354	364	374	384	394	404	414	421
5101-1161-MS515F-926R.extendedFrags	0.0	0.0	0.0	0.0	0.0	0.0	0.0	0.0	0.00248954391555	0.00124477195778	0.00298745269867	0.002240589524	0.00124477195778	0.00149372634933	0.0	0.0	0.0	0.0	0.0	0.0	0.0	0.0	0.0	0.0	0.0	0.0	0.0	0.0	0.0	0.0	0.0	0.0	0.0	0.0	0.0	0.0	0.0	0.0	0.0	0.0	0.0	0.0	0.01618243832	0.0	0.0	0.0	0.0	0.0	0.0	0.0	0.0
	1	2	3	4	5	6	7	8	9	14	24	34	44	54	64	74	84	94	104	114	124	134	144	154	164	174	184	194	204	214	224	234	244	254	264	274	284	294	304	314	324	334	344	354	364	374	384	394	404	414	424	434	444	454	464	474	484	490
5101-1162-MS515F-926R.extendedFrags	0.0	0.0	0.0	0.0	0.0	0.0	0.0	0.0	0.0	0.000755058894594	0.00125843149099	0.00100674519279	0.000503372596396	0.00100674519279	0.0	0.0	0.0	0.0	0.0	0.0	0.0	0.0	0.0	0.000251686298198	0.0	0.0	0.0	0.0	0.0	0.0	0.0	0.0	0.0	0.0	0.0	0.0	0.0	0.0	0.0	0.0	0.0	0.0	0.0168629819793	0.0	0.0	0.0	0.0	0.0	0.0	0.0	0.0	0.0	0.0	0.0	0.0	0.0	0.0	0.0
	1	2	3	4	5	6	7	8	9	14	24	34	44	54	64	74	84	94	104	114	124	134	144	154	164	174	184	194	204	214	224	234	244	254	264	274	284	294	304	314	324	334	344	354	364	374	384	394	404	414	424	434	444	454	464	474	484	490
5101-447-MS515F-926R.extendedFrags	0.0	0.0	0.0	0.0	0.0	0.0	0.0	0.0	0.0	0.00108885017422	0.00181475029036	0.00181475029036	0.00181475029036	0.0019962253194	0.0	0.0	0.0	0.0	0.0	0.0	0.0	0.0	0.0	0.0	0.0	0.0	0.0	0.0	0.0	0.0	0.0	0.0	0.0	0.0	0.0	0.0	0.0	0.0	0.0	0.0	0.0	0.0	0.0186922672087	0.0	0.0	0.0	0.0	0.0	0.0	0.0	0.0	0.0	0.0	0.0	0.0	0.0	0.0	0.0
	1	2	3	4	5	6	7	8	9	14	24	34	44	54	64	74	84	94	104	114	124	134	144	154	164	174	184	194	204	214	224	234	244	254	264	274	284	294	304	314	324	334	344	354	364	374	384	394	404	414	424	434	444	454	464	474	484	490
5101-448-MS515F-926R.extendedFrags	0.0	0.0	0.0	0.0	0.0	0.0	0.0	0.0	0.0	0.00129280094559	0.00240091604181	0.00203154434307	0.000554057548111	0.000738743397481	0.0	0.0	0.0	0.0	0.0	0.0	0.0	0.0	0.0	0.0	0.0	0.0	0.0	0.0	0.0	0.0	0.0	0.0	0.0	0.0	0.0	0.0	0.0	0.0	0.0	0.0	0.0	0.0	0.0192080378251	0.0	0.0	0.0	0.0	0.0	0.0	0.0	0.0	0.0	0.0	0.0	0.0	0.0	0.0	0.0
	1	2	3	4	5	6	7	8	9	14	24	34	44	54	64	74	84	94	104	114	124	134	144	154	164	174	184	194	204	214	224	234	244	254	264	274	284	294	304	314	324	334	344	354	364	374	384	394	404	414	424	434	444	454	464	474	484	490
5101-449-MS515F-926R.extendedFrags	0.0	0.0	0.0	0.0	0.0	0.0	0.0	0.0	0.0	0.00102101243593	0.000816809948745	0.000408404974373	0.000204202487186	0.000612607461559	0.0	0.0	0.0	0.0	0.0	0.0	0.0	0.0	0.0	0.000204206657137	0.0	0.0	0.0	0.0	0.0	0.0	0.0	0.0	0.0	0.0	0.0	0.0	0.0	0.0	0.0	0.0	0.0	0.0	0.0165414148015	0.0	0.0	0.0	0.0	0.0	0.0	0.000564276766468	0.0	0.0	0.0	0.0	0.0	0.0	0.0	0.0
	1	2	3	4	5	6	7	8	9	14	24	34	44	54	64	74	84	94	104	114	124	134	144	154	164	174	184	194	204	214	224	234	244	254	264	274	284	294	304	314	324	334	344	354	364	374	384	394	404	414	421
5101-450-MS515F-926R.extendedFrags	0.0	0.0	0.0	0.0	0.0	0.0	0.0	0.0	0.0	0.00209536226485	0.00256099832371	0.00209536226485	0.00186254423543	0.00256099832371	0.0	0.0	0.0	0.0	0.0	0.0	0.0	0.0	0.0	0.0	0.0	0.0	0.0	0.0	0.0	0.0	0.0	0.0	0.0	0.0	0.0	0.0	0.0	0.0	0.0	0.0	0.0	0.0	0.0172285341777	0.0	0.0	0.0	0.0	0.0	0.0	0.0	0.0
	1	2	3	4	5	6	7	8	9	14	24	34	44	54	64	74	84	94	104	114	124	134	144	154	164	174	184	194	204	214	224	234	244	254	264	274	284	294	304	314	324	334	344	354	364	374	384	394	404	414	424
5101-451-MS515F-926R.extendedFrags	0.0	0.0	0.0	0.0	0.0	0.0	0.0	0.0	0.00181261215538	0.00126882850876	0.00199387337091	0.00090631100606	0.00054379350348	0.0009063225058	0.0	0.0	0.0	0.0	0.0	0.0	0.0	0.0	0.0	0.0	0.0	0.0	0.0	0.0	0.0	0.0	0.0	0.0	0.0	0.0	0.0	0.0	0.0	0.0	0.0	0.0	0.0	0.0	0.0204832599199	0.0	0.0	0.0	0.0	0.0	0.0	0.0	0.0
	1	2	3	4	5	6	7	8	9	14	24	34	44	54	64	74	84	94	104	114	124	134	144	154	164	174	184	194	204	214	224	234	244	254	264	274	284	294	304	314	324	334	344	354	364	374	384	394	404	414	424	434	444	454	464	474	484	491
5101-452-MS515F-926R.extendedFrags	0.0	0.0	0.0	0.0	0.0	0.0	0.0	0.0	0.0	0.00220948901884	0.00206218975092	0.0013256934113	0.000589197071691	0.00117839414338	0.0	0.0	0.0	0.0	0.0	0.0	0.0	0.0	0.0	0.000147299267923	0.0	0.0	0.0	0.0	0.0	0.0	0.0	0.0	0.0	0.0	0.0	0.0	0.0	0.0	0.0	0.0	0.0	0.0	0.0212114070233	0.0	0.0	0.0	0.0	0.0	0.0	0.000377990376365	0.0	0.0	0.0	0.0	0.0	0.0	0.0	0.0
	1	2	3	4	5	6	7	8	9	14	24	34	44	54	64	74	84	94	104	114	124	134	144	154	164	174	184	194	204	214	224	234	244	254	264	274	284	294	304	314	324	334	344	354	364	374	384	394	404	414	424	434	444	454	464	474	484	490
5101-453-MS515F-926R.extendedFrags	0.0	0.0	0.0	0.0	0.0	0.0	0.0	0.0	0.0	0.00282431025048	0.00317734903179	0.00176519390655	0.00123563573459	0.00105911634393	0.0	0.0	0.0	0.0	0.0	0.0	0.0	0.0	0.0	0.000176519390655	0.0	0.0	0.0	0.0	0.0	0.0	0.0	0.0	0.0	0.0	0.0	0.0	0.0	0.0	0.0	0.0	0.0	0.0	0.0192406135814	0.0	0.0	0.0	0.0	0.0	0.0	0.0	0.0	0.0	0.0	0.0	0.0	0.0	0.0	0.0
	1	2	3	4	5	6	7	8	9	14	24	34	44	54	64	74	84	94	104	114	124	134	144	154	164	174	184	194	204	214	224	234	244	254	264	274	284	294	304	314	324	334	344	354	364	374	384	394	404	414	423
5101-454-MS515F-926R.extendedFrags	0.0	0.0	0.0	0.0	0.0	0.0	0.0	0.0	0.0	0.000829737802854	0.00149352804514	0.000663793546931	0.000331900628952	0.000331900628952	0.0	0.0	0.0	0.0	0.0	0.0	0.0	0.0	0.0	0.0	0.0	0.0	0.0	0.0	0.0	0.0	0.0	0.0	0.0	0.0	0.0	0.0	0.0	0.0	0.0	0.0	0.0	0.0	0.0170937334041	0.0	0.0	0.0	0.0	0.0	0.0	0.0	0.0
	1	2	3	4	5	6	7	8	9	14	24	34	44	54	64	74	84	94	104	114	124	134	144	154	164	174	184	194	204	214	224	234	244	254	264	274	284	294	304	314	324	334	344	354	364	374	384	394	404	414	424	434	444	454	464	474	484	490
5101-455-MS515F-926R.extendedFrags	0.0	0.0	0.0	0.0	0.0	0.0	0.0	0.0	0.00159461657444	0.00159461657444	0.00111623160211	0.000797308287222	0.000478384972333	0.000637846629778	0.0	0.0	0.0	0.0	0.0	0.0	0.0	0.0	0.0	0.000159461657444	0.0	0.0	0.0	0.0	0.0	0.0	0.0	0.0	0.0	0.0	0.0	0.0	0.0	0.0	0.0	0.0	0.0	0.0	0.0185002073299	0.0	0.0	0.0	0.0	0.0	0.0	0.0	0.0	0.0	0.0	0.0	0.0	0.0	0.0	0.0
	1	2	3	4	5	6	7	8	9	14	24	34	44	54	64	74	84	94	104	114	124	134	144	154	164	174	184	194	204	214	224	234	244	254	264	274	284	294	304	314	324	334	344	354	364	374	384	394	404	414	421
5101-456-MS515F-926R.extendedFrags	0.0	0.0	0.0	0.0	0.0	0.0	0.0	0.0	0.0	0.00115543964478	0.00132050245118	0.00165062806398	0.00132050245118	0.00115543964478	0.0	0.0	0.0	0.0	0.0	0.0	0.0	0.0	0.0	0.0	0.0	0.0	0.0	0.0	0.0	0.0	0.0	0.0	0.0	0.0	0.0	0.0	0.0	0.0	0.0	0.0	0.0	0.0	0.0196427981909	0.000165065531016	0.0	0.0	0.0	0.0	0.0	0.0	0.0
	1	2	3	4	5	6	7	8	9	14	24	34	44	54	64	74	84	94	104	114	124	134	144	154	164	174	184	194	204	214	224	234	244	254	264	274	284	294	304	314	324	334	344	354	364	374	384	394	404	414	424	434	444	454	464	474	484	490
5101-457-MS515F-926R.extendedFrags	0.0	0.0	0.0	0.0	0.0	0.0	0.0	0.0	0.0	0.000560370591751	0.00168111177525	0.00205469216975	0.0011207411835	0.0011207411835	0.0	0.0	0.0	0.0	0.0	0.0	0.0	0.0	0.0	0.0	0.0	0.0	0.0	0.0	0.0	0.0	0.0	0.0	0.0	0.0	0.0	0.0	0.0	0.0	0.0	0.0	0.0	0.0	0.018866867166	0.0	0.0	0.0	0.0	0.0	0.0	0.0	0.0	0.0	0.0	0.0	0.0	0.0	0.0	0.0
	1	2	3	4	5	6	7	8	9	14	24	34	44	54	64	74	84	94	104	114	124	134	144	154	164	174	184	194	204	214	224	234	244	254	264	274	284	294	304	314	324	334	344	354	364	374	384	394	404	414	424	434	444	454	464	474	484
5101-458-MS515F-926R.extendedFrags	0.0	0.0	0.0	0.0	0.0	0.0	0.0	0.0	0.0	0.00205626694084	0.00299093373212	0.0013085335078	0.000373866716516	0.000560800074773	0.0	0.0	0.0	0.0	0.0	0.0	0.0	0.0	0.0	0.000186933358258	0.0	0.0	0.0	0.0	0.0	0.0	0.0	0.0	0.0	0.0	0.0	0.0	0.0	0.0	0.0	0.0	0.0	0.0	0.0155154687354	0.0	0.0	0.0	0.0	0.0	0.0	0.000480961152768	0.0	0.0	0.0	0.0	0.0	0.0	0.0
	1	2	3	4	5	6	7	8	9	14	24	34	44	54	64	74	84	94	104	114	124	134	144	154	164	174	184	194	204	214	224	234	244	254	264	274	284	294	304	314	324	334	344	354	364	374	384	394	404	414	424	434	444	452
5101-459-MS515F-926R.extendedFrags	0.0	0.0	0.0	0.0	0.0	0.0	0.0	0.0	0.0	0.00163809107786	0.00182010119763	0.000910050598813	0.000546030359288	0.000728040479051	0.0	0.0	0.0	0.0	0.0	0.0	0.0	0.0	0.0	0.000182010119763	0.0	0.0	0.0	0.0	0.0	0.0	0.0	0.0	0.0	0.0	0.0	0.0	0.0	0.0	0.0	0.0	0.0	0.0	0.0202031232937	0.0	0.0	0.0	0.0	0.0	0.0	0.000466936244525	0.0	0.0	0.0	0.0
	1	2	3	4	5	6	7	8	9	14	24	34	44	54	64	74	84	94	104	114	124	134	144	154	164	174	184	194	204	214	224	234	244	254	264	274	284	294	304	314	324	334	344	354	364	374	384	394	404	414	424	434	444	454	464	474	484	490
5101-460-MS515F-926R.extendedFrags	0.0	0.0	0.0	0.0	0.0	0.0	0.0	0.0	0.00149278239711	0.00164206063682	0.00238845183538	0.0013435041574	0.000447834719133	0.000895669438266	0.0	0.0	0.0	0.0	0.0	0.0	0.0	0.0	0.0	0.0	0.0	0.0	0.0	0.0	0.0	0.0	0.0	0.0	0.0	0.0	0.0	0.0	0.0	0.0	0.0	0.0	0.0	0.0	0.0173167928105	0.000447848089928	0.0	0.0	0.0	0.0	0.0	0.0	0.0	0.0	0.0	0.0	0.0	0.0	0.0	0.0
	1	2	3	4	5	6	7	8	9	14	24	34	44	54	64	74	84	94	104	114	124	134	144	154	164	174	184	194	204	214	224	234	244	254	264	274	284	294	304	314	324	334	344	354	364	374	384	394	404	414	424	434	444	454	464	474	484	490
5101-461-MS515F-926R.extendedFrags	0.0	0.0	0.0	0.0	0.0	0.0	0.0	0.0	0.0	0.00152284263959	0.00219966159052	0.00152284263959	0.000846023688663	0.000507614213198	0.0	0.0	0.0	0.0	0.0	0.0	0.0	0.0	0.0	0.000169204737733	0.0	0.0	0.0	0.0	0.0	0.0	0.0	0.0	0.0	0.0	0.0	0.0	0.0	0.0	0.0	0.0	0.0	0.0	0.0226736266804	0.0	0.0	0.0	0.0	0.0	0.0	0.000440701420381	0.0	0.0	0.0	0.0	0.0	0.0	0.0	0.0
	1	2	3	4	5	6	7	8	9	14	24	34	44	54	64	74	84	94	104	114	124	134	144	154	164	174	184	194	204	214	224	234	244	254	264	274	284	294	304	314	324	334	344	354	364	374	384	394	404	414	424	434	444	454	464	474	484	490
5101-757-MS515F-926R.extendedFrags	0.0	0.0	0.0	0.0	0.0	0.0	0.0	0.0	0.00351111267161	0.00280889013728	0.00368666830519	0.00228222323654	0.00017555563358	0.00122888943506	0.0	0.0	0.0	0.0	0.0	0.0	0.0	0.0	0.0	0.0	0.0	0.0	0.0	0.0	0.0	0.0	0.0	0.0	0.0	0.0	0.0	0.0	0.0	0.0	0.0	0.0	0.0	0.0	0.0172044520909	0.0	0.0	0.0	0.0	0.0	0.0	0.0	0.0	0.0	0.0	0.0	0.0	0.0	0.0	0.0
	1	2	3	4	5	6	7	8	9	14	24	34	44	54	64	74	84	94	104	114	124	134	144	154	164	174	184	194	204	214	224	234	244	254	264	274	284	294	304	314	324	334	344	354	364	374	384	394	404	414	424	434	444	454	464	474	484	491
5101-758-MS515F-926R.extendedFrags	0.0	0.0	0.0	0.0	0.0	0.0	0.0	0.0	0.00195388823759	0.000976944118796	0.00175849941383	0.00156311059007	0.00136772176631	0.00136772176631	0.0	0.0	0.0	0.0	0.0	0.0	0.0	0.0	0.0	0.0	0.0	0.0	0.0	0.0	0.0	0.0	0.0	0.0	0.0	0.0	0.0	0.0	0.0	0.0	0.0	0.0	0.0	0.0	0.0169991598116	0.0	0.0	0.0	0.0	0.0	0.0	0.000524032112688	0.0	0.0	0.0	0.0	0.0	0.0	0.0	0.0
	1	2	3	4	5	6	7	8	9	14	24	34	44	54	64	74	84	94	104	114	124	134	144	154	164	174	184	194	204	214	224	234	244	254	264	274	284	294	304	314	324	334	344	354	364	374	384	394	404	414	424	434	444	454	464	474	484	491
5101-759-MS515F-926R.extendedFrags	0.0	0.0	0.0	0.0	0.0	0.0	0.0	0.0	0.0	0.0015649724391	0.00139108661253	0.0010433149594	0.0	0.000347771653133	0.0	0.0	0.0	0.0	0.0	0.0	0.0	0.0	0.0	0.0	0.0	0.0	0.0	0.0	0.0	0.0	0.0	0.0	0.0	0.0	0.0	0.0	0.0	0.0	0.0	0.0	0.0	0.0	0.0186061069764	0.0	0.0	0.0	0.0	0.0	0.0	0.0	0.0	0.0	0.0	0.0	0.0	0.0	0.0	0.0
	1	2	3	4	5	6	7	8	9	14	24	34	44	54	64	74	84	94	104	114	124	134	144	154	164	174	184	194	204	214	224	234	244	254	264	274	284	294	304	314	324	334	344	354	364	374	384	394	404	414	424	434	444	454	464	474	484	490
5101-760-MS515F-926R.extendedFrags	0.0	0.0	0.0	0.0	0.0	0.0	0.0	0.0	0.0	0.00193270666784	0.00333831151717	0.00193270666784	0.0015813054555	0.001054203637	0.0	0.0	0.0	0.0	0.0	0.0	0.0	0.0	0.0	0.000175700606167	0.0	0.0	0.0	0.0	0.0	0.0	0.0	0.0	0.0	0.0	0.0	0.0	0.0	0.0	0.0	0.0	0.0	0.0	0.0182748859138	0.0	0.0	0.0	0.0	0.0	0.0	0.0	0.0	0.0	0.0	0.0	0.0	0.0	0.0	0.0
	1	2	3	4	5	6	7	8	9	14	24	34	44	54	64	74	84	94	104	114	124	134	144	154	164	174	184	194	204	214	224	234	244	254	264	274	284	294	304	314	324	334	344	354	364	374	384	394	404	414	424	434	444	454	464	474	484	490
5101-761-MS515F-926R.extendedFrags	0.0	0.0	0.0	0.0	0.0	0.0	0.0	0.0	0.0	0.00134403440728	0.00249606389924	0.000768019661303	0.00134403440728	0.000768019661303	0.0	0.0	0.0	0.0	0.0	0.0	0.0	0.0	0.0	0.000192004915326	0.0	0.0	0.0	0.0	0.0	0.0	0.0	0.0	0.0	0.0	0.0	0.0	0.0	0.0	0.0	0.0	0.0	0.0	0.0190084866173	0.0	0.0	0.0	0.0	0.0	0.0	0.0	0.0	0.0	0.0	0.0	0.0	0.0	0.0	0.0
	1	2	3	4	5	6	7	8	9	14	24	34	44	54	64	74	84	94	104	114	124	134	144	154	164	174	184	194	204	214	224	234	244	254	264	274	284	294	304	314	324	334	344	354	364	374	384	394	404	414	424	434	444	454	464	474	484	491
5101-762-MS515F-926R.extendedFrags	0.0	0.0	0.0	0.0	0.0	0.0	0.0	0.0	0.0	0.00120112906132	0.00195183472464	0.000750705663324	0.000450423397994	0.000450423397994	0.0	0.0	0.0	0.0	0.0	0.0	0.0	0.0	0.0	0.0	0.0	0.0	0.0	0.0	0.0	0.0	0.0	0.0	0.0	0.0	0.0	0.0	0.0	0.0	0.0	0.0	0.0	0.0	0.0217704642364	0.0	0.0	0.0	0.0	0.0	0.0	0.000387026859664	0.0	0.0	0.0	0.0	0.0	0.0	0.0	0.0
	1	2	3	4	5	6	7	8	9	14	24	34	44	54	64	74	84	94	104	114	124	134	144	154	164	174	184	194	204	214	224	234	244	254	264	274	284	294	304	314	324	334	344	354	364	374	384	394	404	414	424	434	444	454	464	474	484	491
5101-763-MS515F-926R.extendedFrags	0.0	0.0	0.0	0.0	0.0	0.0	0.0	0.0	0.00155388081734	0.00124310465387	0.00248620930775	0.00170926889908	0.00139851881319	0.00233089366463	0.0	0.0	0.0	0.0	0.0	0.0	0.0	0.0	0.0	0.0	0.0	0.0	0.0	0.0	0.0	0.0	0.0	0.0	0.0	0.0	0.0	0.0	0.0	0.0	0.0	0.0	0.0	0.0	0.0234643295573	0.0	0.0	0.0	0.0	0.0	0.0	0.0	0.0	0.0	0.0	0.0	0.0	0.0	0.0	0.0
	1	2	3	4	5	6	7	8	9	14	24	34	44	54	64	74	84	94	104	114	124	134	144	154	164	174	184	194	204	214	224	234	244	254	264	274	284	294	304	314	324	334	344	354	364	374	384	394	404	414	424	434	444	454	464	474	484	491
5101-764-MS515F-926R.extendedFrags	0.0	0.0	0.0	0.0	0.0	0.0	0.0	0.0	0.00177330117747	0.00106398070648	0.00177330117747	0.000886650588736	0.00106398070648	0.000531990353242	0.0	0.0	0.0	0.0	0.0	0.0	0.0	0.0	0.0	0.0	0.0	0.0	0.0	0.0	0.0	0.0	0.0	0.0	0.0	0.0	0.0	0.0	0.0	0.0	0.0	0.0	0.0	0.0	0.0209249538942	0.0	0.0	0.0	0.0	0.0	0.0	0.000466866485522	0.0	0.0	0.0	0.0	0.0	0.0	0.0	0.0
	1	2	3	4	5	6	7	8	9	14	24	34	44	54	64	74	84	94	104	114	124	134	144	154	164	174	184	194	204	214	224	234	244	254	264	274	284	294	304	314	324	334	344	354	364	374	384	394	404	414	424	434	444	454	464	474	484	490
5101-765-MS515F-926R.extendedFrags	0.0	0.0	0.0	0.0	0.0	0.0	0.0	0.0	0.0	0.00144805116447	0.00217207674671	0.00241341860746	0.00144805116447	0.00120670930373	0.0	0.0	0.0	0.0	0.0	0.0	0.0	0.0	0.0	0.0	0.0	0.0	0.0	0.0	0.0	0.0	0.0	0.0	0.0	0.0	0.0	0.0	0.0	0.0	0.0	0.0	0.0	0.0	0.0226861349101	0.0	0.0	0.0	0.0	0.0	0.0	0.0	0.0	0.0	0.0	0.0	0.0	0.0	0.0	0.0
	1	2	3	4	5	6	7	8	9	14	24	34	44	54	64	74	84	94	104	114	124	134	144	154	164	174	184	194	204	214	224	234	244	254	264	274	284	294	304	314	324	334	344	354	364	374	384	394	404	414	424	434	444	454	464	474	481
5101-766-MS515F-926R.extendedFrags	0.0	0.0	0.0	0.0	0.0	0.0	0.0	0.0	0.0026241897814	0.0013120948907	0.00236177080326	0.000787256934421	0.00026241897814	0.00183693284698	0.0	0.0	0.0	0.0	0.0	0.0	0.0	0.0	0.0	0.0	0.0	0.0	0.0	0.0	0.0	0.0	0.0	0.0	0.0	0.0	0.0	0.0	0.0	0.0	0.0	0.0	0.0	0.0	0.0175834558052	0.0	0.0	0.0	0.0	0.0	0.0	0.0	0.0	0.0	0.0	0.0	0.0	0.0	0.0

