	sequences per sample	iteration	176	155	168	177	166	172	147	148	146	173	156	170	157	175	161	167	160	178	171	153	165	150	163	151	158	152	162
alpha_rarefaction_10_0.txt	10	0	2.0	2.0	2.0	7.0	9.0	4.0	9.0	29.0	23.0	16.0	8.5	2.0	5.0	3.0	2.0	2.0	1.0	2.0	11.0	4.0	5.0	7.0	1.0	7.0	5.5	1.0	1.0
alpha_rarefaction_10_1.txt	10	1	3.0	4.0	3.0	2.0	3.0	3.0	5.0	22.0	55.0	7.0	22.0	3.0	3.0	3.0	11.0	2.0	2.0	2.0	4.0	7.0	5.0	4.0	2.0	1.0	7.0	1.0	1.0
alpha_rarefaction_10_2.txt	10	2	3.0	4.0	6.5	2.0	4.0	5.0	16.0	29.0	55.0	4.0	16.0	4.0	2.0	2.0	4.0	3.0	7.0	2.0	3.0	2.0	3.0	2.0	7.0	3.0	3.0	1.0	4.0
alpha_rarefaction_10_3.txt	10	3	2.0	2.0	4.0	6.5	7.0	5.0	22.0	11.0	23.0	4.0	9.0	4.0	3.0	3.0	3.0	7.0	2.0	1.0	11.0	4.0	5.0	4.0	2.0	2.0	3.0	1.0	1.0
alpha_rarefaction_10_4.txt	10	4	3.0	2.0	2.0	9.0	4.0	3.0	16.0	6.5	13.0	3.0	22.0	2.0	2.0	3.0	4.0	2.0	1.0	7.0	3.0	4.0	5.0	1.0	4.0	3.0	11.0	1.0	2.0
alpha_rarefaction_10_5.txt	10	5	3.0	3.0	2.0	8.0	4.0	5.0	9.0	7.0	12.0	7.0	6.5	2.0	2.0	2.0	2.0	5.0	3.0	4.0	7.0	2.0	3.0	1.0	2.0	2.0	2.0	2.0	1.0
alpha_rarefaction_10_6.txt	10	6	2.0	16.0	5.0	7.0	3.0	5.0	29.0	16.0	29.0	3.0	29.0	2.0	5.0	2.0	4.0	3.0	2.0	2.0	3.0	3.0	12.0	1.0	2.0	2.0	4.0	1.0	2.0
alpha_rarefaction_10_7.txt	10	7	3.0	3.0	3.0	4.0	5.0	2.0	3.0	6.5	23.0	2.0	16.0	4.5	2.0	2.0	2.0	3.0	2.0	2.0	4.0	7.0	3.0	2.0	2.0	4.0	3.0	1.0	1.0
alpha_rarefaction_10_8.txt	10	8	1.0	2.0	2.0	4.5	3.0	4.0	2.0	6.5	13.0	7.0	11.0	11.0	2.0	7.0	4.0	2.0	4.0	2.0	3.0	2.0	4.5	3.0	2.0	3.0	7.0	1.0	2.0
alpha_rarefaction_10_9.txt	10	9	4.0	3.0	3.0	4.5	2.0	5.0	7.0	9.0	12.0	2.0	12.0	6.5	3.0	4.0	1.0	2.0	2.0	1.0	4.5	2.0	4.0	2.0	2.0	2.0	5.0	4.0	2.0
alpha_rarefaction_1009_0.txt	1009	0	64.6666666667	115.5	128.75	76.6666666667	200.0	202.0	704.357142857	585.322580645	637.488372093	61.3333333333	402.772727273	134.0	67.0	84.5	75.0	297.2	65.5	20.5	77.0	292.5	146.875	50.8571428571	78.2	77.5	98.0	130.0	49.6666666667
alpha_rarefaction_1009_1.txt	1009	1	85.0	60.75	129.0	97.4285714286	153.928571429	125.428571429	672.607142857	828.24137931	652.631578947	50.0	624.4	177.333333333	121.6	64.875	65.5	238.25	110.2	79.0	209.5	104.111111111	151.1	66.0	49.6666666667	70.0	82.4285714286	53.0	62.0
alpha_rarefaction_1009_2.txt	1009	2	87.0	102.0	135.0	180.5	210.0	109.0	584.64	816.724137931	848.621621622	82.0	399.235294118	101.5	58.6666666667	117.333333333	55.4285714286	125.5	90.4285714286	42.5	86.0	141.0	147.0	117.333333333	115.333333333	163.0	77.625	24.0	81.6
alpha_rarefaction_1009_3.txt	1009	3	63.0	74.3333333333	90.1428571429	117.2	217.153846154	315.0	666.230769231	675.451612903	810.65	81.0	415.0	106.0	61.4285714286	108.0	60.4285714286	72.0714285714	101.375	53.3333333333	195.6	93.25	174.083333333	58.1428571429	59.0	141.333333333	102.0	89.0	173.0
alpha_rarefaction_1009_4.txt	1009	4	137.0	284.0	83.8571428571	106.5	231.5	115.666666667	573.0	847.2	818.428571429	73.0	441.352941176	65.6666666667	75.0	112.0	76.1428571429	190.6	119.0	113.5	104.0	221.0	150.615384615	53.375	76.1666666667	91.2	89.1666666667	26.5	108.0
alpha_rarefaction_1009_5.txt	1009	5	72.75	61.0	219.0	136.142857143	194.333333333	261.0	591.096774194	618.333333333	682.916666667	42.2	393.545454545	90.6	85.1666666667	85.0	83.1666666667	170.166666667	82.1	37.2	63.5	100.5	147.090909091	211.5	61.875	87.0	103.0	61.0	84.0
alpha_rarefaction_1009_6.txt	1009	6	117.333333333	46.2	259.0	78.2727272727	182.833333333	93.0	536.363636364	859.730769231	804.022222222	42.5	353.5	150.75	86.2	117.333333333	138.5	76.9090909091	142.0	53.0	87.0	147.166666667	200.125	66.25	55.75	78.625	130.2	98.5	87.75
alpha_rarefaction_1009_7.txt	1009	7	173.0	52.0	121.5	105.8	201.5	236.0	539.026315789	1041.07692308	949.736842105	60.5	285.869565217	96.3333333333	66.1428571429	164.0	90.0	154.0	79.1111111111	65.25	128.666666667	209.333333333	187.111111111	91.1666666667	47.0	68.625	143.5	91.0	69.5
alpha_rarefaction_1009_8.txt	1009	8	310.0	44.2	116.5	105.666666667	188.157894737	123.125	690.90625	721.34375	824.025	54.5	357.607142857	233.0	70.2	66.2	81.1666666667	140.0	55.0	100.0	156.428571429	162.0	320.5	156.5	76.625	60.1428571429	79.0	57.0	57.6
alpha_rarefaction_1009_9.txt	1009	9	110.0	73.0	101.0	63.0	280.1	240.25	612.724137931	761.636363636	760.790697674	58.3333333333	322.857142857	210.333333333	106.0	105.0	77.5	160.2	160.25	73.3333333333	109.0	98.0909090909	121.545454545	75.5	88.1428571429	97.0	58.4285714286	35.2	66.0
alpha_rarefaction_2008_0.txt	2008	0	166.272727273	134.0	238.75	168.0	321.045454545	271.666666667	891.92	938.405797101	988.054054054	73.0	432.788461538	126.909090909	144.25	117.0	173.111111111	216.0	109.666666667	179.0	203.5	146.5625	155.058823529	118.857142857	114.428571429	273.25	167.083333333	103.0	134.0
alpha_rarefaction_2008_1.txt	2008	1	179.0	59.1	180.0	191.0	348.681818182	157.615384615	691.35	1099.39622642	1373.35	89.5	449.0	142.272727273	227.0	172.166666667	107.666666667	232.090909091	121.666666667	113.2	122.583333333	160.25	265.0	122.111111111	77.0769230769	166.5	137.375	138.5	124.2
alpha_rarefaction_2008_2.txt	2008	2	161.0	82.3333333333	108.5	146.909090909	371.24	191.071428571	1005.37209302	972.857142857	1153.75	57.1428571429	621.96875	166.333333333	98.7692307692	158.0	103.666666667	262.666666667	122.333333333	137.5	146.333333333	135.076923077	298.0	105.8	115.5	176.0	108.090909091	238.0	171.875
alpha_rarefaction_2008_3.txt	2008	3	162.857142857	198.6	175.875	169.25	324.043478261	153.153846154	765.375	1107.88888889	881.125	118.2	447.333333333	218.0	166.2	143.0	106.5	214.428571429	112.75	171.166666667	207.666666667	109.153846154	199.833333333	266.0	114.2	178.166666667	229.428571429	48.125	157.2
alpha_rarefaction_2008_4.txt	2008	4	121.857142857	134.142857143	146.0	187.909090909	395.052631579	225.333333333	950.5625	958.693548387	1081.08823529	88.8571428571	525.238095238	207.428571429	118.666666667	229.2	124.6	221.0	115.8	118.6	133.0	331.125	258.363636364	123.909090909	221.0	114.1	95.2142857143	113.6	153.666666667
alpha_rarefaction_2008_5.txt	2008	5	143.0	53.3333333333	220.428571429	240.5	341.473684211	169.5	786.053571429	847.21875	884.0	110.5	752.576923077	181.5	294.333333333	147.666666667	94.9090909091	208.333333333	134.375	152.75	150.090909091	192.076923077	425.666666667	116.0	98.5	336.25	160.142857143	207.333333333	69.625
alpha_rarefaction_2008_6.txt	2008	6	136.545454545	99.1666666667	122.666666667	285.0	295.12	121.5	826.166666667	1238.02173913	978.886075949	121.2	629.8125	228.111111111	138.75	229.75	105.0	187.0	118.090909091	137.5	157.111111111	238.375	326.909090909	103.0	100.0	129.375	166.428571429	206.333333333	96.3333333333
alpha_rarefaction_2008_7.txt	2008	7	187.2	141.0	203.769230769	235.090909091	402.647058824	128.714285714	702.754098361	891.762711864	1042.13333333	57.0	628.848484848	159.769230769	125.0	194.6	130.428571429	188.0	169.5	147.333333333	239.0	164.083333333	310.352941176	101.8	122.428571429	242.25	172.857142857	158.25	139.272727273
alpha_rarefaction_2008_8.txt	2008	8	120.0	115.2	149.666666667	113.666666667	240.541666667	206.272727273	855.5	1127.18181818	1116.36842105	127.333333333	550.058823529	116.1	106.333333333	176.142857143	167.857142857	213.214285714	105.153846154	106.0	94.25	214.8	186.882352941	101.375	95.0	244.166666667	170.0	80.0	98.0
alpha_rarefaction_2008_9.txt	2008	9	191.0	128.5	158.25	162.5	249.222222222	167.0	840.803571429	1008.84210526	945.52173913	88.5	459.133333333	180.1	119.0	171.166666667	76.0	200.25	166.5	151.6	123.076923077	281.5	245.0	170.0	100.666666667	188.75	198.2	136.5	115.0
alpha_rarefaction_3007_0.txt	3007	0	284.5	98.5	218.0	215.625	327.972972973	260.75	1066.62295082	1185.24705882	1173.57281553	135.428571429	663.428571429	364.125	244.75	210.111111111	188.083333333	227.2	155.928571429	168.272727273	193.666666667	224.615384615	267.869565217	205.125	127.0	274.111111111	164.0	84.0	128.0
alpha_rarefaction_3007_1.txt	3007	1	310.75	211.428571429	205.375	196.833333333	446.285714286	241.5	1006.2238806	1297.56338028	1054.6875	126.2	670.319148936	238.461538462	383.25	197.375	144.1	238.454545455	122.3125	83.4285714286	290.625	313.25	393.5	172.230769231	145.272727273	255.75	233.333333333	102.111111111	153.25
alpha_rarefaction_3007_2.txt	3007	2	158.111111111	113.0	409.857142857	234.0	361.428571429	292.571428571	1019.1369863	1170.81333333	1207.55789474	95.0	542.721311475	209.769230769	290.5	270.5	245.0	245.461538462	117.0	158.0	163.5625	170.55	343.041666667	224.5	112.666666667	184.0	230.0	166.0	136.368421053
alpha_rarefaction_3007_3.txt	3007	3	131.0	145.0	177.588235294	171.0	508.107142857	258.75	922.739130435	1212.05882353	1268.5	154.5	678.340909091	152.272727273	204.5	239.0	168.083333333	295.0	172.083333333	174.166666667	138.5	197.055555556	339.0	191.75	134.909090909	357.142857143	119.8	119.25	161.083333333
alpha_rarefaction_3007_4.txt	3007	4	162.6	244.6	227.0	196.083333333	408.0	289.5	1007.74324324	1193.17808219	1238.1010101	101.111111111	566.0	251.111111111	170.083333333	222.333333333	137.8125	243.789473684	130.5	158.428571429	288.090909091	166.84	386.052631579	289.142857143	103.5	150.153846154	180.0	124.2	203.5
alpha_rarefaction_3007_5.txt	3007	5	234.375	119.0	234.666666667	219.75	415.8	214.0	932.172413793	1354.62162162	1436.13924051	130.6	638.6	217.153846154	310.666666667	161.6	226.1	308.894736842	151.461538462	172.166666667	152.333333333	204.117647059	365.157894737	161.6	124.714285714	259.2	166.0	87.0	180.0
alpha_rarefaction_3007_6.txt	3007	6	246.166666667	242.0	312.0	276.666666667	398.0	252.4	1247.51612903	1140.18390805	1289.82978723	142.666666667	605.964912281	168.555555556	191.363636364	131.363636364	153.714285714	350.5	159.666666667	375.333333333	207.25	213.647058824	382.235294118	134.909090909	122.272727273	173.0	161.055555556	177.0	117.25
alpha_rarefaction_3007_7.txt	3007	7	116.333333333	176.0	260.1	227.0	318.7	288.461538462	1036.4516129	1145.58139535	1219.30769231	113.375	777.028571429	147.0	227.1	132.3	205.5	308.153846154	152.75	261.0	216.0	221.1875	317.045454545	174.625	131.230769231	318.142857143	179.0	161.2	182.235294118
alpha_rarefaction_3007_8.txt	3007	8	116.5	172.0	222.0	213.461538462	402.5	210.230769231	1297.08064516	1147.19480519	1300.0	78.0	700.56097561	161.5625	232.125	157.153846154	142.333333333	332.083333333	178.272727273	140.25	142.882352941	237.4	501.066666667	155.0	160.6	193.111111111	118.0	81.8571428571	106.352941176
alpha_rarefaction_3007_9.txt	3007	9	179.0	241.0	194.9375	157.588235294	416.0	492.857142857	987.837837838	1271.3255814	1352.4375	73.1428571429	686.021276596	311.25	163.3	166.090909091	223.0	202.916666667	110.157894737	181.0	141.235294118	216.0	378.0	230.142857143	148.875	151.153846154	144.3	77.4285714286	194.375
alpha_rarefaction_4006_0.txt	4006	0	221.666666667	132.0	214.066666667	231.588235294	470.833333333	250.461538462	1241.0	1204.125	1345.54615385	132.857142857	639.0	240.769230769	143.230769231	154.214285714	230.0	289.4375	137.15	179.142857143	208.9375	374.0	301.032258065	281.428571429	150.333333333	212.066666667	238.0	131.333333333	167.555555556
alpha_rarefaction_4006_1.txt	4006	1	238.111111111	195.909090909	294.647058824	218.5	566.884615385	329.0	1342.6	1486.5	1241.79661017	150.25	668.684210526	246.526315789	179.0	237.375	146.5	240.37037037	139.25	116.333333333	220.25	301.3	438.142857143	163.714285714	135.0	317.0	193.714285714	132.666666667	177.428571429
alpha_rarefaction_4006_2.txt	4006	2	171.5	188.0	240.0	182.875	668.434782609	323.083333333	1064.14130435	1316.16513761	1431.2	136.909090909	791.114754098	258.157894737	208.333333333	281.25	195.214285714	320.5	228.615384615	117.0	169.526315789	273.0	337.90625	218.0	135.5	255.076923077	261.076923077	125.363636364	153.214285714
alpha_rarefaction_4006_3.txt	4006	3	230.090909091	229.428571429	220.894736842	178.55	510.875	334.5	1149.43902439	1315.44660194	1246.0	251.25	744.196078431	228.066666667	165.4	205.071428571	131.15	326.0	115.0	185.5	180.5	202.235294118	381.0	198.230769231	172.230769231	207.461538462	221.272727273	99.0	122.047619048
alpha_rarefaction_4006_4.txt	4006	4	201.5	366.2	204.526315789	225.0	468.333333333	273.0	1076.0	1305.95789474	1472.72727273	139.3	765.818181818	226.714285714	202.111111111	302.111111111	181.071428571	211.84	170.090909091	147.5	251.545454545	309.6875	383.333333333	275.111111111	158.833333333	408.545454545	200.0	132.75	167.5
alpha_rarefaction_4006_5.txt	4006	5	345.428571429	143.0	281.5	269.214285714	551.935483871	308.0	1141.44827586	1328.12621359	1236.00769231	140.428571429	668.515151515	214.105263158	178.272727273	156.615384615	158.5625	350.428571429	141.0	134.3	159.714285714	325.571428571	299.217391304	200.0	164.153846154	222.428571429	143.789473684	134.545454545	154.058823529
alpha_rarefaction_4006_6.txt	4006	6	234.272727273	497.0	304.0	221.647058824	490.052631579	277.588235294	1310.36986301	1411.36	1296.18644068	243.2	803.137931034	299.875	262.142857143	305.0	220.333333333	301.0	142.666666667	183.0	196.5	293.4375	316.538461538	251.214285714	97.3333333333	187.0	328.75	161.2	180.545454545
alpha_rarefaction_4006_7.txt	4006	7	181.428571429	202.375	275.235294118	202.055555556	598.034482759	337.0	1176.65168539	1177.91304348	1526.23636364	136.0	557.373333333	196.75	258.363636364	160.571428571	175.5	297.272727273	138.047619048	147.153846154	151.588235294	217.0	421.730769231	196.909090909	188.0	219.214285714	252.0	266.0	149.5625
alpha_rarefaction_4006_8.txt	4006	8	235.0	154.1	299.0	252.5	444.488372093	338.230769231	1132.53846154	1416.40697674	1395.69047619	132.111111111	793.55	290.125	179.461538462	308.0	209.055555556	275.37037037	136.666666667	238.0	212.25	275.714285714	354.260869565	172.4	145.0	311.214285714	166.5	173.1	161.5
alpha_rarefaction_4006_9.txt	4006	9	231.769230769	186.142857143	277.555555556	195.0	464.285714286	245.769230769	1198.1875	1254.70909091	1334.140625	132.75	699.921875	249.272727273	160.833333333	160.3	161.153846154	414.714285714	199.25	365.0	201.055555556	339.083333333	371.0	152.176470588	189.8	177.5	232.0	179.5	156.5625
alpha_rarefaction_5005_0.txt	5005	0	221.0	146.1	332.4	229.043478261	484.833333333	387.0	1324.06521739	1418.00793651	1582.57142857	109.071428571	839.130434783	199.5	235.75	271.0	218.461538462	501.166666667	165.473684211	207.125	211.125	306.555555556	412.0	407.3	132.045454545	227.833333333	272.0	141.0	177.4375
alpha_rarefaction_5005_1.txt	5005	1	233.769230769	232.0	361.352941176	280.4	591.529411765	349.954545455	1311.98230088	1287.8	1543.28467153	120.111111111	757.581081081	278.166666667	455.875	220.153846154	172.619047619	305.652173913	154.0	152.090909091	186.2	231.473684211	598.130434783	370.375	195.214285714	179.0	207.75	123.857142857	167.5
alpha_rarefaction_5005_2.txt	5005	2	222.0	122.272727273	324.461538462	277.0	642.823529412	339.041666667	1261.06521739	1622.97029703	1509.79856115	141.375	699.394366197	239.0625	388.0	395.272727273	182.25	260.136363636	175.0	271.0	422.3	399.0	553.206896552	210.0	217.111111111	366.25	297.1	200.5	168.153846154
alpha_rarefaction_5005_3.txt	5005	3	296.714285714	190.8	163.4	306.461538462	544.441176471	389.3125	1171.525	1699.1443299	1443.28947368	153.25	744.365853659	355.0	261.3	267.166666667	271.928571429	324.473684211	155.2	273.857142857	247.0625	284.391304348	358.0	174.391304348	206.0	302.615384615	193.714285714	169.272727273	205.055555556
alpha_rarefaction_5005_4.txt	5005	4	258.909090909	206.25	325.368421053	305.0	619.736842105	292.052631579	1246.37864078	1298.50757576	1597.25	129.333333333	699.493150685	287.647058824	219.375	409.625	199.0	270.84	185.5	155.0	210.636363636	344.25	480.666666667	324.0	168.0	215.473684211	250.105263158	183.0	239.583333333
alpha_rarefaction_5005_5.txt	5005	5	231.0	179.111111111	236.333333333	260.0	392.272727273	290.882352941	1429.49450549	1451.04918033	1456.74468085	340.857142857	703.987012987	344.4	223.153846154	256.4	184.8	423.636363636	181.0	207.272727273	296.461538462	401.647058824	351.620689655	224.833333333	150.769230769	252.142857143	205.055555556	148.0	249.4
alpha_rarefaction_5005_6.txt	5005	6	224.0625	215.6	228.5	245.0	520.620689655	413.055555556	1335.42857143	1646.00877193	1498.0397351	135.857142857	823.451612903	236.3	318.0	194.75	238.066666667	362.636363636	177.666666667	216.153846154	352.0	272.391304348	433.3125	276.076923077	188.0	204.65	243.714285714	161.083333333	168.714285714
alpha_rarefaction_5005_7.txt	5005	7	205.789473684	219.666666667	276.166666667	253.75	639.0	350.833333333	1405.06382979	1439.87394958	1564.18320611	211.125	715.172043011	246.5	233.75	265.0	245.0	268.103448276	202.4	223.0	300.647058824	196.032258065	485.5	285.066666667	179.0	262.0	303.571428571	336.2	221.428571429
alpha_rarefaction_5005_8.txt	5005	8	297.5	178.272727273	368.555555556	271.6	481.666666667	361.0	1345.0	1508.27927928	1492.95744681	265.142857143	711.697368421	216.5	198.0	186.833333333	178.6875	266.5625	165.75	174.0	332.461538462	287.285714286	384.2	209.882352941	242.0	256.583333333	223.375	193.375	191.157894737
alpha_rarefaction_5005_9.txt	5005	9	315.272727273	186.0	276.476190476	363.428571429	523.317073171	303.166666667	1133.45454545	1662.77570093	1469.67407407	259.333333333	678.397590361	224.5	228.615384615	274.5	203.55	245.04	207.75	294.875	283.25	273.037037037	490.137931034	214.882352941	193.25	339.083333333	258.0	213.857142857	239.461538462
alpha_rarefaction_6004_0.txt	6004	0	212.105263158	252.0	307.965517241	238.333333333	439.872727273	384.5	1265.52307692	1571.04615385	1542.53896104	155.0	804.542168675	299.555555556	219.0	176.136363636	319.25	421.565217391	192.8	199.5	283.476190476	365.142857143	426.0	271.75	193.25	251.4	404.0	217.0	160.230769231
alpha_rarefaction_6004_1.txt	6004	1	397.0	195.0	289.681818182	274.315789474	569.222222222	353.0	1173.07692308	1549.25714286	1677.44444444	259.25	772.887640449	356.619047619	233.066666667	265.0	293.230769231	668.647058824	158.75	232.769230769	227.75	257.035714286	593.037037037	139.75	143.894736842	313.473684211	339.0	239.230769231	160.24
alpha_rarefaction_6004_2.txt	6004	2	253.058823529	212.071428571	246.625	445.583333333	484.222222222	417.526315789	1386.0	1522.25694444	1466.15384615	261.166666667	748.533333333	358.125	372.25	304.928571429	229.071428571	339.137931034	232.1875	213.111111111	256.789473684	326.0	496.088235294	216.0	254.6	259.0	331.4	239.75	164.636363636
alpha_rarefaction_6004_3.txt	6004	3	253.4	222.428571429	316.5	216.652173913	616.736842105	267.538461538	1478.44339623	1488.54	1580.41071429	212.5	817.272727273	289.142857143	241.0625	296.6	226.214285714	426.64	147.15	243.0	292.291666667	289.05	549.0	173.0	160.473684211	383.0	209.636363636	206.272727273	165.105263158
alpha_rarefaction_6004_4.txt	6004	4	222.1875	203.230769231	322.588235294	258.434782609	556.52173913	398.0	1264.5078125	1455.74468085	1539.73076923	401.75	745.483146067	257.4	303.153846154	311.153846154	254.0	353.21875	168.434782609	218.428571429	201.565217391	380.565217391	519.0	261.176470588	158.055555556	370.090909091	288.333333333	191.076923077	259.076923077
alpha_rarefaction_6004_5.txt	6004	5	287.769230769	176.176470588	293.217391304	291.476190476	580.727272727	306.913043478	1337.0	1546.34615385	1797.7972028	159.333333333	881.795180723	283.576923077	288.8125	380.1	250.25	325.551724138	164.882352941	178.0	245.833333333	365.619047619	441.096774194	241.5	161.789473684	401.75	314.5	167.0	154.25
alpha_rarefaction_6004_6.txt	6004	6	444.545454545	184.714285714	298.333333333	299.884615385	574.30952381	375.045454545	1348.50793651	1547.21538462	1688.25	122.571428571	727.674418605	276.714285714	296.117647059	231.3	261.0	335.05	168.333333333	286.428571429	243.04	417.526315789	563.527777778	193.055555556	198.3125	392.066666667	226.142857143	278.428571429	235.333333333
alpha_rarefaction_6004_7.txt	6004	7	189.375	180.0	323.894736842	321.5	609.256410256	448.583333333	1377.67889908	1431.52054795	1587.75	204.5	786.304878049	195.64	281.333333333	266.055555556	362.909090909	333.75	145.807692308	156.615384615	249.454545455	334.0	478.486486486	289.047619048	194.647058824	260.714285714	161.0	292.875	187.565217391
alpha_rarefaction_6004_8.txt	6004	8	243.619047619	182.866666667	465.076923077	276.666666667	569.081081081	289.791666667	1255.66935484	1704.125	1465.31481481	213.375	812.776315789	441.230769231	353.5	357.545454545	277.909090909	332.130434783	153.045454545	352.0	292.0	284.222222222	549.724137931	326.5	135.142857143	277.954545455	299.5	201.461538462	220.24
alpha_rarefaction_6004_9.txt	6004	9	296.0	231.75	285.235294118	291.3125	419.234042553	365.636363636	1587.63461538	1572.23931624	1538.42038217	180.5	779.666666667	269.5	239.181818182	239.333333333	198.8125	314.166666667	184.4	340.666666667	190.75	324.24137931	599.206896552	265.588235294	138.142857143	326.136363636	271.866666667	133.0	185.666666667
alpha_rarefaction_7003_0.txt	7003	0	284.052631579	178.714285714	399.052631579	216.037037037	746.125	347.037037037	1477.88188976	1601.00613497	1500.82978723	257.0	679.254545455	378.5	277.588235294	306.6875	294.5	466.933333333	228.0	237.583333333	295.555555556	339.043478261	512.88372093	233.0	234.2	475.230769231	244.870967742	150.928571429	223.636363636
alpha_rarefaction_7003_1.txt	7003	1	251.217391304	176.5	303.0	330.6875	619.375	363.0	1287.58646617	1717.74213836	1533.13372093	138.583333333	780.375	300.047619048	450.0	337.6875	216.0	372.558823529	179.272727273	217.0	238.25	350.137931034	532.823529412	246.142857143	216.0	311.142857143	286.045454545	245.076923077	208.0
alpha_rarefaction_7003_2.txt	7003	2	214.5	253.055555556	273.666666667	268.8	634.5	370.0	1482.28571429	1609.73426573	1623.23428571	182.125	793.538461538	305.666666667	328.352941176	206.038461538	219.3125	541.157894737	205.0	239.769230769	341.176470588	423.25	617.6	274.882352941	187.772727273	226.4	277.0	179.4	311.066666667
alpha_rarefaction_7003_3.txt	7003	3	217.4	204.117647059	238.363636364	301.391304348	501.684210526	399.391304348	1446.96992481	1537.36912752	1576.72254335	193.083333333	910.928571429	354.0	362.4	270.3	204.142857143	496.619047619	203.65	176.65	314.444444444	287.037037037	664.0	262.352941176	196.052631579	290.052631579	243.368421053	154.4	186.2
alpha_rarefaction_7003_4.txt	7003	4	235.75	139.789473684	277.12	358.25	567.528301887	342.689655172	1390.08208955	1566.90243902	1533.72928177	196.214285714	806.063157895	334.352941176	363.833333333	372.666666667	252.0625	362.260869565	175.636363636	411.857142857	234.25	351.136363636	716.5	294.571428571	198.235294118	314.105263158	323.615384615	358.125	264.5
alpha_rarefaction_7003_5.txt	7003	5	324.769230769	222.1875	417.047619048	331.045454545	617.023809524	400.545454545	1444.97841727	1702.26490066	1592.28323699	148.909090909	828.101123596	282.15	399.0	422.461538462	297.157894737	400.115384615	167.368421053	171.0	320.235294118	271.451612903	745.517241379	300.875	224.555555556	286.954545455	300.454545455	196.0	192.217391304
alpha_rarefaction_7003_6.txt	7003	6	234.954545455	267.0	395.235294118	291.375	909.6	428.0	1463.43103448	1607.51851852	1692.10344828	260.0	832.041666667	350.0	480.0	303.789473684	244.0	354.666666667	165.535714286	268.882352941	340.352941176	299.636363636	540.666666667	263.5	149.0	236.785714286	257.333333333	240.545454545	213.130434783
alpha_rarefaction_7003_7.txt	7003	7	450.545454545	259.076923077	434.666666667	334.0	688.181818182	503.75	1435.6124031	1636.80666667	1608.39204545	128.0	752.981132075	232.137931034	267.625	438.894736842	338.461538462	439.75	216.047619048	235.5	278.391304348	360.24	464.0	261.0	144.285714286	275.869565217	454.0	300.0	275.3125
alpha_rarefaction_7003_8.txt	7003	8	258.142857143	217.090909091	279.869565217	334.0	607.375	419.142857143	1561.11904762	1534.67721519	1687.57954545	179.5	768.129032258	406.214285714	354.058823529	207.038461538	312.6875	423.107142857	190.12	198.076923077	236.24	385.12	655.837837838	495.25	165.0	252.619047619	270.526315789	177.428571429	208.315789474
alpha_rarefaction_7003_9.txt	7003	9	353.526315789	198.75	374.352941176	361.04	645.153846154	478.166666667	1497.86466165	1601.91608392	1767.5	189.230769231	728.764044944	297.142857143	290.235294118	247.772727273	233.476190476	406.5	205.65	225.714285714	409.157894737	359.954545455	562.0	262.076923077	241.153846154	320.5625	272.375	232.111111111	160.357142857
alpha_rarefaction_8002_0.txt	8002	0	266.157894737	247.5	445.260869565	294.076923077	826.567567568	557.526315789	1386.48734177	1513.98907104	1649.9047619	200.0	839.390909091	375.416666667	405.214285714	270.0	232.285714286	399.774193548	241.0	308.0	336.0	392.24	459.717391304	247.625	225.214285714	245.636363636	257.24137931	173.071428571	203.933333333
alpha_rarefaction_8002_1.txt	8002	1	247.473684211	190.454545455	311.0	341.0	676.130434783	696.4	1589.1942446	1627.3575419	1591.15165877	188.714285714	779.214285714	345.714285714	299.647058824	333.8	186.166666667	336.0	223.071428571	192.75	289.076923077	425.142857143	573.733333333	359.428571429	169.714285714	375.565217391	258.965517241	282.5	244.75
alpha_rarefaction_8002_2.txt	8002	2	250.8	233.833333333	336.076923077	307.714285714	700.340909091	353.5	1533.30496454	1768.00595238	1690.89130435	178.0	803.03	412.142857143	342.5625	263.333333333	284.4	387.0	218.913043478	198.75	272.565217391	355.0	549.256410256	290.037037037	217.055555556	351.260869565	325.047619048	198.230769231	242.0
alpha_rarefaction_8002_3.txt	8002	3	347.0	201.75	370.04	327.5	584.0	514.0	1486.60273973	1636.03529412	1622.48803828	157.368421053	978.785714286	225.451612903	366.176470588	264.375	225.12	531.111111111	282.076923077	214.071428571	344.4	319.53125	595.0	237.130434783	218.5	312.0	274.4	219.0	225.043478261
alpha_rarefaction_8002_4.txt	8002	4	360.125	242.473684211	320.59375	329.434782609	746.5	387.12	1539.02459016	1746.83333333	1653.82587065	284.5	894.64516129	370.315789474	335.058823529	340.105263158	241.555555556	351.676470588	188.142857143	178.4	282.666666667	403.956521739	499.558139535	394.333333333	191.052631579	277.15625	272.375	306.0	227.894736842
alpha_rarefaction_8002_5.txt	8002	5	342.105263158	268.352941176	393.230769231	365.473684211	610.3	474.84	1492.5	1679.21019108	1736.54098361	252.0	917.742574257	332.416666667	296.647058824	237.730769231	265.526315789	516.107142857	217.142857143	321.0	346.894736842	361.576923077	445.15	246.916666667	277.0	359.789473684	285.84	224.153846154	243.75
alpha_rarefaction_8002_6.txt	8002	6	299.652173913	271.166666667	442.473684211	330.166666667	705.019230769	646.2	1366.71523179	1554.09375	1642.60194175	230.0	803.510638298	264.5	502.153846154	188.206896552	288.714285714	377.387096774	226.0	204.545454545	347.894736842	302.027777778	495.204081633	261.037037037	311.6875	342.037037037	226.125	251.111111111	219.75
alpha_rarefaction_8002_7.txt	8002	7	381.0	205.666666667	422.322580645	416.5	637.62	412.71875	1504.8125	1651.26627219	1650.66341463	236.75	834.96460177	271.344827586	394.052631579	200.7	309.526315789	441.037037037	195.315789474	170.0	361.105263158	382.636363636	570.0	325.368421053	175.6875	369.045454545	265.916666667	250.3	217.130434783
alpha_rarefaction_8002_8.txt	8002	8	278.0	186.866666667	427.8	332.260869565	623.181818182	497.454545455	1428.52980132	1762.3	1597.50724638	302.333333333	807.121212121	298.25	305.15	278.476190476	247.368421053	430.107142857	205.5	245.1875	342.055555556	353.24	624.6	202.965517241	257.230769231	344.0	344.894736842	260.0	230.476190476
alpha_rarefaction_8002_9.txt	8002	9	291.142857143	293.3	345.807692308	409.65	530.654545455	505.772727273	1573.52142857	1712.39520958	1729.69318182	183.272727273	822.28	331.142857143	299.05	234.5	300.25	452.666666667	219.666666667	241.0	276.903225806	413.772727273	566.15	298.047619048	223.235294118	294.64	269.789473684	180.666666667	269.176470588
alpha_rarefaction_9001_0.txt	9001	0	322.055555556	213.789473684	402.84	354.161290323	632.049180328	416.103448276	1568.48447205	1710.22959184	1831.655	217.0	895.524752475	404.772727273	467.0	309.2	332.055555556	494.954545455	192.111111111	257.714285714	362.0	336.171428571	543.027027027	266.103448276	198.565217391	409.157894737	248.307692308	256.928571429	200.322580645
alpha_rarefaction_9001_1.txt	9001	1	373.4	197.181818182	391.038461538	384.04	687.157894737	515.5	1500.04294479	1765.0	1712.01456311	196.0	931.081632653	401.052631579	319.75	300.038461538	299.25	357.538461538	284.176470588	247.055555556	496.0	481.230769231	589.0	279.322580645	221.5	282.535714286	280.103448276	251.583333333	248.222222222
alpha_rarefaction_9001_2.txt	9001	2	362.5	228.1875	349.137931034	553.0	702.716666667	551.6	1688.89189189	1519.03076923	1678.60465116	221.071428571	833.318965517	327.107142857	382.333333333	342.12	387.588235294	397.073170732	190.875	318.5	258.0	350.529411765	568.75	252.433333333	151.896551724	373.045454545	292.272727273	203.066666667	196.517241379
alpha_rarefaction_9001_3.txt	9001	3	265.4	201.882352941	407.0	356.666666667	688.303571429	375.558823529	1571.76506024	1760.51724138	1735.62992126	219.461538462	768.1875	512.052631579	294.285714286	269.730769231	292.0	487.483870968	231.526315789	233.833333333	292.869565217	348.405405405	588.8125	271.5	173.038461538	385.875	396.714285714	231.4	203.724137931
alpha_rarefaction_9001_4.txt	9001	4	332.272727273	284.230769231	345.25	416.0	613.0	449.636363636	1656.98684211	1864.43093923	1755.34653465	297.3	811.076923077	396.869565217	332.25	337.136363636	229.545454545	483.09375	247.894736842	378.375	319.03030303	379.387096774	531.6875	288.2	195.25	409.5	209.2	217.0	279.0
alpha_rarefaction_9001_5.txt	9001	5	367.714285714	220.043478261	408.12	356.085714286	694.226415094	380.0	1668.04255319	1629.05291005	1688.83886256	215.2	851.946428571	328.44	456.0	291.217391304	371.428571429	324.25	217.0	245.619047619	272.181818182	350.677419355	483.622222222	482.352941176	180.384615385	311.037037037	276.0	233.4	334.176470588
alpha_rarefaction_9001_6.txt	9001	6	280.307692308	312.928571429	500.04	544.117647059	726.2	458.2	1442.84324324	1660.22277228	1690.32882883	192.588235294	858.333333333	372.9	311.2	255.111111111	368.526315789	348.558139535	191.034482759	353.0	245.5	399.357142857	554.790697674	348.473684211	164.25	345.24	295.869565217	232.111111111	258.2
alpha_rarefaction_9001_7.txt	9001	7	370.352941176	269.3125	357.137931034	327.037037037	622.418181818	437.193548387	1460.96178344	1567.00529101	1746.88372093	414.166666667	873.378640777	317.5	316.0	428.0	289.307692308	382.025641026	247.894736842	570.0	291.44	381.04	502.381818182	308.0	239.0	316.625	248.0	317.545454545	229.75
alpha_rarefaction_9001_8.txt	9001	8	341.25	217.8	278.333333333	345.625	640.93220339	421.677419355	1350.475	1595.97058824	1724.57281553	208.4	883.807692308	364.75	454.1875	369.157894737	242.473684211	472.096774194	205.291666667	275.235294118	372.272727273	362.848484848	689.25	333.136363636	264.571428571	287.8	316.913043478	221.0	213.896551724
alpha_rarefaction_9001_9.txt	9001	9	317.5	331.545454545	318.032258065	380.363636364	746.642857143	516.615384615	1346.61956522	1685.66666667	1714.76470588	192.230769231	781.292682927	413.454545455	447.166666667	313.538461538	292.869565217	461.0	179.037037037	284.647058824	349.352941176	356.028571429	583.243902439	310.166666667	200.217391304	323.130434783	302.954545455	200.2	222.6
alpha_rarefaction_10000_0.txt	10000	0	294.037037037	245.714285714	489.24	378.607142857	818.0	428.529411765	1388.67539267	1701.38388626	1713.71604938	200.214285714	794.443548387	387.55	470.866666667	417.055555556	296.15	410.256410256	228.772727273	469.230769231	306.0	365.794117647	604.222222222	314.434782609	223.545454545	394.035714286	392.714285714	250.583333333	256.129032258
alpha_rarefaction_10000_1.txt	10000	1	348.0	246.25	474.0	342.44	733.517857143	511.434782609	1599.1627907	1727.93364929	1850.71428571	275.714285714	868.0	358.357142857	339.4	419.55	267.454545455	451.166666667	192.035714286	227.0625	349.043478261	409.344827586	657.348837209	291.5	182.84	321.5	338.44	256.352941176	207.1875
alpha_rarefaction_10000_2.txt	10000	2	338.4	482.0	434.535714286	339.588235294	740.716981132	464.8	1488.05376344	1682.88613861	1641.24680851	243.071428571	976.028571429	375.115384615	377.625	397.2	258.541666667	386.042553191	200.035714286	242.913043478	372.041666667	468.0	751.527777778	310.53125	313.875	345.24	332.433333333	169.0	262.857142857
alpha_rarefaction_10000_3.txt	10000	3	316.875	274.0	483.037037037	313.571428571	640.016393443	435.263157895	1636.80473373	1795.52682927	1765.49166667	216.647058824	1049.51	295.535714286	419.526315789	309.136363636	256.28125	460.125	216.65	285.647058824	298.0	430.2	566.727272727	296.5	193.535714286	286.090909091	274.724137931	189.5	204.0
alpha_rarefaction_10000_4.txt	10000	4	333.136363636	236.166666667	399.84375	352.181818182	750.392857143	541.956521739	1530.19879518	1736.26943005	1608.88235294	185.875	944.123893805	387.12	370.5	328.285714286	302.8125	480.487179487	213.2	348.555555556	618.0	484.884615385	568.875	323.115384615	225.047619048	306.303030303	252.777777778	185.833333333	207.193548387
alpha_rarefaction_10000_5.txt	10000	5	386.75	250.105263158	388.0	303.0	780.75	431.2	1568.91772152	1655.31603774	1650.75982533	213.0	796.619402985	472.545454545	526.117647059	428.105263158	318.272727273	491.777777778	242.0	223.636363636	263.15	396.181818182	513.637931034	361.038461538	249.714285714	337.303030303	492.9375	262.0	275.956521739
alpha_rarefaction_10000_6.txt	10000	6	315.434782609	248.772727273	449.64	423.384615385	743.037735849	513.730769231	1564.72254335	1751.97927461	1692.68	230.0625	902.754237288	343.161290323	577.833333333	401.291666667	346.368421053	513.620689655	290.0	264.176470588	324.676470588	307.322580645	529.5	248.035714286	206.607142857	352.964285714	280.161290323	193.214285714	257.714285714
alpha_rarefaction_10000_7.txt	10000	7	355.260869565	247.8	378.870967742	287.692307692	672.515151515	578.217391304	1496.13513514	1781.359375	1665.67965368	266.866666667	825.78358209	365.5	377.25	368.636363636	319.166666667	454.357142857	201.12	263.866666667	388.217391304	433.222222222	669.625	403.157894737	213.37037037	362.666666667	284.103448276	272.666666667	257.5
alpha_rarefaction_10000_8.txt	10000	8	388.230769231	279.3125	440.12	458.047619048	858.0	471.333333333	1596.32926829	1660.22535211	1628.22633745	228.0	885.5	365.9375	392.65	306.833333333	304.285714286	434.069767442	211.136363636	226.9	438.047619048	365.451612903	532.056603774	310.0	298.4	391.956521739	323.037037037	229.2	223.037037037
alpha_rarefaction_10000_9.txt	10000	9	294.230769231	206.652173913	381.6	430.75	661.269230769	471.444444444	1520.29015544	1791.53225806	1662.31914894	215.2	766.612676056	325.216216216	303.53125	426.333333333	292.222222222	475.833333333	198.035714286	455.0	419.647058824	347.8125	593.631578947	369.222222222	261.055555556	325.433333333	410.772727273	432.111111111	255.222222222