	sequences per sample	iteration	1026	1028	1019	424	761	1143	764	1150	1146	448	459	1017	1147	1144	434	762	765	760	432	429	836	1032	1035	456	759	436	758	451	1016	452	1018	1151	460	450	431	1037	442	457	1031	454	833	1022	455	461	447	1029	757	453	1040	1145	1020	1142	1138	1156	1033	1148	1039	449	1038	458	1025	1021	1034	1153	1154	1152	1023	437	844	839	843	1036	842	1141	430	1149	766	838	841	1030	1027	1024	440	441	763	435	439	837	426	427
alpha_rarefaction_10_0.txt	10	0	1.0	3.0	8.0	1.0	8.0	1.0	5.0	3.0	5.0	8.0	3.0	8.0	4.0	3.0	2.0	4.0	1.0	5.0	6.0	9.0	1.0	4.0	6.0	2.0	5.0	1.0	7.0	7.0	7.0	2.0	9.0	4.0	4.0	7.0	8.0	3.0	1.0	3.0	6.0	2.0	7.0	5.0	3.0	1.0	7.0	2.0	4.0	3.0	5.0	3.0	9.0	4.0	6.0	4.0	5.0	3.0	3.0	8.0	2.0	4.0	2.0	2.0	3.0	4.0	2.0	5.0	2.0	2.0	1.0	1.0	1.0	3.0	2.0	6.0	8.0	1.0	1.0	1.0	2.0	1.0	2.0	2.0	1.0	2.0	2.0	2.0	2.0	1.0	2.0	1.0
alpha_rarefaction_10_1.txt	10	1	2.0	3.0	10.0	2.0	7.0	6.0	3.0	3.0	4.0	7.0	1.0	7.0	6.0	4.0	2.0	1.0	4.0	3.0	6.0	8.0	2.0	4.0	4.0	3.0	7.0	3.0	5.0	7.0	7.0	1.0	4.0	8.0	1.0	8.0	7.0	2.0	1.0	2.0	6.0	3.0	7.0	3.0	3.0	4.0	8.0	2.0	4.0	3.0	6.0	3.0	5.0	5.0	8.0	4.0	4.0	4.0	4.0	6.0	6.0	3.0	3.0	3.0	5.0	3.0	3.0	6.0	3.0	1.0	2.0	1.0	2.0	2.0	1.0	4.0	8.0	4.0	2.0	2.0	2.0	5.0	4.0	2.0	2.0	1.0	1.0	2.0	1.0	2.0	1.0	3.0
alpha_rarefaction_10_2.txt	10	2	5.0	4.0	8.0	3.0	7.0	3.0	3.0	2.0	3.0	9.0	2.0	6.0	3.0	5.0	1.0	2.0	3.0	6.0	8.0	7.0	1.0	4.0	5.0	2.0	8.0	2.0	8.0	8.0	6.0	3.0	7.0	2.0	3.0	10.0	10.0	2.0	2.0	3.0	7.0	4.0	5.0	3.0	2.0	4.0	6.0	2.0	5.0	3.0	4.0	2.0	10.0	5.0	7.0	5.0	4.0	5.0	5.0	7.0	3.0	2.0	2.0	1.0	3.0	4.0	4.0	6.0	5.0	1.0	1.0	1.0	1.0	4.0	1.0	5.0	10.0	2.0	3.0	1.0	1.0	4.0	2.0	2.0	2.0	1.0	3.0	1.0	2.0	2.0	2.0	2.0
alpha_rarefaction_10_3.txt	10	3	2.0	2.0	8.0	1.0	8.0	3.0	3.0	2.0	3.0	8.0	4.0	7.0	3.0	4.0	1.0	3.0	4.0	7.0	7.0	9.0	1.0	3.0	5.0	2.0	6.0	2.0	6.0	8.0	8.0	4.0	6.0	4.0	3.0	7.0	9.0	2.0	2.0	2.0	5.0	2.0	6.0	3.0	1.0	3.0	7.0	3.0	7.0	4.0	6.0	3.0	7.0	9.0	5.0	4.0	2.0	4.0	4.0	9.0	3.0	5.0	1.0	2.0	4.0	2.0	4.0	5.0	4.0	2.0	1.0	1.0	1.0	3.0	3.0	7.0	8.0	3.0	2.0	1.0	3.0	4.0	2.0	5.0	1.0	2.0	2.0	2.0	2.0	2.0	2.0	2.0
alpha_rarefaction_10_4.txt	10	4	3.0	1.0	6.0	2.0	7.0	4.0	3.0	2.0	5.0	6.0	1.0	6.0	3.0	4.0	3.0	1.0	2.0	7.0	7.0	9.0	2.0	5.0	5.0	4.0	6.0	2.0	6.0	6.0	4.0	3.0	8.0	5.0	3.0	8.0	8.0	3.0	1.0	5.0	5.0	5.0	6.0	3.0	2.0	5.0	8.0	5.0	6.0	1.0	4.0	5.0	6.0	3.0	7.0	4.0	5.0	4.0	4.0	8.0	3.0	1.0	4.0	2.0	3.0	3.0	3.0	4.0	1.0	1.0	1.0	1.0	1.0	2.0	2.0	6.0	7.0	3.0	5.0	1.0	2.0	3.0	4.0	3.0	2.0	3.0	1.0	5.0	2.0	2.0	2.0	3.0
alpha_rarefaction_10_5.txt	10	5	3.0	3.0	6.0	3.0	6.0	4.0	4.0	4.0	3.0	7.0	5.0	7.0	3.0	4.0	3.0	2.0	1.0	7.0	8.0	10.0	1.0	5.0	5.0	3.0	6.0	1.0	4.0	6.0	4.0	3.0	8.0	4.0	4.0	8.0	8.0	1.0	1.0	1.0	6.0	3.0	6.0	3.0	1.0	2.0	6.0	3.0	5.0	1.0	3.0	2.0	7.0	8.0	6.0	5.0	6.0	4.0	4.0	5.0	3.0	3.0	4.0	2.0	4.0	5.0	3.0	4.0	4.0	2.0	1.0	2.0	1.0	2.0	1.0	7.0	7.0	3.0	3.0	1.0	3.0	3.0	2.0	2.0	1.0	3.0	2.0	2.0	2.0	2.0	4.0	3.0
alpha_rarefaction_10_6.txt	10	6	3.0	2.0	9.0	2.0	7.0	2.0	6.0	3.0	2.0	6.0	4.0	7.0	5.0	2.0	2.0	4.0	3.0	10.0	9.0	7.0	1.0	4.0	5.0	3.0	4.0	3.0	9.0	8.0	6.0	3.0	8.0	4.0	2.0	9.0	8.0	1.0	2.0	5.0	6.0	2.0	6.0	1.0	2.0	5.0	8.0	2.0	6.0	3.0	3.0	2.0	8.0	8.0	6.0	4.0	5.0	6.0	1.0	7.0	3.0	3.0	2.0	3.0	5.0	4.0	4.0	3.0	3.0	2.0	1.0	1.0	1.0	4.0	2.0	7.0	9.0	3.0	2.0	2.0	2.0	5.0	2.0	1.0	3.0	2.0	1.0	1.0	2.0	2.0	2.0	4.0
alpha_rarefaction_10_7.txt	10	7	2.0	2.0	4.0	1.0	8.0	3.0	2.0	2.0	4.0	7.0	1.0	7.0	2.0	5.0	1.0	4.0	3.0	7.0	7.0	7.0	2.0	7.0	5.0	3.0	6.0	1.0	6.0	7.0	7.0	2.0	8.0	5.0	2.0	7.0	10.0	2.0	1.0	3.0	8.0	2.0	6.0	3.0	2.0	4.0	9.0	2.0	5.0	4.0	3.0	1.0	8.0	6.0	6.0	4.0	4.0	3.0	4.0	3.0	5.0	4.0	4.0	1.0	5.0	3.0	4.0	4.0	1.0	1.0	3.0	2.0	1.0	2.0	1.0	4.0	9.0	1.0	2.0	1.0	1.0	4.0	4.0	2.0	1.0	1.0	1.0	1.0	2.0	1.0	2.0	2.0
alpha_rarefaction_10_8.txt	10	8	3.0	2.0	8.0	3.0	7.0	3.0	3.0	5.0	4.0	7.0	3.0	7.0	3.0	3.0	2.0	5.0	4.0	6.0	8.0	9.0	1.0	5.0	7.0	2.0	4.0	2.0	6.0	7.0	7.0	4.0	9.0	4.0	3.0	6.0	7.0	1.0	1.0	6.0	6.0	3.0	7.0	5.0	4.0	5.0	8.0	2.0	6.0	1.0	3.0	2.0	10.0	6.0	5.0	4.0	4.0	4.0	2.0	5.0	5.0	1.0	2.0	3.0	3.0	6.0	3.0	5.0	3.0	1.0	2.0	1.0	1.0	2.0	1.0	5.0	8.0	4.0	5.0	2.0	1.0	5.0	5.0	4.0	2.0	1.0	1.0	2.0	2.0	1.0	3.0	2.0
alpha_rarefaction_10_9.txt	10	9	1.0	3.0	8.0	3.0	7.0	2.0	5.0	2.0	4.0	6.0	2.0	7.0	5.0	1.0	2.0	3.0	2.0	4.0	6.0	9.0	3.0	4.0	5.0	4.0	9.0	1.0	6.0	5.0	8.0	2.0	6.0	6.0	2.0	7.0	7.0	1.0	1.0	4.0	6.0	4.0	7.0	4.0	2.0	2.0	7.0	4.0	5.0	1.0	5.0	3.0	6.0	5.0	5.0	4.0	6.0	5.0	5.0	9.0	4.0	4.0	4.0	3.0	2.0	5.0	4.0	6.0	5.0	2.0	3.0	2.0	1.0	2.0	1.0	7.0	8.0	4.0	3.0	1.0	1.0	3.0	1.0	2.0	2.0	1.0	1.0	3.0	2.0	2.0	2.0	2.0
alpha_rarefaction_1009_0.txt	1009	0	36.0	49.0	103.0	19.0	121.0	61.0	60.0	54.0	59.0	102.0	54.0	103.0	79.0	63.0	34.0	53.0	64.0	90.0	110.0	141.0	28.0	57.0	46.0	48.0	82.0	37.0	89.0	115.0	93.0	44.0	93.0	70.0	44.0	115.0	131.0	33.0	30.0	56.0	73.0	54.0	75.0	62.0	49.0	54.0	104.0	54.0	73.0	59.0	72.0	61.0	109.0	72.0	89.0	62.0	53.0	61.0	62.0	97.0	66.0	58.0	46.0	60.0	44.0	68.0	33.0	70.0	50.0	35.0	32.0	26.0	33.0	49.0	25.0	79.0	128.0	66.0	47.0	31.0	24.0	55.0	53.0	52.0	37.0	35.0	40.0	42.0	31.0	26.0	18.0	31.0
alpha_rarefaction_1009_1.txt	1009	1	39.0	47.0	103.0	16.0	123.0	56.0	58.0	53.0	50.0	97.0	58.0	108.0	75.0	59.0	36.0	64.0	61.0	94.0	114.0	155.0	28.0	61.0	49.0	52.0	94.0	39.0	84.0	110.0	93.0	47.0	106.0	70.0	49.0	112.0	120.0	31.0	38.0	58.0	83.0	52.0	63.0	64.0	46.0	66.0	106.0	53.0	77.0	64.0	67.0	63.0	101.0	85.0	92.0	66.0	55.0	71.0	54.0	103.0	72.0	55.0	51.0	50.0	51.0	64.0	30.0	74.0	50.0	32.0	35.0	33.0	31.0	48.0	30.0	77.0	143.0	65.0	56.0	25.0	30.0	62.0	53.0	50.0	45.0	35.0	45.0	34.0	24.0	29.0	21.0	22.0
alpha_rarefaction_1009_2.txt	1009	2	36.0	42.0	99.0	16.0	124.0	55.0	57.0	50.0	55.0	89.0	52.0	95.0	77.0	60.0	38.0	52.0	69.0	90.0	119.0	148.0	20.0	54.0	48.0	51.0	84.0	31.0	91.0	113.0	95.0	52.0	99.0	72.0	51.0	119.0	139.0	33.0	40.0	64.0	93.0	50.0	58.0	50.0	51.0	66.0	93.0	53.0	84.0	54.0	59.0	59.0	101.0	75.0	88.0	64.0	51.0	73.0	60.0	101.0	64.0	53.0	47.0	55.0	42.0	67.0	30.0	74.0	54.0	24.0	24.0	36.0	30.0	42.0	33.0	83.0	118.0	61.0	52.0	32.0	24.0	53.0	55.0	51.0	44.0	41.0	42.0	41.0	36.0	25.0	19.0	25.0
alpha_rarefaction_1009_3.txt	1009	3	37.0	52.0	105.0	23.0	112.0	53.0	57.0	58.0	62.0	88.0	57.0	102.0	79.0	54.0	37.0	46.0	58.0	94.0	116.0	148.0	30.0	53.0	53.0	53.0	81.0	43.0	88.0	104.0	94.0	50.0	102.0	64.0	55.0	116.0	144.0	35.0	31.0	58.0	96.0	56.0	66.0	60.0	57.0	62.0	103.0	52.0	69.0	48.0	61.0	50.0	113.0	78.0	91.0	63.0	49.0	77.0	55.0	106.0	56.0	65.0	55.0	64.0	58.0	73.0	30.0	83.0	46.0	31.0	35.0	30.0	27.0	50.0	30.0	70.0	140.0	69.0	54.0	36.0	24.0	46.0	59.0	53.0	39.0	39.0	43.0	38.0	24.0	38.0	18.0	21.0
alpha_rarefaction_1009_4.txt	1009	4	37.0	45.0	97.0	20.0	104.0	64.0	57.0	53.0	58.0	87.0	54.0	91.0	66.0	57.0	34.0	60.0	67.0	93.0	108.0	143.0	26.0	58.0	54.0	54.0	91.0	32.0	87.0	106.0	87.0	49.0	89.0	61.0	46.0	115.0	125.0	32.0	38.0	67.0	81.0	59.0	67.0	54.0	48.0	59.0	98.0	57.0	92.0	47.0	65.0	61.0	103.0	70.0	93.0	68.0	44.0	71.0	57.0	92.0	54.0	61.0	50.0	63.0	47.0	72.0	32.0	80.0	47.0	26.0	31.0	34.0	31.0	49.0	26.0	82.0	127.0	67.0	52.0	25.0	31.0	71.0	67.0	43.0	37.0	35.0	38.0	47.0	33.0	26.0	23.0	33.0
alpha_rarefaction_1009_5.txt	1009	5	36.0	45.0	92.0	21.0	113.0	57.0	63.0	46.0	63.0	106.0	59.0	106.0	76.0	56.0	37.0	57.0	59.0	110.0	113.0	141.0	21.0	62.0	52.0	58.0	89.0	30.0	89.0	106.0	92.0	47.0	102.0	64.0	49.0	109.0	131.0	28.0	31.0	60.0	76.0	63.0	70.0	53.0	52.0	64.0	94.0	62.0	81.0	48.0	69.0	60.0	108.0	90.0	87.0	68.0	52.0	74.0	53.0	105.0	53.0	61.0	47.0	46.0	47.0	63.0	31.0	67.0	58.0	25.0	27.0	32.0	30.0	52.0	32.0	85.0	123.0	63.0	49.0	36.0	31.0	52.0	50.0	49.0	47.0	36.0	45.0	48.0	26.0	36.0	23.0	35.0
alpha_rarefaction_1009_6.txt	1009	6	37.0	42.0	92.0	20.0	116.0	66.0	56.0	53.0	62.0	90.0	52.0	108.0	73.0	63.0	40.0	49.0	64.0	90.0	111.0	136.0	27.0	61.0	53.0	58.0	86.0	31.0	88.0	111.0	90.0	46.0	113.0	66.0	54.0	117.0	126.0	39.0	38.0	60.0	82.0	54.0	66.0	58.0	53.0	62.0	100.0	54.0	77.0	57.0	67.0	55.0	97.0	79.0	87.0	66.0	54.0	83.0	52.0	97.0	70.0	57.0	47.0	54.0	48.0	62.0	34.0	71.0	47.0	32.0	24.0	30.0	37.0	47.0	34.0	85.0	117.0	53.0	41.0	35.0	31.0	57.0	50.0	46.0	38.0	33.0	41.0	39.0	28.0	27.0	22.0	26.0
alpha_rarefaction_1009_7.txt	1009	7	39.0	50.0	101.0	22.0	116.0	58.0	58.0	47.0	51.0	113.0	57.0	99.0	71.0	69.0	38.0	50.0	69.0	92.0	115.0	135.0	30.0	65.0	48.0	52.0	83.0	31.0	89.0	118.0	93.0	38.0	105.0	75.0	51.0	121.0	137.0	31.0	34.0	65.0	85.0	64.0	77.0	50.0	47.0	51.0	108.0	48.0	75.0	60.0	72.0	62.0	91.0	82.0	88.0	62.0	51.0	75.0	59.0	103.0	63.0	59.0	45.0	52.0	48.0	61.0	31.0	74.0	51.0	43.0	27.0	22.0	31.0	51.0	30.0	91.0	125.0	58.0	41.0	40.0	31.0	51.0	44.0	50.0	40.0	36.0	42.0	31.0	39.0	33.0	18.0	26.0
alpha_rarefaction_1009_8.txt	1009	8	35.0	43.0	88.0	23.0	121.0	54.0	62.0	60.0	55.0	91.0	52.0	104.0	76.0	57.0	42.0	59.0	63.0	86.0	109.0	135.0	33.0	57.0	49.0	57.0	93.0	37.0	89.0	113.0	90.0	46.0	108.0	51.0	49.0	107.0	127.0	36.0	39.0	65.0	82.0	62.0	76.0	54.0	52.0	70.0	106.0	57.0	83.0	52.0	65.0	65.0	102.0	76.0	104.0	60.0	54.0	68.0	52.0	114.0	61.0	58.0	48.0	60.0	38.0	63.0	32.0	73.0	55.0	34.0	26.0	28.0	28.0	57.0	29.0	80.0	110.0	61.0	46.0	20.0	34.0	64.0	62.0	57.0	32.0	29.0	42.0	43.0	31.0	28.0	17.0	31.0
alpha_rarefaction_1009_9.txt	1009	9	37.0	46.0	100.0	21.0	128.0	70.0	56.0	57.0	60.0	97.0	52.0	92.0	69.0	60.0	37.0	56.0	65.0	108.0	113.0	148.0	27.0	53.0	44.0	53.0	83.0	33.0	82.0	109.0	84.0	50.0	102.0	66.0	45.0	110.0	137.0	43.0	30.0	62.0	83.0	62.0	69.0	62.0	52.0	62.0	107.0	58.0	75.0	59.0	58.0	63.0	119.0	81.0	89.0	59.0	53.0	69.0	52.0	95.0	56.0	55.0	42.0	58.0	49.0	66.0	26.0	64.0	53.0	29.0	29.0	38.0	36.0	48.0	27.0	87.0	124.0	67.0	46.0	26.0	29.0	50.0	54.0	53.0	35.0	33.0	42.0	41.0	28.0	37.0	18.0	23.0
alpha_rarefaction_2008_0.txt	2008	0	64.0	68.0	130.0	27.0	176.0	91.0	81.0	69.0	80.0	145.0	79.0	145.0	117.0	86.0	54.0	71.0	95.0	126.0	167.0	190.0	42.0	82.0	65.0	83.0	114.0	49.0	122.0	155.0	119.0	62.0	138.0	92.0	67.0	162.0	187.0	50.0	54.0	90.0	119.0	77.0	107.0	75.0	76.0	95.0	141.0	85.0	106.0	74.0	84.0	80.0	160.0	119.0	126.0	86.0	71.0	107.0	87.0	148.0	89.0	82.0	68.0	80.0	70.0	104.0	39.0	109.0	73.0	48.0	43.0	39.0	57.0	75.0	48.0	117.0	177.0	91.0	65.0	57.0	47.0	79.0	82.0	68.0	56.0	51.0	53.0	68.0	46.0	51.0	31.0	44.0
alpha_rarefaction_2008_1.txt	2008	1	63.0	64.0	131.0	32.0	165.0	91.0	89.0	72.0	94.0	139.0	92.0	138.0	106.0	94.0	62.0	71.0	85.0	145.0	159.0	192.0	50.0	89.0	72.0	79.0	122.0	57.0	123.0	178.0	125.0	60.0	145.0	86.0	70.0	160.0	186.0	53.0	51.0	87.0	122.0	76.0	92.0	78.0	80.0	81.0	144.0	73.0	113.0	80.0	90.0	83.0	157.0	117.0	129.0	98.0	71.0	106.0	71.0	146.0	94.0	88.0	73.0	88.0	63.0	96.0	44.0	105.0	77.0	48.0	51.0	41.0	53.0	63.0	50.0	110.0	176.0	86.0	64.0	48.0	53.0	72.0	80.0	72.0	55.0	51.0	62.0	62.0	48.0	44.0	28.0	45.0
alpha_rarefaction_2008_2.txt	2008	2	58.0	64.0	137.0	27.0	170.0	86.0	88.0	79.0	98.0	145.0	82.0	153.0	110.0	97.0	66.0	72.0	75.0	145.0	169.0	219.0	34.0	87.0	78.0	66.0	123.0	58.0	128.0	167.0	136.0	72.0	131.0	91.0	65.0	156.0	196.0	51.0	47.0	86.0	114.0	79.0	106.0	80.0	76.0	87.0	152.0	78.0	111.0	77.0	94.0	74.0	153.0	104.0	143.0	91.0	75.0	94.0	76.0	143.0	105.0	89.0	65.0	79.0	60.0	97.0	41.0	103.0	72.0	48.0	39.0	40.0	58.0	79.0	46.0	127.0	198.0	94.0	70.0	45.0	42.0	107.0	81.0	74.0	61.0	44.0	59.0	61.0	46.0	44.0	33.0	53.0
alpha_rarefaction_2008_3.txt	2008	3	58.0	65.0	141.0	26.0	170.0	92.0	88.0	85.0	89.0	139.0	84.0	141.0	105.0	90.0	61.0	70.0	83.0	148.0	159.0	195.0	43.0	85.0	78.0	77.0	120.0	46.0	120.0	169.0	130.0	63.0	137.0	93.0	72.0	156.0	194.0	53.0	56.0	85.0	128.0	90.0	91.0	80.0	78.0	78.0	161.0	79.0	114.0	81.0	100.0	86.0	168.0	105.0	130.0	94.0	68.0	105.0	78.0	151.0	96.0	92.0	68.0	75.0	64.0	95.0	38.0	100.0	81.0	44.0	37.0	41.0	43.0	74.0	53.0	121.0	175.0	85.0	70.0	55.0	43.0	83.0	75.0	75.0	64.0	50.0	66.0	58.0	41.0	49.0	28.0	41.0
alpha_rarefaction_2008_4.txt	2008	4	70.0	67.0	149.0	32.0	167.0	92.0	93.0	66.0	80.0	137.0	86.0	150.0	102.0	84.0	70.0	74.0	94.0	137.0	157.0	206.0	45.0	87.0	79.0	71.0	110.0	48.0	120.0	157.0	129.0	67.0	132.0	99.0	76.0	172.0	197.0	50.0	49.0	94.0	124.0	83.0	98.0	84.0	74.0	87.0	150.0	82.0	122.0	79.0	101.0	87.0	140.0	112.0	127.0	91.0	67.0	89.0	87.0	133.0	81.0	88.0	69.0	85.0	64.0	91.0	36.0	103.0	88.0	46.0	51.0	39.0	52.0	70.0	45.0	114.0	176.0	86.0	68.0	44.0	46.0	92.0	79.0	66.0	64.0	55.0	69.0	58.0	43.0	50.0	26.0	41.0
alpha_rarefaction_2008_5.txt	2008	5	54.0	70.0	122.0	30.0	155.0	88.0	92.0	69.0	84.0	134.0	71.0	142.0	105.0	90.0	55.0	92.0	86.0	135.0	171.0	198.0	51.0	82.0	64.0	79.0	124.0	52.0	128.0	162.0	127.0	66.0	160.0	90.0	76.0	162.0	190.0	47.0	45.0	86.0	137.0	82.0	101.0	86.0	79.0	86.0	131.0	82.0	109.0	81.0	93.0	80.0	138.0	106.0	141.0	86.0	81.0	94.0	82.0	152.0	82.0	86.0	70.0	76.0	62.0	84.0	47.0	103.0	77.0	53.0	43.0	39.0	61.0	74.0	40.0	113.0	160.0	98.0	68.0	48.0	40.0	89.0	78.0	76.0	54.0	55.0	57.0	54.0	57.0	49.0	28.0	50.0
alpha_rarefaction_2008_6.txt	2008	6	58.0	66.0	140.0	32.0	162.0	81.0	72.0	67.0	78.0	149.0	79.0	138.0	100.0	84.0	63.0	72.0	86.0	140.0	174.0	198.0	51.0	90.0	76.0	76.0	114.0	55.0	123.0	175.0	135.0	60.0	139.0	89.0	75.0	159.0	176.0	46.0	54.0	96.0	117.0	83.0	96.0	87.0	81.0	93.0	149.0	75.0	114.0	89.0	89.0	86.0	155.0	114.0	138.0	90.0	73.0	106.0	77.0	140.0	87.0	79.0	72.0	83.0	70.0	100.0	47.0	114.0	78.0	47.0	56.0	42.0	47.0	83.0	40.0	114.0	176.0	82.0	63.0	49.0	52.0	87.0	84.0	71.0	57.0	52.0	53.0	62.0	42.0	54.0	32.0	48.0
alpha_rarefaction_2008_7.txt	2008	7	61.0	75.0	129.0	28.0	179.0	91.0	93.0	78.0	88.0	143.0	72.0	146.0	112.0	75.0	59.0	74.0	93.0	142.0	162.0	215.0	40.0	89.0	74.0	81.0	124.0	51.0	118.0	168.0	135.0	64.0	145.0	91.0	74.0	157.0	187.0	46.0	52.0	99.0	112.0	71.0	101.0	79.0	75.0	85.0	153.0	88.0	126.0	80.0	92.0	83.0	160.0	116.0	132.0	97.0	77.0	117.0	71.0	130.0	79.0	83.0	77.0	83.0	64.0	96.0	38.0	104.0	86.0	45.0	47.0	46.0	56.0	68.0	46.0	112.0	188.0	81.0	62.0	38.0	38.0	81.0	77.0	70.0	54.0	53.0	68.0	59.0	42.0	51.0	30.0	43.0
alpha_rarefaction_2008_8.txt	2008	8	63.0	62.0	132.0	35.0	170.0	82.0	98.0	74.0	88.0	142.0	72.0	136.0	110.0	93.0	51.0	80.0	102.0	139.0	174.0	207.0	44.0	89.0	77.0	83.0	122.0	52.0	133.0	148.0	129.0	61.0	131.0	91.0	69.0	151.0	202.0	44.0	48.0	97.0	124.0	78.0	106.0	74.0	72.0	84.0	143.0	85.0	125.0	74.0	89.0	88.0	175.0	114.0	135.0	96.0	76.0	94.0	84.0	137.0	93.0	88.0	73.0	87.0	69.0	99.0	43.0	104.0	71.0	49.0	56.0	47.0	52.0	72.0	53.0	124.0	180.0	95.0	73.0	52.0	45.0	82.0	81.0	69.0	54.0	51.0	61.0	61.0	52.0	46.0	26.0	41.0
alpha_rarefaction_2008_9.txt	2008	9	56.0	56.0	139.0	31.0	154.0	88.0	80.0	73.0	93.0	134.0	84.0	140.0	111.0	86.0	62.0	78.0	79.0	150.0	160.0	201.0	54.0	85.0	72.0	79.0	120.0	54.0	116.0	145.0	137.0	59.0	150.0	98.0	79.0	157.0	190.0	53.0	47.0	96.0	113.0	82.0	102.0	85.0	72.0	89.0	154.0	80.0	110.0	77.0	89.0	78.0	155.0	108.0	128.0	89.0	69.0	104.0	79.0	147.0	85.0	92.0	73.0	75.0	67.0	86.0	44.0	122.0	80.0	48.0	45.0	44.0	47.0	77.0	43.0	120.0	181.0	101.0	72.0	56.0	51.0	88.0	77.0	66.0	53.0	57.0	65.0	55.0	40.0	50.0	21.0	40.0
alpha_rarefaction_3007_0.txt	3007	0	70.0	88.0	166.0	39.0	207.0	111.0	103.0	86.0	109.0	162.0	95.0	170.0	129.0	106.0	65.0	93.0	115.0	167.0	212.0	247.0	56.0	90.0	97.0	81.0	147.0	69.0	161.0	194.0	166.0	75.0	181.0	122.0	93.0	192.0	237.0	59.0	62.0	120.0	147.0	92.0	136.0	102.0	80.0	104.0	187.0	94.0	146.0	95.0	119.0	111.0	196.0	135.0	154.0	113.0	93.0	135.0	102.0	180.0	109.0	113.0	76.0	108.0	86.0	123.0	55.0	141.0	94.0	58.0	52.0	54.0	66.0	74.0	55.0	136.0	231.0	104.0	81.0	65.0	48.0	110.0	93.0	92.0	76.0	66.0	65.0	80.0	59.0	60.0	35.0	59.0
alpha_rarefaction_3007_1.txt	3007	1	76.0	90.0	183.0	41.0	213.0	113.0	116.0	84.0	101.0	185.0	100.0	182.0	129.0	100.0	76.0	89.0	107.0	162.0	183.0	261.0	60.0	103.0	90.0	88.0	137.0	62.0	159.0	209.0	153.0	73.0	192.0	114.0	90.0	198.0	238.0	64.0	67.0	121.0	150.0	91.0	122.0	105.0	92.0	113.0	187.0	106.0	138.0	100.0	118.0	98.0	173.0	139.0	155.0	107.0	86.0	122.0	100.0	179.0	109.0	89.0	88.0	100.0	87.0	124.0	50.0	132.0	99.0	58.0	52.0	57.0	70.0	81.0	65.0	140.0	222.0	108.0	87.0	55.0	55.0	98.0	92.0	94.0	73.0	61.0	65.0	81.0	59.0	57.0	44.0	53.0
alpha_rarefaction_3007_2.txt	3007	2	72.0	82.0	172.0	33.0	208.0	102.0	104.0	81.0	95.0	182.0	95.0	184.0	125.0	106.0	83.0	106.0	110.0	164.0	213.0	259.0	53.0	100.0	89.0	95.0	148.0	63.0	158.0	193.0	168.0	79.0	182.0	133.0	90.0	195.0	225.0	66.0	70.0	114.0	130.0	108.0	122.0	100.0	90.0	98.0	184.0	105.0	136.0	93.0	103.0	90.0	193.0	135.0	166.0	122.0	87.0	145.0	87.0	154.0	108.0	111.0	80.0	103.0	79.0	128.0	54.0	130.0	95.0	61.0	53.0	62.0	55.0	88.0	47.0	143.0	220.0	108.0	98.0	62.0	55.0	105.0	90.0	83.0	71.0	75.0	80.0	70.0	58.0	53.0	40.0	55.0
alpha_rarefaction_3007_3.txt	3007	3	78.0	85.0	179.0	42.0	206.0	100.0	118.0	98.0	107.0	172.0	92.0	167.0	127.0	114.0	80.0	93.0	100.0	163.0	206.0	261.0	51.0	107.0	84.0	97.0	141.0	65.0	139.0	204.0	150.0	79.0	176.0	132.0	86.0	196.0	231.0	62.0	59.0	114.0	140.0	95.0	126.0	88.0	89.0	102.0	167.0	102.0	148.0	104.0	111.0	107.0	197.0	131.0	160.0	110.0	88.0	123.0	90.0	180.0	102.0	102.0	88.0	94.0	84.0	122.0	58.0	122.0	103.0	56.0	57.0	59.0	52.0	95.0	58.0	139.0	226.0	106.0	85.0	59.0	52.0	99.0	98.0	78.0	70.0	66.0	66.0	77.0	51.0	52.0	34.0	68.0
alpha_rarefaction_3007_4.txt	3007	4	78.0	77.0	163.0	37.0	205.0	109.0	116.0	97.0	84.0	179.0	98.0	177.0	122.0	115.0	82.0	86.0	119.0	157.0	200.0	243.0	61.0	99.0	85.0	89.0	149.0	71.0	150.0	193.0	155.0	76.0	175.0	114.0	90.0	195.0	233.0	56.0	60.0	110.0	143.0	99.0	128.0	102.0	98.0	97.0	178.0	105.0	145.0	104.0	118.0	94.0	187.0	141.0	166.0	112.0	88.0	138.0	91.0	181.0	109.0	106.0	92.0	97.0	82.0	124.0	57.0	123.0	99.0	71.0	60.0	58.0	62.0	88.0	63.0	147.0	234.0	110.0	77.0	61.0	48.0	104.0	96.0	89.0	78.0	61.0	79.0	83.0	66.0	57.0	39.0	66.0
alpha_rarefaction_3007_5.txt	3007	5	76.0	78.0	174.0	42.0	213.0	98.0	109.0	86.0	100.0	172.0	93.0	181.0	135.0	118.0	81.0	88.0	122.0	167.0	203.0	261.0	60.0	103.0	85.0	92.0	140.0	69.0	172.0	202.0	161.0	69.0	171.0	122.0	98.0	202.0	243.0	69.0	65.0	114.0	145.0	96.0	131.0	102.0	82.0	120.0	175.0	95.0	146.0	109.0	103.0	103.0	177.0	148.0	162.0	117.0	95.0	140.0	99.0	185.0	105.0	107.0	92.0	105.0	70.0	114.0	50.0	121.0	90.0	56.0	61.0	51.0	71.0	81.0	54.0	143.0	229.0	114.0	76.0	69.0	62.0	100.0	92.0	83.0	72.0	61.0	78.0	80.0	58.0	55.0	28.0	57.0
alpha_rarefaction_3007_6.txt	3007	6	68.0	93.0	172.0	40.0	202.0	102.0	106.0	104.0	108.0	168.0	92.0	170.0	134.0	111.0	75.0	94.0	101.0	167.0	207.0	240.0	59.0	104.0	93.0	100.0	135.0	64.0	164.0	208.0	150.0	76.0	156.0	126.0	84.0	191.0	235.0	61.0	64.0	129.0	152.0	91.0	120.0	99.0	84.0	111.0	178.0	94.0	152.0	89.0	136.0	97.0	188.0	140.0	156.0	124.0	92.0	126.0	93.0	174.0	120.0	104.0	83.0	96.0	76.0	138.0	51.0	138.0	93.0	61.0	57.0	52.0	59.0	87.0	61.0	146.0	231.0	118.0	88.0	66.0	53.0	95.0	98.0	85.0	75.0	66.0	68.0	73.0	60.0	59.0	36.0	56.0
alpha_rarefaction_3007_7.txt	3007	7	65.0	80.0	175.0	39.0	207.0	96.0	111.0	98.0	106.0	178.0	105.0	182.0	129.0	117.0	75.0	93.0	103.0	172.0	209.0	254.0	60.0	106.0	86.0	99.0	134.0	65.0	158.0	206.0	155.0	79.0	182.0	122.0	104.0	200.0	243.0	65.0	65.0	101.0	139.0	99.0	124.0	104.0	93.0	110.0	186.0	98.0	152.0	89.0	111.0	109.0	187.0	133.0	169.0	115.0	82.0	124.0	104.0	174.0	113.0	101.0	86.0	97.0	87.0	123.0	50.0	121.0	101.0	54.0	63.0	57.0	61.0	91.0	51.0	138.0	223.0	109.0	87.0	59.0	46.0	108.0	89.0	84.0	74.0	64.0	79.0	80.0	58.0	57.0	39.0	63.0
alpha_rarefaction_3007_8.txt	3007	8	66.0	72.0	175.0	42.0	210.0	109.0	115.0	98.0	117.0	182.0	97.0	160.0	130.0	110.0	74.0	97.0	115.0	169.0	209.0	254.0	58.0	102.0	88.0	95.0	152.0	75.0	160.0	188.0	162.0	77.0	207.0	126.0	98.0	194.0	239.0	69.0	71.0	112.0	139.0	101.0	117.0	87.0	91.0	104.0	182.0	95.0	150.0	93.0	111.0	105.0	184.0	134.0	167.0	118.0	89.0	125.0	105.0	175.0	117.0	104.0	77.0	108.0	80.0	114.0	52.0	126.0	100.0	61.0	50.0	51.0	62.0	90.0	58.0	145.0	225.0	109.0	86.0	65.0	58.0	110.0	106.0	90.0	69.0	69.0	69.0	80.0	64.0	66.0	39.0	63.0
alpha_rarefaction_3007_9.txt	3007	9	72.0	76.0	170.0	45.0	206.0	97.0	109.0	88.0	103.0	162.0	93.0	166.0	122.0	101.0	74.0	92.0	115.0	170.0	209.0	268.0	51.0	113.0	78.0	102.0	148.0	77.0	144.0	210.0	153.0	80.0	180.0	121.0	98.0	203.0	222.0	57.0	67.0	109.0	141.0	104.0	115.0	106.0	89.0	112.0	178.0	96.0	142.0	102.0	123.0	90.0	183.0	138.0	165.0	119.0	90.0	132.0	92.0	175.0	109.0	107.0	72.0	87.0	79.0	110.0	58.0	121.0	97.0	65.0	59.0	56.0	57.0	89.0	43.0	144.0	232.0	112.0	88.0	60.0	50.0	107.0	86.0	84.0	71.0	64.0	73.0	72.0	57.0	51.0	40.0	53.0
alpha_rarefaction_4006_0.txt	4006	0	93.0	89.0	221.0	49.0	256.0	122.0	128.0	102.0	121.0	209.0	118.0	206.0	150.0	125.0	86.0	97.0	121.0	199.0	212.0	283.0	59.0	114.0	103.0	109.0	172.0	67.0	174.0	240.0	189.0	85.0	203.0	143.0	116.0	216.0	277.0	70.0	69.0	144.0	172.0	112.0	146.0	112.0	107.0	134.0	231.0	104.0	163.0	111.0	131.0	118.0	228.0	153.0	184.0	129.0	110.0	149.0	112.0	205.0	115.0	116.0	92.0	117.0	92.0	142.0	59.0	145.0	121.0	71.0	69.0	73.0	60.0	92.0	65.0	163.0	278.0	129.0	102.0	67.0	65.0	114.0	106.0	99.0	80.0	73.0	87.0	88.0	71.0	64.0	44.0	69.0
alpha_rarefaction_4006_1.txt	4006	1	83.0	92.0	202.0	51.0	241.0	124.0	124.0	110.0	113.0	198.0	112.0	206.0	153.0	126.0	96.0	95.0	117.0	189.0	225.0	281.0	70.0	109.0	88.0	113.0	163.0	78.0	186.0	229.0	194.0	86.0	195.0	126.0	99.0	230.0	260.0	82.0	84.0	133.0	160.0	110.0	139.0	122.0	103.0	124.0	224.0	115.0	160.0	106.0	132.0	109.0	226.0	161.0	181.0	129.0	99.0	144.0	112.0	200.0	129.0	135.0	107.0	114.0	101.0	142.0	61.0	132.0	113.0	59.0	77.0	55.0	68.0	88.0	71.0	169.0	281.0	131.0	98.0	76.0	70.0	116.0	109.0	98.0	73.0	80.0	87.0	91.0	65.0	65.0	40.0	70.0
alpha_rarefaction_4006_2.txt	4006	2	80.0	88.0	211.0	42.0	259.0	131.0	116.0	107.0	121.0	199.0	103.0	208.0	165.0	117.0	94.0	103.0	111.0	192.0	217.0	287.0	67.0	114.0	99.0	103.0	167.0	78.0	180.0	246.0	190.0	92.0	197.0	136.0	110.0	223.0	276.0	74.0	78.0	138.0	170.0	114.0	154.0	120.0	94.0	122.0	201.0	117.0	161.0	111.0	132.0	119.0	229.0	158.0	177.0	128.0	101.0	140.0	107.0	203.0	129.0	115.0	102.0	106.0	95.0	146.0	60.0	155.0	111.0	75.0	77.0	73.0	65.0	95.0	68.0	168.0	246.0	133.0	99.0	71.0	61.0	118.0	109.0	97.0	85.0	67.0	95.0	86.0	75.0	64.0	45.0	66.0
alpha_rarefaction_4006_3.txt	4006	3	85.0	87.0	207.0	44.0	235.0	125.0	116.0	117.0	121.0	211.0	133.0	211.0	165.0	125.0	92.0	105.0	109.0	195.0	236.0	284.0	64.0	121.0	103.0	110.0	168.0	71.0	183.0	223.0	193.0	85.0	218.0	134.0	112.0	206.0	282.0	68.0	76.0	130.0	159.0	116.0	145.0	124.0	101.0	111.0	213.0	103.0	152.0	116.0	128.0	120.0	237.0	160.0	189.0	124.0	116.0	146.0	111.0	191.0	116.0	125.0	107.0	106.0	91.0	134.0	62.0	149.0	114.0	62.0	59.0	64.0	73.0	98.0	63.0	159.0	258.0	128.0	100.0	75.0	66.0	119.0	112.0	105.0	85.0	76.0	74.0	85.0	69.0	62.0	41.0	81.0
alpha_rarefaction_4006_4.txt	4006	4	78.0	105.0	209.0	45.0	220.0	124.0	119.0	115.0	107.0	182.0	108.0	179.0	151.0	123.0	95.0	109.0	109.0	190.0	221.0	282.0	73.0	109.0	103.0	115.0	181.0	75.0	166.0	251.0	192.0	80.0	203.0	143.0	103.0	239.0	277.0	78.0	67.0	131.0	165.0	107.0	146.0	122.0	105.0	120.0	218.0	112.0	170.0	104.0	126.0	111.0	221.0	163.0	169.0	113.0	101.0	158.0	114.0	188.0	119.0	116.0	105.0	109.0	103.0	141.0	64.0	149.0	123.0	75.0	69.0	56.0	77.0	94.0	69.0	163.0	264.0	132.0	94.0	67.0	60.0	121.0	115.0	100.0	89.0	83.0	87.0	89.0	69.0	62.0	47.0	68.0
alpha_rarefaction_4006_5.txt	4006	5	89.0	91.0	203.0	51.0	239.0	114.0	119.0	111.0	118.0	203.0	109.0	184.0	150.0	127.0	93.0	97.0	120.0	190.0	231.0	290.0	67.0	115.0	102.0	102.0	176.0	64.0	175.0	232.0	185.0	92.0	212.0	134.0	113.0	224.0	292.0	67.0	74.0	134.0	164.0	116.0	142.0	108.0	105.0	109.0	204.0	122.0	182.0	108.0	134.0	121.0	243.0	157.0	176.0	135.0	101.0	161.0	109.0	197.0	128.0	122.0	106.0	103.0	87.0	146.0	59.0	146.0	115.0	64.0	63.0	67.0	62.0	98.0	67.0	154.0	251.0	129.0	96.0	76.0	61.0	124.0	113.0	97.0	76.0	77.0	89.0	88.0	72.0	74.0	40.0	73.0
alpha_rarefaction_4006_6.txt	4006	6	72.0	97.0	194.0	45.0	257.0	117.0	116.0	111.0	109.0	201.0	97.0	211.0	153.0	122.0	91.0	105.0	129.0	193.0	241.0	286.0	70.0	119.0	102.0	110.0	159.0	73.0	177.0	228.0	173.0	71.0	196.0	142.0	103.0	223.0	264.0	64.0	81.0	126.0	161.0	121.0	144.0	135.0	108.0	117.0	207.0	104.0	177.0	107.0	124.0	105.0	224.0	167.0	175.0	124.0	104.0	140.0	128.0	189.0	129.0	120.0	110.0	117.0	97.0	151.0	61.0	151.0	111.0	70.0	62.0	64.0	68.0	101.0	64.0	170.0	264.0	128.0	105.0	78.0	65.0	122.0	112.0	105.0	75.0	82.0	91.0	90.0	63.0	60.0	47.0	69.0
alpha_rarefaction_4006_7.txt	4006	7	78.0	96.0	211.0	51.0	252.0	115.0	118.0	112.0	115.0	191.0	87.0	201.0	141.0	134.0	74.0	105.0	116.0	192.0	248.0	278.0	66.0	124.0	107.0	106.0	161.0	74.0	180.0	247.0	194.0	81.0	219.0	138.0	105.0	216.0	273.0	70.0	73.0	124.0	176.0	106.0	138.0	123.0	111.0	125.0	209.0	122.0	160.0	103.0	127.0	108.0	204.0	156.0	179.0	132.0	107.0	148.0	110.0	191.0	136.0	121.0	104.0	120.0	95.0	141.0	63.0	154.0	108.0	64.0	79.0	58.0	65.0	104.0	67.0	171.0	252.0	128.0	98.0	67.0	67.0	127.0	97.0	100.0	77.0	70.0	84.0	90.0	66.0	66.0	50.0	62.0
alpha_rarefaction_4006_8.txt	4006	8	82.0	95.0	200.0	50.0	235.0	121.0	117.0	116.0	119.0	199.0	112.0	189.0	157.0	123.0	89.0	104.0	125.0	191.0	259.0	302.0	56.0	119.0	103.0	113.0	179.0	75.0	183.0	226.0	181.0	78.0	216.0	136.0	113.0	242.0	264.0	73.0	79.0	132.0	166.0	103.0	150.0	118.0	97.0	107.0	191.0	131.0	169.0	112.0	135.0	119.0	220.0	151.0	178.0	142.0	104.0	152.0	107.0	209.0	128.0	116.0	102.0	114.0	96.0	150.0	67.0	138.0	117.0	71.0	63.0	61.0	69.0	97.0	71.0	163.0	256.0	131.0	102.0	69.0	64.0	127.0	110.0	108.0	78.0	74.0	84.0	81.0	66.0	67.0	46.0	69.0
alpha_rarefaction_4006_9.txt	4006	9	86.0	78.0	195.0	48.0	244.0	127.0	110.0	104.0	126.0	193.0	114.0	214.0	145.0	125.0	88.0	105.0	118.0	205.0	238.0	288.0	67.0	122.0	102.0	112.0	165.0	77.0	172.0	251.0	187.0	82.0	191.0	145.0	104.0	219.0	271.0	69.0	82.0	123.0	176.0	99.0	148.0	114.0	101.0	121.0	196.0	108.0	164.0	113.0	128.0	115.0	224.0	154.0	193.0	145.0	98.0	145.0	103.0	189.0	124.0	123.0	100.0	117.0	88.0	148.0	65.0	147.0	111.0	66.0	72.0	61.0	76.0	100.0	64.0	163.0	255.0	127.0	99.0	65.0	65.0	116.0	114.0	94.0	75.0	74.0	89.0	87.0	72.0	64.0	39.0	66.0
alpha_rarefaction_5005_0.txt	5005	0	94.0	107.0	215.0	54.0	281.0	124.0	141.0	122.0	120.0	210.0	114.0	231.0	170.0	140.0	101.0	120.0	143.0	228.0	275.0	324.0	76.0	129.0	123.0	114.0	189.0	81.0	203.0	258.0	209.0	90.0	230.0	166.0	126.0	260.0	296.0	83.0	93.0	148.0	172.0	126.0	172.0	116.0	115.0	120.0	238.0	124.0	170.0	118.0	139.0	139.0	250.0	173.0	205.0	148.0	110.0	161.0	116.0	230.0	131.0	129.0	107.0	132.0	107.0	158.0	74.0	160.0	119.0	78.0	75.0	65.0	80.0	111.0	71.0	178.0	292.0	136.0	101.0	84.0	66.0	123.0	104.0	115.0	101.0	72.0	100.0	107.0	75.0	74.0	50.0	83.0
alpha_rarefaction_5005_1.txt	5005	1	84.0	99.0	222.0	53.0	279.0	130.0	138.0	104.0	144.0	223.0	131.0	222.0	173.0	128.0	104.0	127.0	131.0	200.0	259.0	304.0	78.0	148.0	122.0	124.0	195.0	80.0	205.0	254.0	211.0	88.0	220.0	148.0	120.0	250.0	285.0	84.0	91.0	160.0	189.0	126.0	162.0	127.0	112.0	130.0	235.0	138.0	179.0	127.0	158.0	128.0	260.0	172.0	198.0	151.0	127.0	158.0	122.0	209.0	142.0	136.0	115.0	132.0	114.0	163.0	70.0	175.0	118.0	83.0	76.0	73.0	76.0	115.0	81.0	187.0	279.0	136.0	102.0	80.0	76.0	132.0	131.0	108.0	84.0	82.0	99.0	88.0	76.0	76.0	49.0	77.0
alpha_rarefaction_5005_2.txt	5005	2	92.0	103.0	228.0	52.0	273.0	144.0	136.0	113.0	121.0	216.0	121.0	234.0	169.0	149.0	92.0	109.0	123.0	222.0	266.0	336.0	74.0	132.0	109.0	120.0	179.0	80.0	205.0	268.0	203.0	96.0	236.0	145.0	142.0	257.0	304.0	87.0	84.0	138.0	170.0	135.0	152.0	121.0	122.0	132.0	230.0	135.0	188.0	136.0	141.0	127.0	262.0	171.0	209.0	151.0	124.0	170.0	128.0	215.0	136.0	132.0	116.0	132.0	112.0	143.0	69.0	167.0	107.0	81.0	75.0	68.0	80.0	114.0	69.0	190.0	269.0	151.0	109.0	82.0	71.0	150.0	119.0	109.0	88.0	89.0	92.0	93.0	74.0	69.0	44.0	78.0
alpha_rarefaction_5005_3.txt	5005	3	90.0	104.0	229.0	56.0	268.0	123.0	138.0	121.0	130.0	223.0	128.0	230.0	165.0	135.0	102.0	120.0	134.0	219.0	267.0	308.0	76.0	132.0	110.0	125.0	192.0	90.0	204.0	268.0	206.0	99.0	236.0	150.0	129.0	248.0	299.0	83.0	93.0	148.0	186.0	118.0	154.0	125.0	116.0	131.0	243.0	127.0	185.0	130.0	141.0	139.0	256.0	170.0	211.0	148.0	132.0	168.0	120.0	203.0	139.0	127.0	111.0	130.0	98.0	162.0	74.0	173.0	133.0	81.0	73.0	72.0	84.0	109.0	77.0	190.0	297.0	135.0	99.0	81.0	68.0	129.0	125.0	100.0	97.0	86.0	87.0	99.0	73.0	70.0	47.0	81.0
alpha_rarefaction_5005_4.txt	5005	4	95.0	107.0	239.0	51.0	280.0	124.0	138.0	119.0	129.0	232.0	118.0	220.0	183.0	140.0	107.0	105.0	142.0	230.0	259.0	322.0	75.0	128.0	109.0	121.0	192.0	80.0	199.0	279.0	197.0	96.0	224.0	159.0	113.0	260.0	310.0	81.0	94.0	140.0	192.0	122.0	160.0	123.0	119.0	122.0	224.0	135.0	188.0	126.0	146.0	129.0	241.0	178.0	214.0	146.0	114.0	170.0	126.0	220.0	148.0	135.0	108.0	115.0	110.0	150.0	66.0	164.0	130.0	79.0	65.0	63.0	83.0	113.0	84.0	172.0	307.0	147.0	97.0	80.0	72.0	136.0	131.0	109.0	90.0	87.0	96.0	93.0	73.0	73.0	47.0	78.0
alpha_rarefaction_5005_5.txt	5005	5	90.0	111.0	224.0	50.0	269.0	133.0	122.0	129.0	119.0	231.0	113.0	237.0	165.0	151.0	96.0	124.0	141.0	229.0	265.0	326.0	69.0	137.0	119.0	111.0	183.0	84.0	189.0	280.0	214.0	93.0	237.0	149.0	127.0	251.0	310.0	83.0	85.0	145.0	186.0	129.0	168.0	131.0	119.0	124.0	239.0	121.0	186.0	130.0	151.0	133.0	250.0	177.0	188.0	141.0	111.0	156.0	126.0	230.0	135.0	122.0	100.0	133.0	107.0	150.0	69.0	160.0	128.0	77.0	78.0	63.0	80.0	111.0	74.0	190.0	288.0	140.0	110.0	76.0	73.0	128.0	126.0	114.0	89.0	82.0	89.0	96.0	88.0	70.0	39.0	76.0
alpha_rarefaction_5005_6.txt	5005	6	88.0	102.0	221.0	47.0	271.0	129.0	146.0	115.0	136.0	238.0	127.0	234.0	168.0	151.0	94.0	128.0	150.0	205.0	257.0	326.0	77.0	132.0	109.0	118.0	208.0	81.0	197.0	251.0	211.0	102.0	228.0	154.0	129.0	245.0	304.0	82.0	95.0	135.0	185.0	123.0	150.0	128.0	125.0	131.0	226.0	134.0	189.0	128.0	155.0	126.0	249.0	174.0	206.0	149.0	119.0	155.0	120.0	210.0	139.0	118.0	104.0	123.0	105.0	158.0	69.0	159.0	122.0	83.0	83.0	73.0	62.0	112.0	70.0	170.0	294.0	131.0	97.0	75.0	78.0	129.0	123.0	122.0	82.0	86.0	93.0	95.0	79.0	74.0	50.0	82.0
alpha_rarefaction_5005_7.txt	5005	7	91.0	106.0	221.0	53.0	275.0	135.0	134.0	110.0	138.0	216.0	123.0	215.0	184.0	154.0	97.0	127.0	137.0	220.0	260.0	309.0	73.0	135.0	113.0	121.0	178.0	83.0	206.0	264.0	206.0	89.0	231.0	147.0	116.0	248.0	290.0	80.0	91.0	135.0	188.0	124.0	158.0	130.0	120.0	139.0	245.0	140.0	180.0	116.0	152.0	122.0	241.0	168.0	203.0	149.0	121.0	158.0	128.0	227.0	146.0	134.0	112.0	119.0	103.0	158.0	63.0	157.0	125.0	76.0	80.0	74.0	78.0	104.0	75.0	176.0	300.0	144.0	109.0	72.0	69.0	139.0	114.0	104.0	95.0	81.0	95.0	97.0	75.0	71.0	44.0	77.0
alpha_rarefaction_5005_8.txt	5005	8	96.0	103.0	226.0	53.0	265.0	140.0	149.0	118.0	129.0	224.0	115.0	230.0	166.0	143.0	93.0	120.0	123.0	223.0	281.0	334.0	77.0	144.0	122.0	126.0	203.0	82.0	202.0	263.0	210.0	95.0	222.0	154.0	120.0	246.0	292.0	76.0	87.0	133.0	184.0	121.0	164.0	127.0	122.0	135.0	229.0	122.0	178.0	114.0	157.0	118.0	246.0	169.0	203.0	145.0	115.0	159.0	120.0	228.0	143.0	131.0	101.0	139.0	112.0	163.0	63.0	177.0	123.0	77.0	80.0	70.0	75.0	112.0	75.0	178.0	291.0	153.0	110.0	81.0	67.0	128.0	126.0	112.0	89.0	84.0	90.0	98.0	82.0	72.0	57.0	88.0
alpha_rarefaction_5005_9.txt	5005	9	96.0	107.0	231.0	56.0	276.0	146.0	124.0	117.0	123.0	200.0	123.0	196.0	177.0	141.0	103.0	94.0	142.0	207.0	260.0	345.0	62.0	126.0	122.0	124.0	190.0	81.0	204.0	268.0	201.0	94.0	240.0	150.0	116.0	253.0	302.0	76.0	88.0	138.0	184.0	108.0	157.0	136.0	122.0	137.0	241.0	117.0	180.0	127.0	149.0	122.0	239.0	179.0	209.0	140.0	134.0	169.0	136.0	216.0	144.0	133.0	107.0	130.0	111.0	151.0	68.0	171.0	129.0	74.0	73.0	72.0	77.0	121.0	78.0	186.0	283.0	141.0	103.0	81.0	72.0	130.0	123.0	106.0	79.0	83.0	88.0	96.0	84.0	86.0	54.0	66.0
alpha_rarefaction_6004_0.txt	6004	0	90.0	128.0	244.0	53.0	316.0	139.0	153.0	129.0	146.0	263.0	151.0	250.0	181.0	159.0	107.0	133.0	141.0	228.0	276.0	342.0	74.0	148.0	117.0	143.0	211.0	94.0	221.0	290.0	220.0	105.0	240.0	170.0	128.0	290.0	338.0	93.0	94.0	157.0	207.0	132.0	168.0	137.0	133.0	147.0	253.0	128.0	192.0	140.0	161.0	137.0	261.0	184.0	225.0	156.0	130.0	194.0	139.0	247.0	141.0	133.0	122.0	142.0	116.0	179.0	70.0	187.0	131.0	95.0	77.0	76.0	78.0	128.0	82.0	199.0	322.0	147.0	124.0	92.0	77.0	150.0	146.0	124.0	93.0	96.0	112.0	106.0	91.0	82.0	57.0	83.0
alpha_rarefaction_6004_1.txt	6004	1	108.0	108.0	243.0	54.0	290.0	149.0	145.0	133.0	143.0	260.0	140.0	259.0	193.0	165.0	104.0	120.0	142.0	245.0	296.0	358.0	87.0	157.0	119.0	127.0	209.0	94.0	227.0	263.0	236.0	114.0	256.0	182.0	133.0	280.0	341.0	84.0	109.0	160.0	213.0	121.0	171.0	152.0	136.0	149.0	249.0	141.0	198.0	146.0	156.0	144.0	284.0	188.0	215.0	160.0	128.0	183.0	134.0	231.0	153.0	141.0	116.0	135.0	101.0	171.0	72.0	192.0	132.0	94.0	85.0	72.0	89.0	121.0	81.0	185.0	319.0	153.0	119.0	91.0	76.0	146.0	129.0	122.0	98.0	94.0	128.0	108.0	84.0	84.0	49.0	85.0
alpha_rarefaction_6004_2.txt	6004	2	100.0	120.0	247.0	57.0	309.0	153.0	146.0	132.0	143.0	241.0	133.0	240.0	177.0	145.0	102.0	131.0	138.0	216.0	296.0	352.0	73.0	145.0	124.0	137.0	214.0	96.0	203.0	306.0	225.0	100.0	266.0	166.0	128.0	283.0	327.0	78.0	94.0	159.0	206.0	140.0	174.0	149.0	124.0	133.0	268.0	135.0	204.0	132.0	156.0	130.0	288.0	196.0	211.0	163.0	129.0	185.0	133.0	249.0	155.0	140.0	127.0	139.0	118.0	174.0	79.0	176.0	135.0	87.0	77.0	78.0	82.0	123.0	75.0	204.0	337.0	153.0	104.0	85.0	77.0	154.0	135.0	125.0	99.0	99.0	106.0	109.0	87.0	77.0	54.0	85.0
alpha_rarefaction_6004_3.txt	6004	3	112.0	105.0	235.0	60.0	307.0	137.0	149.0	120.0	136.0	243.0	140.0	264.0	187.0	151.0	115.0	131.0	157.0	232.0	293.0	344.0	86.0	156.0	131.0	140.0	213.0	88.0	217.0	289.0	216.0	95.0	258.0	155.0	124.0	275.0	327.0	81.0	102.0	153.0	193.0	144.0	172.0	133.0	119.0	145.0	251.0	150.0	193.0	133.0	158.0	130.0	267.0	191.0	215.0	156.0	121.0	183.0	147.0	260.0	153.0	136.0	124.0	132.0	104.0	182.0	69.0	173.0	131.0	83.0	88.0	79.0	100.0	124.0	81.0	198.0	320.0	158.0	115.0	91.0	77.0	149.0	145.0	128.0	106.0	107.0	110.0	118.0	96.0	76.0	45.0	86.0
alpha_rarefaction_6004_4.txt	6004	4	102.0	110.0	238.0	61.0	287.0	149.0	147.0	131.0	137.0	260.0	137.0	250.0	178.0	153.0	111.0	124.0	142.0	245.0	272.0	356.0	76.0	141.0	122.0	125.0	192.0	92.0	200.0	289.0	224.0	98.0	261.0	171.0	124.0	282.0	337.0	92.0	91.0	160.0	207.0	141.0	169.0	135.0	117.0	140.0	263.0	128.0	202.0	141.0	156.0	148.0	253.0	197.0	215.0	154.0	129.0	177.0	132.0	247.0	158.0	141.0	119.0	143.0	109.0	161.0	68.0	162.0	144.0	88.0	87.0	71.0	82.0	121.0	70.0	188.0	315.0	150.0	104.0	85.0	85.0	150.0	127.0	124.0	101.0	96.0	111.0	107.0	86.0	74.0	51.0	82.0
alpha_rarefaction_6004_5.txt	6004	5	104.0	118.0	232.0	59.0	288.0	147.0	134.0	128.0	143.0	256.0	139.0	245.0	187.0	159.0	103.0	126.0	153.0	253.0	272.0	366.0	82.0	151.0	113.0	125.0	202.0	100.0	213.0	295.0	233.0	89.0	268.0	153.0	129.0	276.0	353.0	84.0	88.0	171.0	205.0	129.0	165.0	148.0	129.0	154.0	283.0	130.0	199.0	123.0	155.0	136.0	272.0	187.0	219.0	158.0	145.0	177.0	129.0	239.0	151.0	157.0	130.0	152.0	113.0	171.0	70.0	182.0	132.0	78.0	89.0	75.0	89.0	113.0	75.0	205.0	339.0	156.0	118.0	92.0	78.0	150.0	143.0	119.0	95.0	95.0	105.0	108.0	78.0	75.0	49.0	83.0
alpha_rarefaction_6004_6.txt	6004	6	98.0	114.0	245.0	54.0	308.0	139.0	152.0	124.0	159.0	249.0	125.0	257.0	179.0	158.0	114.0	119.0	162.0	238.0	297.0	350.0	79.0	142.0	124.0	113.0	191.0	94.0	212.0	287.0	227.0	105.0	275.0	165.0	133.0	282.0	334.0	96.0	94.0	153.0	197.0	139.0	166.0	128.0	127.0	137.0	277.0	131.0	210.0	159.0	173.0	129.0	276.0	193.0	217.0	163.0	123.0	186.0	143.0	246.0	151.0	139.0	116.0	150.0	113.0	156.0	77.0	177.0	129.0	82.0	74.0	83.0	87.0	121.0	80.0	196.0	311.0	161.0	115.0	90.0	76.0	148.0	132.0	110.0	102.0	97.0	98.0	104.0	80.0	76.0	56.0	86.0
alpha_rarefaction_6004_7.txt	6004	7	96.0	123.0	237.0	54.0	288.0	150.0	140.0	140.0	145.0	251.0	135.0	241.0	179.0	154.0	109.0	127.0	145.0	235.0	274.0	340.0	81.0	139.0	130.0	143.0	198.0	99.0	214.0	281.0	223.0	111.0	257.0	177.0	131.0	279.0	314.0	89.0	95.0	160.0	194.0	136.0	176.0	145.0	137.0	141.0	243.0	136.0	195.0	145.0	157.0	139.0	269.0	197.0	219.0	161.0	125.0	180.0	139.0	260.0	155.0	145.0	100.0	137.0	127.0	172.0	75.0	182.0	145.0	80.0	92.0	72.0	85.0	120.0	85.0	183.0	299.0	153.0	119.0	90.0	75.0	155.0	141.0	114.0	107.0	94.0	98.0	117.0	86.0	80.0	56.0	82.0
alpha_rarefaction_6004_8.txt	6004	8	104.0	116.0	235.0	53.0	284.0	154.0	144.0	118.0	135.0	232.0	123.0	257.0	193.0	153.0	100.0	116.0	152.0	246.0	286.0	356.0	69.0	141.0	124.0	131.0	201.0	97.0	217.0	287.0	213.0	108.0	262.0	170.0	135.0	301.0	322.0	91.0	103.0	155.0	199.0	138.0	166.0	157.0	132.0	145.0	243.0	140.0	197.0	128.0	159.0	130.0	276.0	197.0	223.0	174.0	132.0	185.0	133.0	239.0	153.0	144.0	111.0	140.0	109.0	165.0	73.0	171.0	128.0	85.0	91.0	78.0	92.0	134.0	85.0	187.0	319.0	151.0	114.0	83.0	86.0	154.0	137.0	117.0	99.0	100.0	108.0	114.0	85.0	92.0	56.0	95.0
alpha_rarefaction_6004_9.txt	6004	9	100.0	99.0	241.0	49.0	294.0	150.0	147.0	131.0	148.0	262.0	129.0	260.0	165.0	151.0	107.0	129.0	163.0	237.0	304.0	363.0	81.0	149.0	131.0	118.0	199.0	95.0	209.0	289.0	239.0	102.0	246.0	166.0	126.0	286.0	332.0	97.0	96.0	159.0	199.0	123.0	172.0	142.0	123.0	152.0	258.0	136.0	188.0	124.0	156.0	123.0	272.0	178.0	224.0	150.0	123.0	187.0	149.0	264.0	155.0	152.0	115.0	140.0	123.0	171.0	73.0	170.0	134.0	80.0	82.0	75.0	84.0	119.0	78.0	194.0	314.0	149.0	114.0	84.0	76.0	152.0	137.0	117.0	98.0	86.0	107.0	113.0	83.0	92.0	49.0	89.0
alpha_rarefaction_7003_0.txt	7003	0	108.0	127.0	273.0	65.0	306.0	160.0	166.0	136.0	150.0	293.0	155.0	247.0	202.0	176.0	113.0	136.0	152.0	254.0	307.0	380.0	95.0	162.0	127.0	132.0	209.0	99.0	241.0	304.0	243.0	117.0	267.0	185.0	137.0	303.0	363.0	89.0	113.0	160.0	217.0	153.0	185.0	141.0	133.0	157.0	257.0	145.0	215.0	142.0	170.0	144.0	290.0	211.0	240.0	168.0	137.0	189.0	143.0	268.0	173.0	151.0	129.0	152.0	129.0	184.0	74.0	201.0	141.0	83.0	91.0	83.0	101.0	132.0	83.0	208.0	357.0	166.0	120.0	101.0	87.0	145.0	125.0	121.0	105.0	98.0	117.0	118.0	96.0	89.0	58.0	92.0
alpha_rarefaction_7003_1.txt	7003	1	103.0	101.0	251.0	60.0	318.0	156.0	154.0	143.0	155.0	275.0	154.0	286.0	205.0	163.0	117.0	132.0	175.0	265.0	302.0	367.0	85.0	166.0	140.0	158.0	229.0	98.0	219.0	308.0	265.0	130.0	267.0	174.0	143.0	293.0	358.0	84.0	109.0	170.0	222.0	149.0	173.0	151.0	143.0	160.0	256.0	164.0	206.0	144.0	166.0	140.0	280.0	206.0	234.0	175.0	139.0	184.0	141.0	262.0	160.0	149.0	127.0	156.0	121.0	192.0	80.0	221.0	145.0	96.0	90.0	80.0	91.0	132.0	83.0	209.0	346.0	170.0	125.0	86.0	82.0	159.0	142.0	142.0	112.0	109.0	111.0	116.0	99.0	89.0	65.0	92.0
alpha_rarefaction_7003_2.txt	7003	2	116.0	112.0	259.0	61.0	310.0	157.0	164.0	134.0	157.0	268.0	142.0	280.0	184.0	173.0	106.0	136.0	159.0	274.0	298.0	385.0	85.0	157.0	127.0	146.0	222.0	92.0	216.0	315.0	264.0	109.0	274.0	166.0	146.0	286.0	363.0	92.0	109.0	175.0	221.0	135.0	170.0	155.0	145.0	152.0	271.0	147.0	229.0	142.0	179.0	154.0	300.0	201.0	227.0	170.0	139.0	182.0	134.0	264.0	158.0	159.0	138.0	139.0	121.0	187.0	74.0	197.0	149.0	90.0	94.0	89.0	89.0	130.0	80.0	216.0	332.0	175.0	129.0	98.0	86.0	154.0	155.0	139.0	111.0	96.0	119.0	117.0	90.0	93.0	54.0	99.0
alpha_rarefaction_7003_3.txt	7003	3	118.0	128.0	277.0	60.0	290.0	166.0	154.0	136.0	158.0	275.0	147.0	256.0	197.0	164.0	115.0	144.0	164.0	257.0	310.0	378.0	94.0	153.0	138.0	144.0	239.0	95.0	247.0	310.0	247.0	113.0	287.0	181.0	152.0	305.0	353.0	98.0	99.0	156.0	245.0	153.0	183.0	154.0	132.0	168.0	287.0	149.0	216.0	151.0	168.0	140.0	285.0	201.0	228.0	166.0	128.0	184.0	147.0	257.0	162.0	157.0	132.0	146.0	129.0	188.0	76.0	190.0	137.0	99.0	84.0	77.0	99.0	133.0	91.0	212.0	354.0	153.0	129.0	92.0	85.0	162.0	136.0	136.0	105.0	105.0	106.0	117.0	99.0	88.0	67.0	86.0
alpha_rarefaction_7003_4.txt	7003	4	104.0	120.0	274.0	58.0	332.0	167.0	159.0	131.0	150.0	269.0	146.0	262.0	211.0	155.0	112.0	140.0	169.0	261.0	316.0	378.0	87.0	162.0	122.0	150.0	225.0	103.0	240.0	305.0	233.0	110.0	288.0	171.0	147.0	292.0	352.0	98.0	106.0	149.0	218.0	153.0	190.0	155.0	140.0	158.0	259.0	131.0	229.0	131.0	170.0	134.0	281.0	200.0	231.0	177.0	132.0	190.0	140.0	267.0	167.0	145.0	122.0	157.0	124.0	180.0	82.0	188.0	161.0	94.0	87.0	79.0	98.0	122.0	78.0	210.0	341.0	157.0	126.0	87.0	85.0	147.0	146.0	132.0	100.0	103.0	107.0	120.0	97.0	82.0	58.0	86.0
alpha_rarefaction_7003_5.txt	7003	5	117.0	128.0	258.0	64.0	319.0	146.0	162.0	129.0	152.0	267.0	154.0	280.0	184.0	167.0	112.0	137.0	162.0	258.0	315.0	370.0	90.0	155.0	146.0	130.0	224.0	102.0	233.0	305.0	244.0	122.0	287.0	164.0	146.0	322.0	360.0	90.0	107.0	177.0	210.0	147.0	181.0	142.0	122.0	158.0	262.0	146.0	224.0	140.0	175.0	143.0	295.0	210.0	227.0	179.0	131.0	178.0	143.0	264.0	176.0	139.0	125.0	144.0	128.0	190.0	84.0	213.0	151.0	97.0	89.0	83.0	98.0	138.0	91.0	211.0	349.0	167.0	122.0	97.0	86.0	156.0	140.0	140.0	112.0	104.0	100.0	115.0	91.0	87.0	55.0	89.0
alpha_rarefaction_7003_6.txt	7003	6	109.0	115.0	270.0	58.0	324.0	147.0	170.0	126.0	142.0	273.0	143.0	249.0	207.0	179.0	108.0	154.0	147.0	248.0	297.0	378.0	94.0	154.0	140.0	139.0	232.0	103.0	227.0	316.0	234.0	122.0	293.0	184.0	142.0	308.0	353.0	96.0	111.0	178.0	215.0	137.0	192.0	163.0	140.0	163.0	282.0	144.0	218.0	145.0	181.0	149.0	286.0	195.0	242.0	165.0	126.0	191.0	141.0	234.0	162.0	148.0	127.0	154.0	124.0	196.0	78.0	204.0	153.0	94.0	87.0	77.0	93.0	134.0	84.0	213.0	362.0	157.0	119.0	99.0	84.0	155.0	142.0	133.0	113.0	100.0	106.0	116.0	99.0	85.0	61.0	99.0
alpha_rarefaction_7003_7.txt	7003	7	106.0	131.0	273.0	63.0	315.0	175.0	160.0	138.0	153.0	258.0	155.0	268.0	192.0	173.0	115.0	140.0	154.0	259.0	302.0	395.0	85.0	167.0	126.0	148.0	232.0	102.0	244.0	308.0	259.0	115.0	296.0	184.0	130.0	289.0	363.0	106.0	101.0	174.0	212.0	150.0	187.0	154.0	139.0	155.0	264.0	165.0	211.0	156.0	180.0	132.0	300.0	212.0	234.0	173.0	143.0	191.0	140.0	261.0	173.0	145.0	133.0	142.0	132.0	187.0	75.0	191.0	148.0	93.0	97.0	96.0	88.0	117.0	82.0	215.0	332.0	154.0	117.0	92.0	85.0	178.0	147.0	115.0	98.0	91.0	115.0	122.0	90.0	82.0	53.0	94.0
alpha_rarefaction_7003_8.txt	7003	8	113.0	128.0	273.0	58.0	312.0	160.0	159.0	140.0	149.0	266.0	135.0	271.0	195.0	166.0	113.0	143.0	174.0	266.0	301.0	368.0	89.0	158.0	135.0	140.0	231.0	100.0	235.0	319.0	240.0	120.0	275.0	171.0	139.0	318.0	335.0	108.0	105.0	175.0	224.0	137.0	184.0	149.0	137.0	140.0	277.0	150.0	209.0	148.0	164.0	142.0	272.0	205.0	228.0	171.0	131.0	201.0	139.0	275.0	165.0	140.0	125.0	158.0	126.0	183.0	76.0	183.0	149.0	92.0	82.0	83.0	89.0	119.0	98.0	214.0	361.0	168.0	117.0	96.0	84.0	154.0	148.0	128.0	116.0	103.0	117.0	120.0	99.0	97.0	59.0	94.0
alpha_rarefaction_7003_9.txt	7003	9	98.0	128.0	256.0	62.0	329.0	152.0	163.0	136.0	154.0	272.0	154.0	275.0	198.0	171.0	117.0	138.0	158.0	260.0	300.0	365.0	88.0	176.0	127.0	142.0	221.0	101.0	228.0	324.0	243.0	106.0	288.0	178.0	143.0	306.0	370.0	95.0	100.0	179.0	224.0	138.0	186.0	158.0	140.0	152.0	277.0	158.0	215.0	160.0	177.0	146.0	293.0	206.0	228.0	176.0	139.0	198.0	139.0	278.0	162.0	142.0	129.0	143.0	128.0	193.0	73.0	196.0	158.0	90.0	83.0	82.0	94.0	137.0	82.0	216.0	341.0	158.0	123.0	95.0	93.0	156.0	145.0	132.0	101.0	91.0	120.0	123.0	93.0	87.0	58.0	90.0
alpha_rarefaction_8002_0.txt	8002	0	115.0	132.0	286.0	63.0	353.0	167.0	173.0	151.0	160.0	278.0	149.0	288.0	188.0	176.0	128.0	170.0	154.0	295.0	336.0	401.0	95.0	171.0	143.0	139.0	242.0	116.0	255.0	328.0	263.0	131.0	293.0	188.0	146.0	314.0	369.0	99.0	91.0	172.0	231.0	159.0	199.0	171.0	140.0	173.0	293.0	158.0	228.0	147.0	188.0	162.0	296.0	222.0	259.0	181.0	151.0	199.0	159.0	289.0	172.0	169.0	136.0	142.0	133.0	188.0	89.0	213.0	162.0	103.0	92.0	86.0	104.0	131.0	90.0	230.0	351.0	179.0	131.0	95.0	87.0	178.0	147.0	127.0	101.0	109.0	120.0	117.0	98.0	92.0	57.0	99.0
alpha_rarefaction_8002_1.txt	8002	1	105.0	145.0	300.0	66.0	354.0	161.0	179.0	158.0	149.0	294.0	142.0	285.0	218.0	166.0	136.0	138.0	170.0	281.0	324.0	389.0	98.0	177.0	143.0	139.0	229.0	91.0	266.0	345.0	255.0	117.0	298.0	184.0	147.0	347.0	386.0	93.0	112.0	198.0	234.0	167.0	207.0	162.0	137.0	171.0	318.0	165.0	234.0	159.0	179.0	156.0	311.0	220.0	245.0	182.0	136.0	223.0	152.0	268.0	185.0	165.0	144.0	152.0	124.0	204.0	77.0	211.0	161.0	102.0	94.0	94.0	101.0	144.0	101.0	220.0	363.0	182.0	130.0	99.0	92.0	165.0	155.0	137.0	111.0	102.0	122.0	133.0	96.0	96.0	66.0	105.0
alpha_rarefaction_8002_2.txt	8002	2	128.0	141.0	290.0	58.0	362.0	178.0	180.0	147.0	150.0	294.0	142.0	294.0	221.0	164.0	132.0	150.0	173.0	293.0	321.0	403.0	88.0	170.0	137.0	147.0	240.0	111.0	253.0	335.0	263.0	118.0	289.0	198.0	143.0	309.0	365.0	96.0	112.0	186.0	215.0	143.0	191.0	154.0	155.0	187.0	290.0	167.0	243.0	160.0	177.0	160.0	316.0	217.0	255.0	187.0	136.0	216.0	154.0	293.0	170.0	170.0	133.0	162.0	131.0	196.0	85.0	213.0	162.0	96.0	107.0	93.0	102.0	142.0	95.0	222.0	355.0	176.0	132.0	96.0	91.0	150.0	140.0	137.0	108.0	105.0	117.0	128.0	103.0	93.0	71.0	103.0
alpha_rarefaction_8002_3.txt	8002	3	119.0	132.0	290.0	62.0	345.0	164.0	177.0	140.0	168.0	283.0	154.0	300.0	217.0	172.0	116.0	154.0	167.0	278.0	331.0	411.0	85.0	177.0	140.0	138.0	262.0	107.0	247.0	336.0	269.0	113.0	318.0	199.0	145.0	308.0	371.0	94.0	98.0	191.0	226.0	155.0	194.0	159.0	145.0	162.0	293.0	156.0	228.0	159.0	199.0	152.0	313.0	223.0	248.0	189.0	142.0	213.0	141.0	278.0	165.0	170.0	143.0	151.0	138.0	211.0	86.0	203.0	149.0	103.0	93.0	78.0	96.0	142.0	97.0	224.0	371.0	179.0	139.0	103.0	85.0	159.0	163.0	137.0	115.0	102.0	128.0	131.0	100.0	97.0	68.0	106.0
alpha_rarefaction_8002_4.txt	8002	4	130.0	123.0	291.0	64.0	350.0	165.0	191.0	146.0	161.0	276.0	146.0	280.0	207.0	168.0	125.0	152.0	175.0	270.0	316.0	396.0	101.0	176.0	154.0	152.0	231.0	116.0	247.0	328.0	262.0	126.0	272.0	183.0	153.0	320.0	392.0	99.0	109.0	183.0	221.0	154.0	200.0	159.0	142.0	158.0	301.0	150.0	237.0	162.0	190.0	152.0	304.0	212.0	245.0	184.0	143.0	199.0	159.0	295.0	179.0	158.0	131.0	155.0	130.0	198.0	83.0	212.0	158.0	106.0	97.0	88.0	93.0	142.0	102.0	225.0	368.0	168.0	137.0	95.0	93.0	170.0	146.0	134.0	111.0	112.0	119.0	136.0	88.0	96.0	66.0	92.0
alpha_rarefaction_8002_5.txt	8002	5	112.0	141.0	281.0	63.0	335.0	178.0	175.0	151.0	168.0	284.0	149.0	279.0	196.0	165.0	127.0	143.0	177.0	264.0	330.0	413.0	92.0	200.0	135.0	139.0	228.0	113.0	254.0	337.0	271.0	119.0	284.0	190.0	165.0	327.0	391.0	103.0	118.0	184.0	228.0	161.0	200.0	176.0	151.0	164.0	298.0	153.0	219.0	160.0	189.0	161.0	308.0	214.0	249.0	176.0	150.0	202.0	142.0	279.0	182.0	163.0	140.0	159.0	119.0	202.0	78.0	217.0	157.0	95.0	107.0	96.0	102.0	135.0	84.0	217.0	353.0	172.0	144.0	89.0	92.0	153.0	149.0	142.0	117.0	105.0	123.0	114.0	104.0	87.0	64.0	109.0
alpha_rarefaction_8002_6.txt	8002	6	114.0	131.0	293.0	64.0	352.0	157.0	186.0	145.0	155.0	291.0	156.0	292.0	212.0	181.0	130.0	151.0	168.0	276.0	335.0	401.0	87.0	171.0	155.0	152.0	237.0	100.0	245.0	324.0	257.0	119.0	278.0	189.0	164.0	328.0	384.0	109.0	112.0	184.0	243.0	144.0	197.0	160.0	139.0	178.0	283.0	167.0	216.0	153.0	175.0	153.0	297.0	215.0	258.0	178.0	151.0	196.0	153.0	295.0	176.0	151.0	141.0	165.0	155.0	191.0	84.0	210.0	159.0	96.0	101.0	89.0	92.0	141.0	89.0	220.0	355.0	179.0	136.0	106.0	83.0	173.0	151.0	135.0	111.0	100.0	115.0	134.0	103.0	90.0	65.0	103.0
alpha_rarefaction_8002_7.txt	8002	7	108.0	137.0	267.0	68.0	328.0	177.0	172.0	138.0	170.0	278.0	151.0	299.0	209.0	183.0	125.0	148.0	167.0	277.0	335.0	396.0	96.0	169.0	144.0	147.0	239.0	105.0	237.0	331.0	278.0	123.0	293.0	183.0	159.0	317.0	370.0	96.0	101.0	169.0	228.0	160.0	194.0	168.0	146.0	158.0	285.0	159.0	220.0	153.0	183.0	161.0	316.0	215.0	262.0	190.0	149.0	208.0	141.0	280.0	166.0	177.0	133.0	164.0	132.0	194.0	83.0	212.0	159.0	99.0	99.0	91.0	100.0	137.0	93.0	225.0	365.0	171.0	126.0	94.0	90.0	171.0	149.0	129.0	123.0	105.0	107.0	131.0	102.0	83.0	63.0	105.0
alpha_rarefaction_8002_8.txt	8002	8	115.0	136.0	292.0	65.0	325.0	188.0	171.0	151.0	168.0	280.0	158.0	277.0	231.0	181.0	129.0	153.0	162.0	295.0	316.0	417.0	92.0	187.0	140.0	137.0	237.0	114.0	248.0	315.0	268.0	120.0	294.0	185.0	154.0	341.0	385.0	102.0	114.0	184.0	218.0	157.0	197.0	167.0	158.0	166.0	280.0	139.0	229.0	173.0	191.0	160.0	317.0	217.0	247.0	181.0	147.0	194.0	168.0	292.0	187.0	155.0	137.0	162.0	129.0	198.0	87.0	204.0	160.0	99.0	99.0	95.0	100.0	143.0	100.0	231.0	356.0	179.0	137.0	101.0	85.0	189.0	161.0	142.0	121.0	110.0	129.0	135.0	108.0	96.0	65.0	102.0
alpha_rarefaction_8002_9.txt	8002	9	118.0	143.0	283.0	63.0	360.0	170.0	157.0	144.0	159.0	298.0	134.0	286.0	198.0	183.0	119.0	144.0	164.0	270.0	341.0	399.0	97.0	152.0	134.0	157.0	240.0	98.0	250.0	356.0	267.0	126.0	299.0	178.0	161.0	314.0	366.0	107.0	111.0	180.0	230.0	167.0	182.0	160.0	144.0	176.0	280.0	168.0	236.0	132.0	199.0	165.0	307.0	212.0	240.0	167.0	157.0	215.0	152.0	280.0	174.0	161.0	128.0	161.0	131.0	201.0	86.0	222.0	152.0	105.0	92.0	96.0	105.0	129.0	93.0	219.0	355.0	174.0	141.0	100.0	94.0	162.0	154.0	139.0	114.0	106.0	118.0	132.0	101.0	89.0	68.0	100.0
alpha_rarefaction_9001_0.txt	9001	0	136.0	138.0	307.0	68.0	382.0	172.0	185.0	165.0	186.0	292.0	163.0	304.0	241.0	216.0	125.0	156.0	181.0	289.0	350.0	425.0	91.0	175.0	147.0	163.0	259.0	105.0	272.0	335.0	277.0	126.0	312.0	206.0	151.0	322.0	412.0	94.0	121.0	190.0	252.0	159.0	192.0	174.0	153.0	166.0	311.0	162.0	237.0	167.0	189.0	170.0	332.0	231.0	260.0	198.0	151.0	225.0	169.0	296.0	176.0	165.0	140.0	178.0	141.0	212.0	91.0	216.0	168.0	111.0	105.0	107.0	118.0	133.0	104.0	234.0	382.0	177.0	139.0	106.0	94.0	174.0	163.0	145.0	128.0	110.0	129.0	122.0	96.0	100.0	67.0	113.0
alpha_rarefaction_9001_1.txt	9001	1	129.0	143.0	309.0	68.0	365.0	167.0	175.0	150.0	171.0	312.0	157.0	313.0	228.0	189.0	127.0	161.0	179.0	282.0	341.0	431.0	108.0	188.0	151.0	162.0	252.0	107.0	254.0	343.0	268.0	126.0	316.0	200.0	163.0	354.0	401.0	103.0	115.0	197.0	244.0	163.0	199.0	183.0	155.0	181.0	317.0	173.0	244.0	169.0	198.0	179.0	314.0	242.0	268.0	187.0	150.0	226.0	157.0	302.0	188.0	165.0	142.0	175.0	144.0	211.0	86.0	231.0	157.0	110.0	103.0	92.0	104.0	145.0	101.0	234.0	375.0	189.0	138.0	106.0	102.0	187.0	166.0	143.0	131.0	104.0	124.0	136.0	110.0	106.0	67.0	117.0
alpha_rarefaction_9001_2.txt	9001	2	128.0	137.0	312.0	64.0	367.0	173.0	174.0	145.0	166.0	313.0	175.0	307.0	222.0	197.0	126.0	156.0	182.0	298.0	352.0	415.0	101.0	196.0	143.0	152.0	257.0	110.0	273.0	356.0	271.0	129.0	314.0	196.0	170.0	336.0	384.0	109.0	114.0	198.0	247.0	145.0	219.0	178.0	140.0	179.0	304.0	177.0	228.0	160.0	193.0	184.0	322.0	232.0	257.0	192.0	170.0	228.0	170.0	302.0	188.0	163.0	148.0	171.0	149.0	207.0	86.0	225.0	173.0	106.0	108.0	80.0	97.0	142.0	91.0	245.0	389.0	192.0	147.0	110.0	95.0	173.0	151.0	141.0	127.0	121.0	127.0	125.0	101.0	108.0	65.0	95.0
alpha_rarefaction_9001_3.txt	9001	3	135.0	132.0	307.0	63.0	374.0	166.0	178.0	160.0	179.0	308.0	163.0	302.0	231.0	184.0	129.0	146.0	184.0	300.0	374.0	422.0	100.0	186.0	144.0	159.0	249.0	114.0	261.0	369.0	286.0	123.0	314.0	191.0	164.0	355.0	406.0	104.0	110.0	200.0	248.0	164.0	196.0	179.0	155.0	188.0	301.0	173.0	232.0	190.0	196.0	171.0	333.0	228.0	254.0	196.0	154.0	230.0	157.0	275.0	200.0	166.0	145.0	173.0	141.0	208.0	87.0	233.0	163.0	105.0	111.0	88.0	106.0	150.0	97.0	244.0	386.0	189.0	131.0	108.0	94.0	179.0	176.0	150.0	120.0	110.0	126.0	142.0	98.0	89.0	73.0	104.0
alpha_rarefaction_9001_4.txt	9001	4	125.0	135.0	302.0	69.0	371.0	187.0	171.0	166.0	171.0	298.0	165.0	316.0	222.0	168.0	123.0	163.0	178.0	300.0	353.0	404.0	106.0	186.0	152.0	154.0	241.0	105.0	266.0	354.0	295.0	128.0	325.0	198.0	163.0	353.0	392.0	110.0	115.0	192.0	243.0	157.0	200.0	166.0	163.0	176.0	326.0	173.0	244.0	167.0	205.0	161.0	318.0	238.0	254.0	197.0	148.0	224.0	166.0	294.0	184.0	183.0	145.0	166.0	143.0	217.0	87.0	235.0	179.0	108.0	100.0	90.0	108.0	143.0	96.0	238.0	398.0	183.0	142.0	116.0	95.0	188.0	161.0	165.0	120.0	109.0	108.0	133.0	110.0	104.0	70.0	110.0
alpha_rarefaction_9001_5.txt	9001	5	121.0	138.0	294.0	69.0	362.0	177.0	171.0	161.0	161.0	307.0	162.0	313.0	216.0	187.0	132.0	154.0	172.0	286.0	351.0	416.0	93.0	183.0	142.0	167.0	246.0	106.0	264.0	326.0	291.0	132.0	311.0	199.0	169.0	338.0	382.0	103.0	118.0	199.0	260.0	160.0	207.0	166.0	151.0	187.0	302.0	169.0	243.0	150.0	186.0	172.0	309.0	225.0	259.0	188.0	140.0	203.0	174.0	305.0	176.0	159.0	156.0	166.0	151.0	209.0	88.0	221.0	167.0	106.0	97.0	99.0	111.0	154.0	96.0	224.0	383.0	170.0	145.0	114.0	93.0	180.0	166.0	144.0	123.0	124.0	128.0	133.0	106.0	106.0	68.0	108.0
alpha_rarefaction_9001_6.txt	9001	6	120.0	131.0	310.0	70.0	369.0	188.0	186.0	143.0	176.0	292.0	169.0	319.0	245.0	193.0	132.0	148.0	183.0	313.0	361.0	417.0	100.0	172.0	157.0	170.0	269.0	107.0	272.0	358.0	263.0	119.0	306.0	189.0	169.0	336.0	382.0	98.0	118.0	194.0	246.0	162.0	208.0	181.0	160.0	173.0	315.0	166.0	228.0	155.0	185.0	170.0	331.0	232.0	259.0	200.0	153.0	219.0	165.0	304.0	190.0	165.0	141.0	172.0	148.0	205.0	87.0	217.0	167.0	107.0	103.0	98.0	96.0	157.0	101.0	235.0	393.0	192.0	137.0	105.0	89.0	188.0	173.0	153.0	124.0	117.0	119.0	138.0	110.0	96.0	69.0	108.0
alpha_rarefaction_9001_7.txt	9001	7	131.0	136.0	314.0	68.0	380.0	175.0	174.0	171.0	174.0	316.0	166.0	322.0	213.0	209.0	131.0	155.0	171.0	277.0	353.0	433.0	96.0	179.0	150.0	155.0	243.0	127.0	269.0	383.0	278.0	120.0	312.0	189.0	158.0	337.0	395.0	103.0	109.0	191.0	254.0	165.0	202.0	175.0	151.0	175.0	309.0	156.0	241.0	158.0	208.0	170.0	331.0	237.0	256.0	191.0	159.0	217.0	160.0	304.0	191.0	170.0	138.0	189.0	154.0	199.0	90.0	209.0	151.0	101.0	104.0	92.0	101.0	150.0	105.0	241.0	381.0	180.0	143.0	101.0	90.0	186.0	162.0	151.0	116.0	120.0	137.0	136.0	102.0	99.0	70.0	117.0
alpha_rarefaction_9001_8.txt	9001	8	130.0	146.0	304.0	68.0	363.0	182.0	192.0	153.0	164.0	307.0	156.0	307.0	236.0	187.0	124.0	161.0	173.0	292.0	354.0	429.0	104.0	177.0	163.0	168.0	255.0	122.0	261.0	360.0	291.0	119.0	310.0	201.0	158.0	332.0	405.0	98.0	112.0	190.0	235.0	158.0	206.0	174.0	154.0	180.0	308.0	166.0	237.0	171.0	193.0	169.0	341.0	227.0	258.0	199.0	151.0	212.0	162.0	312.0	180.0	173.0	134.0	159.0	139.0	210.0	90.0	227.0	168.0	100.0	114.0	87.0	109.0	153.0	110.0	241.0	386.0	191.0	121.0	100.0	90.0	168.0	174.0	138.0	120.0	115.0	119.0	140.0	106.0	93.0	68.0	102.0
alpha_rarefaction_9001_9.txt	9001	9	124.0	149.0	301.0	69.0	363.0	184.0	181.0	155.0	163.0	309.0	177.0	318.0	226.0	187.0	119.0	160.0	186.0	297.0	372.0	424.0	98.0	186.0	154.0	152.0	244.0	105.0	257.0	344.0	274.0	119.0	319.0	216.0	155.0	334.0	406.0	106.0	111.0	182.0	217.0	165.0	201.0	162.0	169.0	177.0	301.0	178.0	234.0	170.0	207.0	168.0	328.0	226.0	269.0	195.0	164.0	210.0	155.0	282.0	178.0	173.0	154.0	155.0	140.0	211.0	89.0	227.0	177.0	103.0	103.0	100.0	109.0	146.0	105.0	228.0	386.0	175.0	142.0	104.0	92.0	169.0	167.0	151.0	125.0	115.0	130.0	133.0	97.0	105.0	73.0	100.0
alpha_rarefaction_10000_0.txt	10000	0	126.0	154.0	322.0	69.0	361.0	180.0	217.0	163.0	179.0	319.0	183.0	341.0	226.0	195.0	139.0	168.0	189.0	319.0	378.0	460.0	104.0	190.0	159.0	168.0	275.0	107.0	289.0	351.0	283.0	124.0	319.0	216.0	173.0	361.0	422.0	108.0	133.0	215.0	263.0	175.0	219.0	164.0	161.0	180.0	330.0	177.0	265.0	180.0	215.0	168.0	346.0	248.0	275.0	208.0	161.0	214.0	167.0	298.0	188.0	187.0	155.0	169.0	156.0	219.0	85.0	233.0	177.0	118.0	111.0	93.0	104.0	156.0	106.0	240.0	407.0	201.0	154.0	103.0	96.0	177.0	172.0	153.0	140.0	119.0	128.0	139.0	102.0	107.0	75.0	106.0
alpha_rarefaction_10000_1.txt	10000	1	135.0	152.0	308.0	68.0	363.0	192.0	187.0	161.0	192.0	327.0	165.0	324.0	222.0	202.0	147.0	163.0	188.0	347.0	365.0	464.0	109.0	193.0	162.0	165.0	267.0	119.0	278.0	359.0	293.0	134.0	331.0	194.0	173.0	372.0	430.0	111.0	124.0	207.0	268.0	163.0	223.0	173.0	170.0	186.0	318.0	171.0	250.0	165.0	211.0	176.0	340.0	241.0	269.0	208.0	162.0	228.0	175.0	298.0	194.0	174.0	158.0	180.0	154.0	222.0	96.0	248.0	175.0	107.0	107.0	94.0	105.0	164.0	103.0	251.0	395.0	193.0	153.0	116.0	103.0	193.0	164.0	156.0	129.0	112.0	139.0	135.0	109.0	109.0	71.0	100.0
alpha_rarefaction_10000_2.txt	10000	2	130.0	152.0	315.0	72.0	390.0	195.0	197.0	171.0	181.0	319.0	173.0	338.0	230.0	194.0	134.0	169.0	197.0	314.0	373.0	440.0	109.0	206.0	156.0	166.0	278.0	114.0	270.0	368.0	289.0	114.0	323.0	214.0	166.0	368.0	435.0	107.0	124.0	181.0	246.0	178.0	217.0	191.0	166.0	184.0	318.0	165.0	261.0	182.0	200.0	168.0	324.0	237.0	274.0	201.0	154.0	239.0	177.0	306.0	180.0	171.0	150.0	181.0	133.0	223.0	99.0	233.0	168.0	109.0	113.0	99.0	119.0	157.0	103.0	250.0	399.0	201.0	149.0	115.0	103.0	198.0	151.0	153.0	127.0	123.0	126.0	135.0	118.0	103.0	70.0	117.0
alpha_rarefaction_10000_3.txt	10000	3	135.0	152.0	313.0	72.0	369.0	185.0	174.0	169.0	185.0	340.0	176.0	327.0	227.0	200.0	139.0	161.0	172.0	316.0	366.0	457.0	101.0	193.0	146.0	171.0	260.0	121.0	276.0	382.0	302.0	145.0	329.0	219.0	174.0	345.0	409.0	108.0	118.0	219.0	264.0	173.0	225.0	174.0	164.0	171.0	334.0	187.0	250.0	172.0	218.0	182.0	356.0	238.0	277.0	209.0	157.0	228.0	173.0	310.0	196.0	181.0	154.0	179.0	143.0	222.0	92.0	244.0	183.0	110.0	104.0	91.0	106.0	154.0	105.0	247.0	414.0	192.0	145.0	110.0	102.0	184.0	175.0	146.0	127.0	125.0	125.0	146.0	116.0	102.0	73.0	111.0
alpha_rarefaction_10000_4.txt	10000	4	138.0	150.0	322.0	69.0	388.0	195.0	187.0	172.0	183.0	318.0	167.0	304.0	228.0	189.0	135.0	168.0	186.0	304.0	364.0	452.0	95.0	189.0	157.0	173.0	256.0	125.0	269.0	381.0	288.0	126.0	302.0	212.0	176.0	374.0	414.0	108.0	124.0	217.0	263.0	162.0	220.0	178.0	166.0	194.0	320.0	174.0	259.0	169.0	221.0	172.0	341.0	246.0	270.0	201.0	166.0	240.0	171.0	333.0	199.0	192.0	140.0	180.0	148.0	217.0	91.0	252.0	176.0	105.0	112.0	88.0	111.0	161.0	107.0	252.0	408.0	195.0	158.0	118.0	99.0	193.0	170.0	153.0	113.0	120.0	119.0	142.0	111.0	109.0	76.0	106.0
alpha_rarefaction_10000_5.txt	10000	5	134.0	148.0	323.0	72.0	386.0	186.0	187.0	161.0	176.0	324.0	173.0	326.0	237.0	209.0	141.0	173.0	185.0	295.0	380.0	461.0	99.0	198.0	163.0	156.0	262.0	129.0	283.0	362.0	298.0	136.0	335.0	211.0	163.0	369.0	419.0	108.0	114.0	195.0	247.0	174.0	218.0	196.0	171.0	183.0	322.0	184.0	258.0	184.0	214.0	178.0	321.0	243.0	277.0	198.0	164.0	229.0	169.0	324.0	185.0	190.0	154.0	174.0	156.0	225.0	92.0	248.0	159.0	113.0	107.0	107.0	111.0	147.0	113.0	252.0	400.0	199.0	144.0	112.0	103.0	192.0	162.0	146.0	122.0	121.0	132.0	147.0	109.0	95.0	73.0	114.0
alpha_rarefaction_10000_6.txt	10000	6	134.0	139.0	310.0	72.0	389.0	191.0	184.0	169.0	176.0	308.0	168.0	322.0	229.0	198.0	142.0	181.0	188.0	305.0	368.0	450.0	108.0	192.0	163.0	165.0	275.0	118.0	284.0	364.0	286.0	127.0	316.0	210.0	169.0	353.0	418.0	112.0	126.0	208.0	239.0	172.0	223.0	189.0	158.0	189.0	321.0	197.0	260.0	170.0	215.0	183.0	331.0	250.0	262.0	211.0	151.0	217.0	157.0	319.0	194.0	189.0	161.0	171.0	165.0	223.0	92.0	231.0	181.0	116.0	98.0	97.0	111.0	154.0	109.0	252.0	418.0	197.0	149.0	115.0	99.0	189.0	185.0	159.0	130.0	113.0	134.0	142.0	116.0	102.0	70.0	113.0
alpha_rarefaction_10000_7.txt	10000	7	134.0	146.0	322.0	74.0	384.0	194.0	185.0	164.0	173.0	311.0	179.0	338.0	231.0	200.0	151.0	156.0	178.0	298.0	363.0	453.0	112.0	193.0	168.0	166.0	272.0	120.0	278.0	341.0	283.0	134.0	316.0	197.0	169.0	348.0	429.0	115.0	121.0	206.0	251.0	190.0	219.0	187.0	149.0	193.0	333.0	165.0	250.0	182.0	203.0	168.0	353.0	230.0	276.0	198.0	165.0	235.0	169.0	334.0	184.0	178.0	155.0	185.0	154.0	230.0	93.0	236.0	171.0	99.0	116.0	93.0	99.0	149.0	112.0	249.0	414.0	199.0	151.0	102.0	104.0	186.0	171.0	149.0	127.0	107.0	137.0	150.0	110.0	104.0	66.0	119.0
alpha_rarefaction_10000_8.txt	10000	8	131.0	151.0	316.0	74.0	381.0	182.0	178.0	177.0	189.0	316.0	167.0	310.0	240.0	197.0	121.0	172.0	188.0	320.0	367.0	462.0	103.0	197.0	169.0	153.0	267.0	118.0	284.0	355.0	297.0	130.0	324.0	208.0	162.0	367.0	412.0	107.0	127.0	212.0	254.0	183.0	210.0	172.0	166.0	181.0	334.0	192.0	258.0	180.0	207.0	177.0	324.0	247.0	274.0	202.0	160.0	229.0	172.0	302.0	181.0	187.0	142.0	184.0	155.0	224.0	91.0	228.0	181.0	110.0	109.0	99.0	109.0	165.0	100.0	247.0	408.0	188.0	145.0	103.0	102.0	191.0	164.0	144.0	135.0	118.0	135.0	139.0	103.0	101.0	79.0	120.0
alpha_rarefaction_10000_9.txt	10000	9	126.0	154.0	299.0	73.0	381.0	181.0	186.0	156.0	192.0	324.0	173.0	321.0	224.0	193.0	129.0	172.0	183.0	297.0	362.0	444.0	103.0	196.0	152.0	168.0	248.0	120.0	281.0	380.0	298.0	141.0	317.0	216.0	160.0	356.0	423.0	106.0	127.0	207.0	253.0	175.0	217.0	184.0	152.0	179.0	334.0	185.0	251.0	175.0	222.0	173.0	344.0	247.0	278.0	208.0	162.0	231.0	159.0	329.0	188.0	179.0	155.0	173.0	154.0	227.0	91.0	238.0	182.0	106.0	111.0	96.0	124.0	156.0	100.0	251.0	414.0	201.0	144.0	115.0	97.0	188.0	178.0	157.0	130.0	125.0	131.0	130.0	103.0	105.0	77.0	104.0